"x","y","z"
52,128,62
53,125,61
53,125,62
53,128,61
53,128,62
53,128,63
53,128,64
53,129,63
53,129,64
53,131,62
53,131,63
53,132,62
54,127,58
54,127,59
54,128,60
54,128,61
54,128,62
54,128,63
54,128,64
54,128,65
54,129,63
54,129,64
54,129,65
54,130,63
54,130,64
54,131,61
54,131,62
54,131,63
54,131,64
54,132,61
54,132,62
54,132,63
55,125,57
55,126,58
55,126,66
55,127,57
55,127,58
55,127,59
55,127,60
55,127,61
55,127,62
55,127,63
55,127,64
55,127,65
55,127,66
55,127,67
55,128,58
55,128,59
55,128,60
55,128,61
55,128,62
55,128,63
55,128,64
55,128,65
55,128,66
55,129,62
55,129,63
55,129,64
55,129,65
55,129,66
55,130,62
55,130,63
55,130,64
55,130,65
55,130,66
55,131,60
55,131,61
55,131,62
55,131,63
55,131,64
55,131,65
55,132,60
55,132,61
55,132,62
55,132,63
55,132,64
55,133,60
55,133,61
55,133,62
55,133,63
55,134,60
55,134,61
55,134,62
56,122,55
56,124,55
56,124,56
56,124,57
56,124,58
56,124,59
56,124,60
56,124,61
56,124,62
56,124,63
56,124,64
56,124,65
56,124,66
56,124,67
56,125,55
56,125,56
56,125,57
56,125,58
56,125,59
56,125,60
56,125,61
56,125,62
56,125,63
56,125,64
56,125,65
56,125,66
56,125,67
56,125,68
56,126,57
56,126,58
56,126,59
56,126,60
56,126,61
56,126,62
56,126,63
56,126,64
56,126,65
56,126,66
56,126,67
56,126,68
56,127,57
56,127,58
56,127,59
56,127,60
56,127,61
56,127,62
56,127,63
56,127,64
56,127,65
56,127,66
56,127,67
56,127,68
56,128,56
56,128,57
56,128,58
56,128,59
56,128,60
56,128,61
56,128,62
56,128,63
56,128,64
56,128,65
56,128,66
56,128,67
56,128,68
56,129,61
56,129,62
56,129,63
56,129,64
56,129,65
56,129,66
56,129,67
56,130,61
56,130,62
56,130,63
56,130,64
56,130,65
56,130,66
56,130,67
56,131,58
56,131,59
56,131,60
56,131,61
56,131,62
56,131,63
56,131,64
56,131,65
56,131,66
56,132,59
56,132,60
56,132,61
56,132,62
56,132,63
56,132,64
56,132,65
56,133,59
56,133,60
56,133,61
56,133,62
56,133,63
56,133,64
56,134,59
56,134,60
56,134,61
56,134,62
56,135,60
56,135,61
57,116,53
57,116,54
57,121,55
57,122,54
57,122,55
57,122,56
57,122,57
57,122,58
57,122,59
57,122,60
57,122,61
57,122,62
57,122,63
57,122,64
57,122,65
57,122,66
57,122,67
57,122,68
57,123,55
57,123,56
57,123,57
57,123,58
57,123,59
57,123,60
57,123,61
57,123,62
57,123,63
57,123,64
57,123,65
57,123,66
57,123,67
57,123,68
57,124,55
57,124,56
57,124,57
57,124,58
57,124,59
57,124,60
57,124,61
57,124,62
57,124,63
57,124,64
57,124,65
57,124,66
57,124,67
57,124,68
57,124,69
57,125,55
57,125,56
57,125,57
57,125,58
57,125,59
57,125,60
57,125,61
57,125,62
57,125,63
57,125,64
57,125,65
57,125,66
57,125,67
57,125,68
57,125,69
57,126,57
57,126,58
57,126,59
57,126,60
57,126,61
57,126,62
57,126,63
57,126,64
57,126,65
57,126,66
57,126,67
57,126,68
57,126,69
57,127,57
57,127,58
57,127,59
57,127,60
57,127,61
57,127,62
57,127,63
57,127,64
57,127,65
57,127,66
57,127,67
57,127,68
57,127,69
57,128,55
57,128,56
57,128,57
57,128,58
57,128,59
57,128,60
57,128,61
57,128,62
57,128,63
57,128,64
57,128,65
57,128,66
57,128,67
57,128,68
57,128,69
57,129,60
57,129,61
57,129,62
57,129,63
57,129,64
57,129,65
57,129,66
57,129,67
57,129,68
57,130,60
57,130,61
57,130,62
57,130,63
57,130,64
57,130,65
57,130,66
57,130,67
57,130,68
57,131,57
57,131,58
57,131,59
57,131,60
57,131,61
57,131,62
57,131,63
57,131,64
57,131,65
57,131,66
57,131,67
57,132,58
57,132,59
57,132,60
57,132,61
57,132,62
57,132,63
57,132,64
57,132,65
57,132,66
57,133,58
57,133,59
57,133,60
57,133,61
57,133,62
57,133,63
57,133,64
57,133,65
57,134,59
57,134,60
57,134,61
57,134,62
57,134,63
57,135,59
57,135,60
57,135,61
57,135,62
58,113,53
58,115,53
58,116,53
58,116,54
58,116,55
58,118,54
58,118,55
58,118,56
58,119,55
58,119,56
58,120,54
58,120,55
58,120,65
58,120,66
58,121,54
58,121,55
58,121,56
58,121,57
58,121,58
58,121,59
58,121,60
58,121,61
58,121,62
58,121,63
58,121,64
58,121,65
58,121,66
58,121,67
58,122,55
58,122,56
58,122,57
58,122,58
58,122,59
58,122,60
58,122,61
58,122,62
58,122,63
58,122,64
58,122,65
58,122,66
58,122,67
58,122,68
58,123,55
58,123,56
58,123,57
58,123,58
58,123,59
58,123,60
58,123,61
58,123,62
58,123,63
58,123,64
58,123,65
58,123,66
58,123,67
58,123,68
58,123,69
58,124,56
58,124,57
58,124,58
58,124,59
58,124,60
58,124,61
58,124,62
58,124,63
58,124,64
58,124,65
58,124,66
58,124,67
58,124,68
58,124,69
58,124,70
58,125,56
58,125,57
58,125,58
58,125,59
58,125,60
58,125,61
58,125,62
58,125,63
58,125,64
58,125,65
58,125,66
58,125,67
58,125,68
58,125,69
58,125,70
58,126,57
58,126,58
58,126,59
58,126,60
58,126,61
58,126,62
58,126,63
58,126,64
58,126,65
58,126,66
58,126,67
58,126,68
58,126,69
58,126,70
58,127,58
58,127,59
58,127,60
58,127,61
58,127,62
58,127,63
58,127,64
58,127,65
58,127,66
58,127,67
58,127,68
58,127,69
58,127,70
58,128,54
58,128,55
58,128,56
58,128,57
58,128,58
58,128,59
58,128,60
58,128,61
58,128,62
58,128,63
58,128,64
58,128,65
58,128,66
58,128,67
58,128,68
58,128,69
58,128,70
58,129,58
58,129,59
58,129,60
58,129,61
58,129,62
58,129,63
58,129,64
58,129,65
58,129,66
58,129,67
58,129,68
58,129,69
58,130,59
58,130,60
58,130,61
58,130,62
58,130,63
58,130,64
58,130,65
58,130,66
58,130,67
58,130,68
58,130,69
58,131,56
58,131,57
58,131,58
58,131,59
58,131,60
58,131,61
58,131,62
58,131,63
58,131,64
58,131,65
58,131,66
58,131,67
58,131,68
58,132,57
58,132,58
58,132,59
58,132,60
58,132,61
58,132,62
58,132,63
58,132,64
58,132,65
58,132,66
58,132,67
58,133,57
58,133,58
58,133,59
58,133,60
58,133,61
58,133,62
58,133,63
58,133,64
58,133,65
58,133,66
58,134,58
58,134,59
58,134,60
58,134,61
58,134,62
58,134,63
58,134,64
58,135,59
58,135,60
58,135,61
59,113,53
59,113,54
59,115,53
59,115,54
59,116,53
59,116,54
59,116,55
59,118,53
59,118,54
59,118,55
59,118,56
59,118,57
59,119,54
59,119,55
59,119,56
59,119,57
59,119,58
59,119,59
59,120,54
59,120,55
59,120,56
59,120,57
59,120,58
59,120,59
59,120,60
59,120,61
59,120,62
59,120,63
59,120,64
59,120,65
59,120,66
59,120,67
59,121,55
59,121,56
59,121,57
59,121,58
59,121,59
59,121,60
59,121,61
59,121,62
59,121,63
59,121,64
59,121,65
59,121,66
59,121,67
59,121,68
59,122,55
59,122,56
59,122,57
59,122,58
59,122,59
59,122,60
59,122,61
59,122,62
59,122,63
59,122,64
59,122,65
59,122,66
59,122,67
59,122,68
59,122,69
59,123,56
59,123,57
59,123,58
59,123,59
59,123,60
59,123,61
59,123,62
59,123,63
59,123,64
59,123,65
59,123,66
59,123,67
59,123,68
59,123,69
59,123,70
59,124,57
59,124,58
59,124,59
59,124,60
59,124,61
59,124,62
59,124,63
59,124,64
59,124,65
59,124,66
59,124,67
59,124,68
59,124,69
59,124,70
59,125,57
59,125,58
59,125,59
59,125,60
59,125,61
59,125,62
59,125,63
59,125,64
59,125,65
59,125,66
59,125,67
59,125,68
59,125,69
59,125,70
59,125,71
59,126,54
59,126,55
59,126,59
59,126,60
59,126,61
59,126,62
59,126,63
59,126,64
59,126,65
59,126,66
59,126,67
59,126,68
59,126,69
59,126,70
59,127,60
59,127,61
59,127,62
59,127,63
59,127,64
59,127,65
59,127,66
59,127,67
59,127,68
59,127,69
59,127,70
59,127,71
59,128,53
59,128,54
59,128,55
59,128,56
59,128,57
59,128,58
59,128,59
59,128,60
59,128,61
59,128,62
59,128,63
59,128,64
59,128,65
59,128,66
59,128,67
59,128,68
59,128,69
59,128,70
59,128,71
59,129,57
59,129,58
59,129,59
59,129,60
59,129,61
59,129,62
59,129,63
59,129,64
59,129,65
59,129,66
59,129,67
59,129,68
59,129,69
59,129,70
59,130,58
59,130,59
59,130,60
59,130,61
59,130,62
59,130,63
59,130,64
59,130,65
59,130,66
59,130,67
59,130,68
59,130,69
59,130,70
59,131,55
59,131,56
59,131,57
59,131,58
59,131,59
59,131,60
59,131,61
59,131,62
59,131,63
59,131,64
59,131,65
59,131,66
59,131,67
59,131,68
59,131,69
59,132,57
59,132,58
59,132,59
59,132,60
59,132,61
59,132,62
59,132,63
59,132,64
59,132,65
59,132,66
59,132,67
59,132,68
59,133,57
59,133,58
59,133,59
59,133,60
59,133,61
59,133,62
59,133,63
59,133,64
59,133,65
59,133,66
59,133,67
59,134,58
59,134,59
59,134,60
59,134,61
59,134,62
59,134,63
59,134,64
59,134,65
59,135,59
59,135,60
59,135,61
59,135,62
60,110,53
60,112,53
60,113,53
60,113,54
60,113,55
60,114,53
60,115,53
60,115,54
60,116,53
60,116,54
60,116,55
60,117,55
60,118,54
60,118,55
60,118,56
60,118,57
60,119,54
60,119,55
60,119,56
60,119,57
60,119,58
60,119,59
60,119,60
60,119,61
60,119,62
60,119,63
60,120,55
60,120,56
60,120,57
60,120,58
60,120,59
60,120,60
60,120,61
60,120,62
60,120,63
60,120,64
60,120,65
60,120,66
60,120,67
60,120,68
60,121,55
60,121,56
60,121,57
60,121,58
60,121,59
60,121,60
60,121,61
60,121,62
60,121,63
60,121,64
60,121,65
60,121,66
60,121,67
60,121,68
60,121,69
60,122,56
60,122,57
60,122,58
60,122,59
60,122,60
60,122,61
60,122,62
60,122,63
60,122,64
60,122,65
60,122,66
60,122,67
60,122,68
60,122,69
60,122,70
60,123,57
60,123,58
60,123,59
60,123,60
60,123,61
60,123,62
60,123,63
60,123,64
60,123,65
60,123,66
60,123,67
60,123,68
60,123,69
60,123,70
60,124,59
60,124,60
60,124,61
60,124,62
60,124,63
60,124,64
60,124,65
60,124,66
60,124,67
60,124,68
60,124,69
60,124,70
60,124,71
60,125,59
60,125,60
60,125,61
60,125,62
60,125,63
60,125,64
60,125,65
60,125,66
60,125,67
60,125,68
60,125,69
60,125,70
60,125,71
60,126,54
60,126,55
60,126,56
60,126,57
60,126,60
60,126,61
60,126,62
60,126,63
60,126,64
60,126,65
60,126,66
60,126,67
60,126,68
60,126,69
60,126,70
60,126,71
60,127,58
60,127,62
60,127,63
60,127,64
60,127,65
60,127,66
60,127,67
60,127,68
60,127,69
60,127,70
60,127,71
60,127,72
60,128,53
60,128,54
60,128,55
60,128,56
60,128,57
60,128,58
60,128,59
60,128,60
60,128,61
60,128,62
60,128,63
60,128,64
60,128,65
60,128,66
60,128,67
60,128,68
60,128,69
60,128,70
60,128,71
60,129,56
60,129,57
60,129,58
60,129,59
60,129,60
60,129,61
60,129,62
60,129,63
60,129,64
60,129,65
60,129,66
60,129,67
60,129,68
60,129,69
60,129,70
60,129,71
60,130,57
60,130,58
60,130,59
60,130,60
60,130,61
60,130,62
60,130,63
60,130,64
60,130,65
60,130,66
60,130,67
60,130,68
60,130,69
60,130,70
60,130,71
60,131,55
60,131,56
60,131,57
60,131,58
60,131,59
60,131,60
60,131,61
60,131,62
60,131,63
60,131,64
60,131,65
60,131,66
60,131,67
60,131,68
60,131,69
60,131,70
60,132,57
60,132,58
60,132,59
60,132,60
60,132,61
60,132,62
60,132,63
60,132,64
60,132,65
60,132,66
60,132,67
60,132,68
60,132,69
60,133,57
60,133,58
60,133,59
60,133,60
60,133,61
60,133,62
60,133,63
60,133,64
60,133,65
60,133,66
60,133,67
60,133,68
60,134,59
60,134,60
60,134,61
60,134,62
60,134,63
60,134,64
60,134,65
60,134,66
60,135,60
60,135,61
61,110,53
61,110,54
61,112,53
61,112,54
61,113,53
61,113,54
61,113,55
61,114,53
61,114,54
61,115,53
61,115,54
61,116,53
61,116,54
61,116,55
61,116,56
61,116,57
61,117,54
61,117,55
61,117,56
61,118,54
61,118,55
61,118,56
61,118,57
61,118,58
61,118,59
61,119,55
61,119,56
61,119,57
61,119,58
61,119,59
61,119,60
61,119,61
61,119,62
61,119,63
61,119,64
61,119,65
61,119,66
61,119,67
61,119,68
61,120,55
61,120,56
61,120,57
61,120,58
61,120,59
61,120,60
61,120,61
61,120,62
61,120,63
61,120,64
61,120,65
61,120,66
61,120,67
61,120,68
61,120,69
61,121,56
61,121,57
61,121,58
61,121,59
61,121,60
61,121,61
61,121,62
61,121,63
61,121,64
61,121,65
61,121,66
61,121,67
61,121,68
61,121,69
61,121,70
61,122,58
61,122,59
61,122,60
61,122,61
61,122,62
61,122,63
61,122,64
61,122,65
61,122,66
61,122,67
61,122,68
61,122,69
61,122,70
61,123,59
61,123,60
61,123,61
61,123,62
61,123,63
61,123,64
61,123,65
61,123,66
61,123,67
61,123,68
61,123,69
61,123,70
61,123,71
61,124,61
61,124,62
61,124,63
61,124,64
61,124,65
61,124,66
61,124,67
61,124,68
61,124,69
61,124,70
61,124,71
61,125,61
61,125,62
61,125,63
61,125,64
61,125,65
61,125,66
61,125,67
61,125,68
61,125,69
61,125,70
61,125,71
61,125,72
61,126,54
61,126,55
61,126,56
61,126,57
61,126,58
61,126,59
61,126,62
61,126,63
61,126,64
61,126,65
61,126,66
61,126,67
61,126,68
61,126,69
61,126,70
61,126,71
61,126,72
61,127,58
61,127,59
61,127,60
61,127,61
61,127,62
61,127,63
61,127,64
61,127,65
61,127,66
61,127,67
61,127,68
61,127,69
61,127,70
61,127,71
61,127,72
61,128,55
61,128,56
61,128,57
61,128,58
61,128,59
61,128,60
61,128,61
61,128,62
61,128,63
61,128,64
61,128,65
61,128,66
61,128,67
61,128,68
61,128,69
61,128,70
61,128,71
61,128,72
61,129,55
61,129,56
61,129,57
61,129,58
61,129,59
61,129,60
61,129,61
61,129,62
61,129,63
61,129,64
61,129,65
61,129,66
61,129,67
61,129,68
61,129,69
61,129,70
61,129,71
61,129,72
61,130,56
61,130,57
61,130,58
61,130,59
61,130,60
61,130,61
61,130,62
61,130,63
61,130,64
61,130,65
61,130,66
61,130,67
61,130,68
61,130,69
61,130,70
61,130,71
61,131,55
61,131,56
61,131,57
61,131,58
61,131,59
61,131,60
61,131,61
61,131,62
61,131,63
61,131,64
61,131,65
61,131,66
61,131,67
61,131,68
61,131,69
61,132,59
61,132,60
61,132,61
61,132,62
61,132,63
61,132,64
61,132,65
61,132,66
61,132,67
61,132,68
61,133,59
61,133,60
61,133,61
61,133,62
61,133,63
61,133,64
61,133,65
61,133,66
61,133,67
61,133,68
61,134,60
61,134,61
61,134,62
61,134,63
61,134,64
61,134,65
61,134,66
61,135,61
61,135,62
61,135,63
62,110,53
62,110,54
62,110,55
62,111,54
62,111,55
62,111,56
62,112,53
62,112,54
62,112,55
62,113,53
62,113,54
62,113,55
62,113,56
62,114,53
62,114,54
62,114,55
62,115,53
62,115,54
62,115,55
62,115,56
62,115,57
62,116,54
62,116,55
62,116,56
62,116,57
62,117,54
62,117,55
62,117,56
62,117,57
62,117,58
62,117,59
62,117,60
62,118,54
62,118,55
62,118,56
62,118,57
62,118,58
62,118,59
62,118,60
62,118,61
62,118,62
62,118,63
62,118,64
62,118,65
62,118,66
62,118,67
62,118,68
62,119,55
62,119,56
62,119,57
62,119,58
62,119,59
62,119,60
62,119,61
62,119,62
62,119,63
62,119,64
62,119,65
62,119,66
62,119,67
62,119,68
62,119,69
62,120,56
62,120,57
62,120,58
62,120,59
62,120,60
62,120,61
62,120,62
62,120,63
62,120,64
62,120,65
62,120,66
62,120,67
62,120,68
62,120,69
62,120,70
62,121,58
62,121,59
62,121,60
62,121,61
62,121,62
62,121,63
62,121,64
62,121,65
62,121,66
62,121,67
62,121,68
62,121,69
62,121,70
62,121,71
62,122,59
62,122,60
62,122,61
62,122,62
62,122,63
62,122,64
62,122,65
62,122,66
62,122,67
62,122,68
62,122,69
62,122,70
62,122,71
62,123,61
62,123,62
62,123,63
62,123,64
62,123,65
62,123,66
62,123,67
62,123,68
62,123,69
62,123,70
62,123,71
62,123,72
62,124,62
62,124,63
62,124,64
62,124,65
62,124,66
62,124,67
62,124,68
62,124,69
62,124,70
62,124,71
62,124,72
62,125,63
62,125,64
62,125,65
62,125,66
62,125,67
62,125,68
62,125,69
62,125,70
62,125,71
62,125,72
62,126,55
62,126,56
62,126,57
62,126,58
62,126,59
62,126,60
62,126,61
62,126,62
62,126,63
62,126,64
62,126,65
62,126,66
62,126,67
62,126,68
62,126,69
62,126,70
62,126,71
62,126,72
62,127,57
62,127,58
62,127,59
62,127,60
62,127,61
62,127,62
62,127,63
62,127,64
62,127,65
62,127,66
62,127,67
62,127,68
62,127,69
62,127,70
62,127,71
62,127,72
62,128,56
62,128,57
62,128,58
62,128,59
62,128,60
62,128,61
62,128,62
62,128,63
62,128,64
62,128,65
62,128,66
62,128,67
62,128,68
62,128,69
62,128,70
62,128,71
62,128,72
62,129,56
62,129,57
62,129,58
62,129,59
62,129,60
62,129,61
62,129,62
62,129,63
62,129,64
62,129,65
62,129,66
62,129,67
62,129,68
62,129,69
62,129,70
62,129,71
62,129,72
62,130,56
62,130,57
62,130,58
62,130,59
62,130,60
62,130,61
62,130,62
62,130,63
62,130,64
62,130,65
62,130,66
62,130,67
62,130,68
62,130,69
62,130,70
62,130,71
62,130,72
62,131,57
62,131,58
62,131,59
62,131,60
62,131,61
62,131,62
62,131,63
62,131,64
62,131,65
62,131,66
62,131,67
62,132,60
62,132,61
62,132,62
62,132,63
62,132,64
62,132,65
62,132,66
62,132,67
62,132,71
62,133,61
62,133,62
62,133,63
62,133,64
62,133,65
62,133,66
62,133,67
62,133,71
62,134,61
62,134,62
62,134,63
62,134,64
62,135,62
62,135,63
63,110,53
63,110,54
63,110,55
63,111,53
63,111,54
63,111,55
63,111,56
63,112,53
63,112,54
63,112,55
63,112,56
63,112,57
63,113,53
63,113,54
63,113,55
63,113,56
63,113,57
63,114,53
63,114,54
63,114,55
63,114,56
63,114,57
63,115,53
63,115,54
63,115,55
63,115,56
63,115,57
63,115,58
63,116,54
63,116,55
63,116,56
63,116,57
63,116,58
63,116,59
63,117,54
63,117,55
63,117,56
63,117,57
63,117,58
63,117,59
63,117,60
63,117,61
63,117,62
63,117,63
63,117,64
63,117,65
63,118,55
63,118,56
63,118,57
63,118,58
63,118,59
63,118,60
63,118,61
63,118,62
63,118,63
63,118,64
63,118,65
63,118,66
63,118,67
63,118,68
63,118,69
63,119,56
63,119,57
63,119,58
63,119,59
63,119,60
63,119,61
63,119,62
63,119,63
63,119,64
63,119,65
63,119,66
63,119,67
63,119,68
63,119,69
63,119,70
63,120,57
63,120,58
63,120,59
63,120,60
63,120,61
63,120,62
63,120,63
63,120,64
63,120,65
63,120,66
63,120,67
63,120,68
63,120,69
63,120,70
63,120,71
63,121,59
63,121,60
63,121,61
63,121,62
63,121,63
63,121,64
63,121,65
63,121,66
63,121,67
63,121,68
63,121,69
63,121,70
63,121,71
63,121,72
63,122,61
63,122,62
63,122,63
63,122,64
63,122,65
63,122,66
63,122,67
63,122,68
63,122,69
63,122,70
63,122,71
63,122,72
63,123,63
63,123,64
63,123,65
63,123,66
63,123,67
63,123,68
63,123,69
63,123,70
63,123,71
63,123,72
63,124,63
63,124,64
63,124,65
63,124,66
63,124,67
63,124,68
63,124,69
63,124,70
63,124,71
63,124,72
63,124,73
63,125,65
63,125,66
63,125,67
63,125,68
63,125,69
63,125,70
63,125,71
63,125,72
63,125,73
63,126,56
63,126,57
63,126,58
63,126,59
63,126,60
63,126,61
63,126,62
63,126,63
63,126,64
63,126,65
63,126,66
63,126,67
63,126,68
63,126,69
63,126,70
63,126,71
63,126,72
63,126,73
63,127,55
63,127,56
63,127,57
63,127,58
63,127,59
63,127,60
63,127,61
63,127,62
63,127,63
63,127,64
63,127,65
63,127,66
63,127,67
63,127,68
63,127,69
63,127,70
63,127,71
63,127,72
63,127,73
63,128,57
63,128,58
63,128,59
63,128,60
63,128,61
63,128,62
63,128,63
63,128,64
63,128,65
63,128,66
63,128,67
63,128,68
63,128,69
63,128,70
63,128,71
63,128,72
63,128,73
63,129,58
63,129,59
63,129,60
63,129,61
63,129,62
63,129,63
63,129,64
63,129,65
63,129,66
63,129,67
63,129,68
63,129,69
63,129,70
63,129,71
63,129,72
63,129,73
63,130,58
63,130,59
63,130,60
63,130,61
63,130,62
63,130,63
63,130,64
63,130,65
63,130,66
63,130,67
63,130,68
63,130,69
63,130,70
63,130,71
63,130,72
63,130,73
63,131,58
63,131,59
63,131,60
63,131,61
63,131,62
63,131,63
63,131,64
63,131,65
63,131,66
63,131,72
63,132,63
63,132,64
63,132,65
63,132,66
63,132,71
63,132,72
63,133,62
63,133,63
63,133,64
63,133,65
63,133,71
63,133,72
63,134,62
63,134,63
63,134,64
63,134,70
63,134,71
63,134,72
63,135,68
63,135,69
63,135,70
63,135,71
63,136,68
63,136,69
63,136,70
64,110,53
64,110,54
64,110,55
64,110,56
64,111,53
64,111,54
64,111,55
64,111,56
64,111,57
64,112,53
64,112,54
64,112,55
64,112,56
64,112,57
64,112,58
64,113,53
64,113,54
64,113,55
64,113,56
64,113,57
64,113,58
64,114,54
64,114,55
64,114,56
64,114,57
64,114,58
64,115,54
64,115,55
64,115,56
64,115,57
64,115,58
64,115,59
64,116,54
64,116,55
64,116,56
64,116,57
64,116,58
64,116,59
64,116,60
64,116,61
64,117,55
64,117,56
64,117,57
64,117,58
64,117,59
64,117,60
64,117,61
64,117,62
64,117,63
64,117,64
64,117,65
64,117,66
64,117,67
64,117,68
64,117,69
64,118,56
64,118,57
64,118,58
64,118,59
64,118,60
64,118,61
64,118,62
64,118,63
64,118,64
64,118,65
64,118,66
64,118,67
64,118,68
64,118,69
64,118,70
64,119,57
64,119,58
64,119,59
64,119,60
64,119,61
64,119,62
64,119,63
64,119,64
64,119,65
64,119,66
64,119,67
64,119,68
64,119,69
64,119,70
64,119,71
64,120,58
64,120,59
64,120,60
64,120,61
64,120,62
64,120,63
64,120,64
64,120,65
64,120,66
64,120,67
64,120,68
64,120,69
64,120,70
64,120,71
64,121,60
64,121,61
64,121,62
64,121,63
64,121,64
64,121,65
64,121,66
64,121,67
64,121,68
64,121,69
64,121,70
64,121,71
64,121,72
64,122,62
64,122,63
64,122,64
64,122,65
64,122,66
64,122,67
64,122,68
64,122,69
64,122,70
64,122,71
64,122,72
64,123,64
64,123,65
64,123,66
64,123,67
64,123,68
64,123,69
64,123,70
64,123,71
64,123,72
64,123,73
64,124,64
64,124,65
64,124,66
64,124,67
64,124,68
64,124,69
64,124,70
64,124,71
64,124,72
64,124,73
64,125,66
64,125,67
64,125,68
64,125,69
64,125,70
64,125,71
64,125,72
64,125,73
64,126,57
64,126,58
64,126,59
64,126,60
64,126,61
64,126,62
64,126,63
64,126,64
64,126,65
64,126,66
64,126,67
64,126,68
64,126,69
64,126,70
64,126,71
64,126,72
64,126,73
64,127,58
64,127,59
64,127,60
64,127,61
64,127,62
64,127,63
64,127,64
64,127,65
64,127,66
64,127,67
64,127,68
64,127,69
64,127,70
64,127,71
64,127,72
64,127,73
64,128,58
64,128,59
64,128,60
64,128,61
64,128,62
64,128,63
64,128,64
64,128,65
64,128,66
64,128,67
64,128,68
64,128,69
64,128,70
64,128,71
64,128,72
64,128,73
64,129,60
64,129,61
64,129,62
64,129,63
64,129,64
64,129,65
64,129,66
64,129,67
64,129,68
64,129,69
64,129,70
64,129,71
64,129,72
64,129,73
64,130,61
64,130,62
64,130,63
64,130,64
64,130,65
64,130,66
64,130,67
64,130,68
64,130,69
64,130,70
64,130,71
64,130,72
64,130,73
64,131,60
64,131,61
64,131,62
64,131,63
64,131,64
64,131,65
64,131,70
64,131,71
64,131,72
64,131,73
64,132,64
64,132,70
64,132,71
64,132,72
64,132,73
64,133,70
64,133,71
64,133,72
64,133,73
64,134,69
64,134,70
64,134,71
64,134,72
64,134,73
64,135,65
64,135,66
64,135,67
64,135,68
64,135,69
64,135,70
64,135,71
64,135,72
64,136,66
64,136,67
64,136,68
64,136,69
64,136,70
64,136,71
64,136,72
65,110,53
65,110,54
65,110,55
65,110,56
65,110,57
65,110,58
65,111,53
65,111,54
65,111,55
65,111,56
65,111,57
65,111,58
65,111,59
65,112,54
65,112,55
65,112,56
65,112,57
65,112,58
65,112,59
65,113,54
65,113,55
65,113,56
65,113,57
65,113,58
65,113,59
65,114,54
65,114,55
65,114,56
65,114,57
65,114,58
65,114,59
65,114,60
65,115,54
65,115,55
65,115,56
65,115,57
65,115,58
65,115,59
65,115,60
65,115,61
65,116,55
65,116,56
65,116,57
65,116,58
65,116,59
65,116,60
65,116,61
65,116,62
65,116,63
65,116,64
65,116,65
65,116,66
65,116,67
65,116,68
65,116,69
65,117,56
65,117,57
65,117,58
65,117,59
65,117,60
65,117,61
65,117,62
65,117,63
65,117,64
65,117,65
65,117,66
65,117,67
65,117,68
65,117,69
65,117,70
65,117,71
65,118,57
65,118,58
65,118,59
65,118,60
65,118,61
65,118,62
65,118,63
65,118,64
65,118,65
65,118,66
65,118,67
65,118,68
65,118,69
65,118,70
65,118,71
65,119,58
65,119,59
65,119,60
65,119,61
65,119,62
65,119,63
65,119,64
65,119,65
65,119,66
65,119,67
65,119,68
65,119,69
65,119,70
65,119,71
65,120,60
65,120,61
65,120,62
65,120,63
65,120,64
65,120,65
65,120,66
65,120,67
65,120,68
65,120,69
65,120,70
65,120,71
65,120,72
65,121,62
65,121,63
65,121,64
65,121,65
65,121,66
65,121,67
65,121,68
65,121,69
65,121,70
65,121,71
65,121,72
65,122,64
65,122,65
65,122,66
65,122,67
65,122,68
65,122,69
65,122,70
65,122,71
65,122,72
65,122,73
65,123,65
65,123,66
65,123,67
65,123,68
65,123,69
65,123,70
65,123,71
65,123,72
65,123,73
65,124,65
65,124,66
65,124,67
65,124,68
65,124,69
65,124,70
65,124,71
65,124,72
65,124,73
65,125,67
65,125,68
65,125,69
65,125,70
65,125,71
65,125,72
65,125,73
65,126,57
65,126,58
65,126,59
65,126,60
65,126,61
65,126,62
65,126,63
65,126,64
65,126,65
65,126,66
65,126,67
65,126,68
65,126,69
65,126,70
65,126,71
65,126,72
65,126,73
65,126,74
65,127,58
65,127,59
65,127,60
65,127,61
65,127,62
65,127,63
65,127,64
65,127,65
65,127,66
65,127,67
65,127,68
65,127,69
65,127,70
65,127,71
65,127,72
65,127,73
65,127,74
65,128,64
65,128,65
65,128,66
65,128,67
65,128,68
65,128,69
65,128,70
65,128,71
65,128,72
65,128,73
65,128,74
65,129,62
65,129,63
65,129,64
65,129,65
65,129,66
65,129,67
65,129,68
65,129,69
65,129,70
65,129,71
65,129,72
65,129,73
65,129,74
65,130,67
65,130,68
65,130,69
65,130,70
65,130,71
65,130,72
65,130,73
65,131,62
65,131,63
65,131,69
65,131,70
65,131,71
65,131,72
65,131,73
65,132,69
65,132,70
65,132,71
65,132,72
65,132,73
65,133,69
65,133,70
65,133,71
65,133,72
65,133,73
65,134,68
65,134,69
65,134,70
65,134,71
65,134,72
65,134,73
65,135,63
65,135,64
65,135,65
65,135,66
65,135,67
65,135,68
65,135,69
65,135,70
65,135,71
65,135,72
65,135,73
65,136,66
65,136,67
65,136,68
65,136,69
65,136,70
65,136,71
65,136,72
66,110,54
66,110,55
66,110,56
66,110,57
66,110,58
66,110,59
66,110,60
66,111,54
66,111,55
66,111,56
66,111,57
66,111,58
66,111,59
66,111,60
66,112,54
66,112,55
66,112,56
66,112,57
66,112,58
66,112,59
66,112,60
66,112,61
66,113,54
66,113,55
66,113,56
66,113,57
66,113,58
66,113,59
66,113,60
66,113,61
66,113,62
66,114,55
66,114,56
66,114,57
66,114,58
66,114,59
66,114,60
66,114,61
66,115,55
66,115,56
66,115,57
66,115,58
66,115,59
66,115,60
66,115,61
66,115,62
66,115,63
66,115,64
66,115,65
66,115,66
66,115,67
66,115,68
66,115,69
66,116,56
66,116,57
66,116,58
66,116,59
66,116,60
66,116,61
66,116,62
66,116,63
66,116,64
66,116,65
66,116,66
66,116,67
66,116,68
66,116,69
66,116,70
66,116,71
66,117,57
66,117,58
66,117,59
66,117,60
66,117,61
66,117,62
66,117,63
66,117,64
66,117,65
66,117,66
66,117,67
66,117,68
66,117,69
66,117,70
66,117,71
66,118,58
66,118,59
66,118,60
66,118,61
66,118,62
66,118,63
66,118,64
66,118,65
66,118,66
66,118,67
66,118,68
66,118,69
66,118,70
66,118,71
66,119,59
66,119,60
66,119,61
66,119,62
66,119,63
66,119,64
66,119,65
66,119,66
66,119,67
66,119,68
66,119,69
66,119,70
66,119,71
66,119,72
66,120,61
66,120,62
66,120,63
66,120,64
66,120,65
66,120,66
66,120,67
66,120,68
66,120,69
66,120,70
66,120,71
66,120,72
66,121,63
66,121,64
66,121,65
66,121,66
66,121,67
66,121,68
66,121,69
66,121,70
66,121,71
66,121,72
66,121,73
66,122,65
66,122,66
66,122,67
66,122,68
66,122,69
66,122,70
66,122,71
66,122,72
66,122,73
66,123,66
66,123,67
66,123,68
66,123,69
66,123,70
66,123,71
66,123,72
66,123,73
66,124,67
66,124,68
66,124,69
66,124,70
66,124,71
66,124,72
66,124,73
66,124,74
66,125,67
66,125,68
66,125,69
66,125,70
66,125,71
66,125,72
66,125,73
66,125,74
66,126,58
66,126,59
66,126,60
66,126,61
66,126,62
66,126,63
66,126,64
66,126,65
66,126,66
66,126,67
66,126,68
66,126,69
66,126,70
66,126,71
66,126,72
66,126,73
66,126,74
66,127,58
66,127,59
66,127,60
66,127,61
66,127,62
66,127,63
66,127,64
66,127,65
66,127,66
66,127,67
66,127,68
66,127,69
66,127,70
66,127,71
66,127,72
66,127,73
66,127,74
66,128,64
66,128,65
66,128,66
66,128,67
66,128,68
66,128,69
66,128,70
66,128,71
66,128,72
66,128,73
66,128,74
66,129,65
66,129,66
66,129,67
66,129,68
66,129,69
66,129,70
66,129,71
66,129,72
66,129,73
66,129,74
66,130,67
66,130,68
66,130,69
66,130,70
66,130,71
66,130,72
66,130,73
66,130,74
66,131,68
66,131,69
66,131,70
66,131,71
66,131,72
66,131,73
66,131,74
66,132,60
66,132,61
66,132,67
66,132,68
66,132,69
66,132,70
66,132,71
66,132,72
66,132,73
66,132,74
66,133,61
66,133,62
66,133,67
66,133,68
66,133,69
66,133,70
66,133,71
66,133,72
66,133,73
66,133,74
66,134,65
66,134,66
66,134,67
66,134,68
66,134,69
66,134,70
66,134,71
66,134,72
66,134,73
66,135,62
66,135,63
66,135,64
66,135,65
66,135,66
66,135,67
66,135,68
66,135,69
66,135,70
66,135,71
66,135,72
66,135,73
66,136,65
66,136,66
66,136,67
66,136,68
66,136,69
66,136,70
66,136,71
66,136,72
66,136,73
67,110,55
67,110,56
67,110,57
67,110,58
67,110,59
67,110,60
67,110,61
67,111,55
67,111,56
67,111,57
67,111,58
67,111,59
67,111,60
67,111,61
67,112,55
67,112,56
67,112,57
67,112,58
67,112,59
67,112,60
67,112,61
67,112,62
67,113,55
67,113,56
67,113,57
67,113,58
67,113,59
67,113,60
67,113,61
67,113,62
67,113,63
67,113,64
67,113,65
67,114,56
67,114,57
67,114,58
67,114,59
67,114,60
67,114,61
67,114,62
67,114,63
67,114,64
67,114,65
67,114,66
67,114,67
67,114,68
67,114,69
67,114,70
67,115,57
67,115,58
67,115,59
67,115,60
67,115,61
67,115,62
67,115,63
67,115,64
67,115,65
67,115,66
67,115,67
67,115,68
67,115,69
67,115,70
67,116,57
67,116,58
67,116,59
67,116,60
67,116,61
67,116,62
67,116,63
67,116,64
67,116,65
67,116,66
67,116,67
67,116,68
67,116,69
67,116,70
67,116,71
67,117,58
67,117,59
67,117,60
67,117,61
67,117,62
67,117,63
67,117,64
67,117,65
67,117,66
67,117,67
67,117,68
67,117,69
67,117,70
67,117,71
67,117,72
67,118,60
67,118,61
67,118,62
67,118,63
67,118,64
67,118,65
67,118,66
67,118,67
67,118,68
67,118,69
67,118,70
67,118,71
67,118,72
67,119,61
67,119,62
67,119,63
67,119,64
67,119,65
67,119,66
67,119,67
67,119,68
67,119,69
67,119,70
67,119,71
67,119,72
67,120,63
67,120,64
67,120,65
67,120,66
67,120,67
67,120,68
67,120,69
67,120,70
67,120,71
67,120,72
67,120,73
67,121,64
67,121,65
67,121,66
67,121,67
67,121,68
67,121,69
67,121,70
67,121,71
67,121,72
67,121,73
67,122,66
67,122,67
67,122,68
67,122,69
67,122,70
67,122,71
67,122,72
67,122,73
67,122,74
67,123,67
67,123,68
67,123,69
67,123,70
67,123,71
67,123,72
67,123,73
67,123,74
67,124,67
67,124,68
67,124,69
67,124,70
67,124,71
67,124,72
67,124,73
67,124,74
67,125,68
67,125,69
67,125,70
67,125,71
67,125,72
67,125,73
67,125,74
67,126,59
67,126,60
67,126,61
67,126,62
67,126,63
67,126,64
67,126,65
67,126,66
67,126,68
67,126,69
67,126,70
67,126,71
67,126,72
67,126,73
67,126,74
67,127,58
67,127,59
67,127,60
67,127,61
67,127,62
67,127,63
67,127,64
67,127,65
67,127,66
67,127,67
67,127,68
67,127,69
67,127,70
67,127,71
67,127,72
67,127,73
67,127,74
67,128,64
67,128,65
67,128,66
67,128,67
67,128,68
67,128,69
67,128,70
67,128,71
67,128,72
67,128,73
67,128,74
67,129,65
67,129,66
67,129,67
67,129,68
67,129,69
67,129,70
67,129,71
67,129,72
67,129,73
67,129,74
67,130,62
67,130,63
67,130,64
67,130,67
67,130,68
67,130,69
67,130,70
67,130,71
67,130,72
67,130,73
67,130,74
67,131,66
67,131,67
67,131,68
67,131,69
67,131,70
67,131,71
67,131,72
67,131,73
67,131,74
67,132,59
67,132,60
67,132,61
67,132,62
67,132,65
67,132,66
67,132,67
67,132,68
67,132,69
67,132,70
67,132,71
67,132,72
67,132,73
67,132,74
67,133,60
67,133,61
67,133,62
67,133,65
67,133,66
67,133,67
67,133,68
67,133,69
67,133,70
67,133,71
67,133,72
67,133,73
67,133,74
67,134,64
67,134,65
67,134,66
67,134,67
67,134,68
67,134,69
67,134,70
67,134,71
67,134,72
67,134,73
67,134,74
67,135,62
67,135,63
67,135,64
67,135,65
67,135,66
67,135,67
67,135,68
67,135,69
67,135,70
67,135,71
67,135,72
67,135,73
67,135,74
67,136,64
67,136,65
67,136,66
67,136,67
67,136,68
67,136,69
67,136,70
67,136,71
67,136,72
67,136,73
67,136,74
68,110,56
68,110,57
68,110,58
68,110,59
68,110,60
68,110,61
68,110,62
68,111,56
68,111,57
68,111,58
68,111,59
68,111,60
68,111,61
68,111,62
68,112,57
68,112,58
68,112,59
68,112,60
68,112,61
68,112,62
68,112,63
68,112,64
68,113,57
68,113,58
68,113,59
68,113,60
68,113,61
68,113,62
68,113,63
68,113,64
68,113,65
68,113,66
68,113,67
68,114,58
68,114,59
68,114,60
68,114,61
68,114,62
68,114,63
68,114,64
68,114,65
68,114,66
68,114,67
68,114,68
68,114,69
68,114,70
68,115,58
68,115,59
68,115,60
68,115,61
68,115,62
68,115,63
68,115,64
68,115,65
68,115,66
68,115,67
68,115,68
68,115,69
68,115,70
68,115,71
68,116,59
68,116,60
68,116,61
68,116,62
68,116,63
68,116,64
68,116,65
68,116,66
68,116,67
68,116,68
68,116,69
68,116,70
68,116,71
68,116,72
68,117,60
68,117,61
68,117,62
68,117,63
68,117,64
68,117,65
68,117,66
68,117,67
68,117,68
68,117,69
68,117,70
68,117,71
68,117,72
68,117,73
68,118,61
68,118,62
68,118,63
68,118,64
68,118,65
68,118,66
68,118,67
68,118,68
68,118,69
68,118,70
68,118,71
68,118,72
68,118,73
68,119,63
68,119,64
68,119,65
68,119,66
68,119,67
68,119,68
68,119,69
68,119,70
68,119,71
68,119,72
68,119,73
68,120,64
68,120,65
68,120,66
68,120,67
68,120,68
68,120,69
68,120,70
68,120,71
68,120,72
68,120,73
68,121,65
68,121,66
68,121,67
68,121,68
68,121,69
68,121,70
68,121,71
68,121,72
68,121,73
68,121,74
68,122,66
68,122,67
68,122,68
68,122,69
68,122,70
68,122,71
68,122,72
68,122,73
68,122,74
68,123,67
68,123,68
68,123,69
68,123,70
68,123,71
68,123,72
68,123,73
68,123,74
68,124,68
68,124,69
68,124,70
68,124,71
68,124,72
68,124,73
68,124,74
68,125,68
68,125,69
68,125,70
68,125,71
68,125,72
68,125,73
68,125,74
68,126,61
68,126,62
68,126,63
68,126,64
68,126,69
68,126,70
68,126,71
68,126,72
68,126,73
68,126,74
68,127,58
68,127,59
68,127,60
68,127,61
68,127,62
68,127,63
68,127,64
68,127,65
68,127,66
68,127,69
68,127,70
68,127,71
68,127,72
68,127,73
68,127,74
68,128,69
68,128,70
68,128,71
68,128,72
68,128,73
68,128,74
68,129,65
68,129,66
68,129,67
68,129,68
68,129,69
68,129,70
68,129,71
68,129,72
68,129,73
68,129,74
68,130,62
68,130,63
68,130,64
68,130,65
68,130,66
68,130,67
68,130,68
68,130,69
68,130,70
68,130,71
68,130,72
68,130,73
68,130,74
68,131,60
68,131,61
68,131,62
68,131,63
68,131,64
68,131,65
68,131,66
68,131,67
68,131,68
68,131,69
68,131,70
68,131,71
68,131,72
68,131,73
68,131,74
68,132,59
68,132,60
68,132,61
68,132,62
68,132,63
68,132,64
68,132,65
68,132,66
68,132,67
68,132,68
68,132,69
68,132,70
68,132,71
68,132,72
68,132,73
68,132,74
68,133,60
68,133,61
68,133,62
68,133,63
68,133,64
68,133,65
68,133,66
68,133,67
68,133,68
68,133,69
68,133,70
68,133,71
68,133,72
68,133,73
68,133,74
68,134,63
68,134,64
68,134,65
68,134,66
68,134,67
68,134,68
68,134,69
68,134,70
68,134,71
68,134,72
68,134,73
68,134,74
68,135,62
68,135,63
68,135,64
68,135,65
68,135,66
68,135,67
68,135,68
68,135,69
68,135,70
68,135,71
68,135,72
68,135,73
68,135,74
68,136,62
68,136,63
68,136,64
68,136,65
68,136,66
68,136,67
68,136,68
68,136,69
68,136,70
68,136,71
68,136,72
68,136,73
68,136,74
69,110,58
69,110,59
69,110,60
69,110,61
69,110,62
69,110,63
69,111,58
69,111,59
69,111,60
69,111,61
69,111,62
69,111,63
69,111,64
69,112,59
69,112,60
69,112,61
69,112,62
69,112,63
69,112,64
69,112,65
69,113,59
69,113,60
69,113,61
69,113,62
69,113,63
69,113,64
69,113,65
69,113,66
69,113,67
69,113,68
69,113,69
69,113,70
69,114,60
69,114,61
69,114,62
69,114,63
69,114,64
69,114,65
69,114,66
69,114,67
69,114,68
69,114,69
69,114,70
69,114,71
69,115,60
69,115,61
69,115,62
69,115,63
69,115,64
69,115,65
69,115,66
69,115,67
69,115,68
69,115,69
69,115,70
69,115,71
69,116,61
69,116,62
69,116,63
69,116,64
69,116,65
69,116,66
69,116,67
69,116,68
69,116,69
69,116,70
69,116,71
69,116,72
69,117,62
69,117,63
69,117,64
69,117,65
69,117,66
69,117,67
69,117,68
69,117,69
69,117,70
69,117,71
69,117,72
69,117,73
69,118,63
69,118,64
69,118,65
69,118,66
69,118,67
69,118,68
69,118,69
69,118,70
69,118,71
69,118,72
69,118,73
69,119,64
69,119,65
69,119,66
69,119,67
69,119,68
69,119,69
69,119,70
69,119,71
69,119,72
69,119,73
69,120,65
69,120,66
69,120,67
69,120,68
69,120,69
69,120,70
69,120,71
69,120,72
69,120,73
69,120,74
69,121,66
69,121,67
69,121,68
69,121,69
69,121,70
69,121,71
69,121,72
69,121,73
69,121,74
69,122,66
69,122,67
69,122,68
69,122,69
69,122,70
69,122,71
69,122,72
69,122,73
69,122,74
69,123,67
69,123,68
69,123,69
69,123,70
69,123,71
69,123,72
69,123,73
69,123,74
69,124,68
69,124,69
69,124,70
69,124,71
69,124,72
69,124,73
69,124,74
69,125,68
69,125,69
69,125,70
69,125,71
69,125,72
69,125,73
69,125,74
69,126,69
69,126,70
69,126,71
69,126,72
69,126,73
69,126,74
69,127,58
69,127,59
69,127,60
69,127,61
69,127,62
69,127,63
69,127,69
69,127,70
69,127,71
69,127,72
69,127,73
69,127,74
69,128,69
69,128,70
69,128,71
69,128,72
69,128,73
69,128,74
69,129,69
69,129,70
69,129,71
69,129,72
69,129,73
69,129,74
69,130,62
69,130,63
69,130,64
69,130,65
69,130,66
69,130,69
69,130,70
69,130,71
69,130,72
69,130,73
69,130,74
69,131,60
69,131,61
69,131,62
69,131,63
69,131,64
69,131,65
69,131,66
69,131,67
69,131,68
69,131,69
69,131,70
69,131,71
69,131,72
69,131,73
69,131,74
69,132,61
69,132,62
69,132,63
69,132,64
69,132,65
69,132,66
69,132,67
69,132,68
69,132,69
69,132,70
69,132,71
69,132,72
69,132,73
69,132,74
69,133,61
69,133,62
69,133,63
69,133,64
69,133,65
69,133,66
69,133,67
69,133,68
69,133,69
69,133,70
69,133,71
69,133,72
69,133,73
69,133,74
69,134,63
69,134,64
69,134,65
69,134,66
69,134,67
69,134,68
69,134,69
69,134,70
69,134,71
69,134,72
69,134,73
69,134,74
69,135,62
69,135,63
69,135,64
69,135,65
69,135,66
69,135,67
69,135,68
69,135,69
69,135,70
69,135,71
69,135,72
69,135,73
69,135,74
69,136,62
69,136,63
69,136,64
69,136,65
69,136,66
69,136,67
69,136,68
69,136,69
69,136,70
69,136,71
69,136,72
69,136,73
69,136,74
70,110,59
70,110,60
70,110,61
70,110,62
70,110,63
70,110,64
70,111,60
70,111,61
70,111,62
70,111,63
70,111,64
70,111,65
70,112,60
70,112,61
70,112,62
70,112,63
70,112,64
70,112,65
70,112,66
70,112,67
70,113,60
70,113,61
70,113,62
70,113,63
70,113,64
70,113,65
70,113,66
70,113,67
70,113,68
70,113,69
70,113,70
70,114,60
70,114,61
70,114,62
70,114,63
70,114,64
70,114,65
70,114,66
70,114,67
70,114,68
70,114,69
70,114,70
70,114,71
70,115,61
70,115,62
70,115,63
70,115,64
70,115,65
70,115,66
70,115,67
70,115,68
70,115,69
70,115,70
70,115,71
70,115,72
70,116,61
70,116,62
70,116,63
70,116,64
70,116,65
70,116,66
70,116,67
70,116,68
70,116,69
70,116,70
70,116,71
70,116,72
70,116,73
70,117,62
70,117,63
70,117,64
70,117,65
70,117,66
70,117,67
70,117,68
70,117,69
70,117,70
70,117,71
70,117,72
70,117,73
70,118,63
70,118,64
70,118,65
70,118,66
70,118,67
70,118,68
70,118,69
70,118,70
70,118,71
70,118,72
70,118,73
70,119,63
70,119,64
70,119,65
70,119,66
70,119,67
70,119,68
70,119,69
70,119,70
70,119,71
70,119,72
70,119,73
70,119,74
70,120,64
70,120,65
70,120,66
70,120,67
70,120,68
70,120,69
70,120,70
70,120,71
70,120,72
70,120,73
70,120,74
70,121,69
70,121,70
70,121,71
70,121,72
70,121,73
70,121,74
70,122,70
70,122,71
70,122,72
70,122,73
70,122,74
70,123,65
70,123,66
70,123,67
70,123,68
70,123,69
70,123,70
70,123,71
70,123,72
70,123,73
70,123,74
70,124,66
70,124,67
70,124,68
70,124,69
70,124,70
70,124,71
70,124,72
70,124,73
70,124,74
70,125,66
70,125,67
70,125,68
70,125,69
70,125,70
70,125,71
70,125,72
70,125,73
70,125,74
70,126,69
70,126,70
70,126,71
70,126,72
70,126,73
70,126,74
70,127,68
70,127,69
70,127,70
70,127,71
70,127,72
70,127,73
70,127,74
70,128,69
70,128,70
70,128,71
70,128,72
70,128,73
70,128,74
70,129,69
70,129,70
70,129,71
70,129,72
70,129,73
70,129,74
70,130,68
70,130,69
70,130,70
70,130,71
70,130,72
70,130,73
70,130,74
70,131,67
70,131,68
70,131,69
70,131,70
70,131,71
70,131,72
70,131,73
70,131,74
70,131,75
70,132,66
70,132,67
70,132,68
70,132,69
70,132,70
70,132,71
70,132,72
70,132,73
70,132,74
70,133,64
70,133,65
70,133,66
70,133,67
70,133,68
70,133,69
70,133,70
70,133,71
70,133,72
70,133,73
70,133,74
70,134,64
70,134,65
70,134,66
70,134,67
70,134,68
70,134,69
70,134,70
70,134,71
70,134,72
70,134,73
70,134,74
70,135,62
70,135,63
70,135,64
70,135,65
70,135,66
70,135,67
70,135,68
70,135,69
70,135,70
70,135,71
70,135,72
70,135,73
70,135,74
70,136,62
70,136,63
70,136,64
70,136,65
70,136,66
70,136,67
70,136,68
70,136,69
70,136,70
70,136,71
70,136,72
70,136,73
70,136,74
71,110,64
71,110,65
71,111,61
71,111,62
71,111,63
71,111,64
71,111,65
71,111,66
71,112,60
71,112,61
71,112,62
71,112,63
71,112,64
71,112,65
71,112,66
71,112,67
71,112,68
71,112,69
71,112,70
71,113,61
71,113,62
71,113,63
71,113,64
71,113,65
71,113,66
71,113,67
71,113,68
71,113,69
71,113,70
71,113,71
71,114,60
71,114,61
71,114,62
71,114,63
71,114,64
71,114,65
71,114,66
71,114,67
71,114,68
71,114,69
71,114,70
71,114,71
71,115,62
71,115,63
71,115,64
71,115,65
71,115,66
71,115,67
71,115,68
71,115,69
71,115,70
71,115,71
71,115,72
71,116,64
71,116,65
71,116,66
71,116,67
71,116,68
71,116,69
71,116,70
71,116,71
71,116,72
71,116,73
71,117,65
71,117,66
71,117,67
71,117,68
71,117,69
71,117,70
71,117,71
71,117,72
71,117,73
71,118,64
71,118,65
71,118,66
71,118,67
71,118,68
71,118,69
71,118,70
71,118,71
71,118,72
71,118,73
71,119,65
71,119,66
71,119,67
71,119,68
71,119,69
71,119,70
71,119,71
71,119,72
71,119,73
71,119,74
71,120,60
71,120,64
71,120,65
71,120,66
71,120,67
71,120,68
71,120,69
71,120,70
71,120,71
71,120,72
71,120,73
71,120,74
71,121,53
71,121,54
71,121,71
71,121,72
71,121,73
71,121,74
71,122,72
71,122,73
71,122,74
71,123,63
71,123,64
71,123,65
71,123,66
71,123,67
71,123,68
71,123,69
71,123,70
71,123,71
71,123,72
71,123,73
71,123,74
71,124,63
71,124,64
71,124,65
71,124,66
71,124,67
71,124,68
71,124,69
71,124,70
71,124,71
71,124,72
71,124,73
71,124,74
71,125,64
71,125,65
71,125,66
71,125,67
71,125,68
71,125,69
71,125,70
71,125,71
71,125,72
71,125,73
71,125,74
71,126,70
71,126,71
71,126,72
71,126,73
71,126,74
71,127,68
71,127,69
71,127,70
71,127,71
71,127,72
71,127,73
71,127,74
71,128,69
71,128,70
71,128,71
71,128,72
71,128,73
71,128,74
71,129,69
71,129,70
71,129,71
71,129,72
71,129,73
71,129,74
71,130,67
71,130,68
71,130,69
71,130,70
71,130,71
71,130,72
71,130,73
71,130,74
71,131,67
71,131,68
71,131,69
71,131,70
71,131,71
71,131,72
71,131,73
71,131,74
71,132,66
71,132,67
71,132,68
71,132,69
71,132,70
71,132,71
71,132,72
71,132,73
71,132,74
71,133,63
71,133,64
71,133,65
71,133,66
71,133,67
71,133,68
71,133,69
71,133,70
71,133,71
71,133,72
71,133,73
71,133,74
71,134,63
71,134,64
71,134,65
71,134,66
71,134,67
71,134,68
71,134,69
71,134,70
71,134,71
71,134,72
71,134,73
71,134,74
71,135,62
71,135,63
71,135,64
71,135,65
71,135,66
71,135,67
71,135,68
71,135,69
71,135,70
71,135,71
71,135,72
71,135,73
71,135,74
71,136,63
71,136,64
71,136,65
71,136,66
71,136,67
71,136,68
71,136,69
71,136,70
71,136,71
71,136,72
71,136,73
71,136,74
72,110,66
72,111,62
72,111,63
72,111,64
72,111,65
72,111,66
72,111,67
72,111,68
72,112,62
72,112,63
72,112,64
72,112,65
72,112,66
72,112,67
72,112,68
72,112,69
72,112,70
72,113,63
72,113,64
72,113,65
72,113,66
72,113,67
72,113,68
72,113,69
72,113,70
72,114,62
72,114,63
72,114,64
72,114,65
72,114,66
72,114,67
72,114,68
72,114,69
72,114,70
72,114,71
72,114,72
72,115,64
72,115,65
72,115,66
72,115,67
72,115,68
72,115,69
72,115,70
72,115,71
72,115,72
72,116,66
72,116,67
72,116,68
72,116,69
72,116,70
72,116,71
72,116,72
72,116,73
72,117,67
72,117,68
72,117,69
72,117,70
72,117,71
72,117,72
72,117,73
72,118,66
72,118,67
72,118,68
72,118,69
72,118,70
72,118,71
72,118,72
72,118,73
72,118,74
72,119,67
72,119,68
72,119,69
72,119,70
72,119,71
72,119,72
72,119,73
72,119,74
72,120,66
72,120,67
72,120,68
72,120,69
72,120,70
72,120,71
72,120,72
72,120,73
72,120,74
72,121,72
72,121,73
72,121,74
72,122,74
72,123,66
72,123,67
72,123,68
72,123,69
72,123,70
72,123,71
72,123,72
72,123,73
72,123,74
72,124,65
72,124,66
72,124,67
72,124,68
72,124,69
72,124,70
72,124,71
72,124,72
72,124,73
72,124,74
72,125,65
72,125,66
72,125,67
72,125,68
72,125,69
72,125,70
72,125,71
72,125,72
72,125,73
72,125,74
72,126,71
72,126,72
72,126,73
72,126,74
72,127,69
72,127,70
72,127,71
72,127,72
72,127,73
72,127,74
72,128,70
72,128,71
72,128,72
72,128,73
72,128,74
72,129,70
72,129,71
72,129,72
72,129,73
72,129,74
72,130,68
72,130,69
72,130,70
72,130,71
72,130,72
72,130,73
72,130,74
72,131,67
72,131,68
72,131,69
72,131,70
72,131,71
72,131,72
72,131,73
72,131,74
72,132,67
72,132,68
72,132,69
72,132,70
72,132,71
72,132,72
72,132,73
72,132,74
72,133,63
72,133,64
72,133,65
72,133,66
72,133,67
72,133,68
72,133,69
72,133,70
72,133,71
72,133,72
72,133,73
72,133,74
72,134,64
72,134,65
72,134,66
72,134,67
72,134,68
72,134,69
72,134,70
72,134,71
72,134,72
72,134,73
72,134,74
72,135,62
72,135,63
72,135,64
72,135,65
72,135,66
72,135,67
72,135,68
72,135,69
72,135,70
72,135,71
72,135,72
72,135,73
72,135,74
72,136,64
72,136,65
72,136,66
72,136,67
72,136,68
72,136,69
72,136,70
72,136,71
72,136,72
72,136,73
72,136,74
73,110,67
73,111,62
73,111,63
73,111,64
73,111,65
73,111,66
73,111,67
73,111,68
73,111,69
73,112,63
73,112,64
73,112,65
73,112,66
73,112,67
73,112,68
73,112,69
73,113,64
73,113,65
73,113,66
73,113,67
73,113,68
73,113,69
73,113,70
73,114,63
73,114,64
73,114,65
73,114,66
73,114,67
73,114,68
73,114,69
73,114,70
73,114,71
73,114,72
73,115,65
73,115,66
73,115,67
73,115,68
73,115,69
73,115,70
73,115,71
73,115,72
73,116,67
73,116,68
73,116,69
73,116,70
73,116,71
73,116,72
73,117,68
73,117,69
73,117,70
73,117,71
73,117,72
73,117,73
73,118,67
73,118,68
73,118,69
73,118,70
73,118,71
73,118,72
73,118,73
73,119,68
73,119,69
73,119,70
73,119,71
73,119,72
73,119,73
73,120,67
73,120,68
73,120,69
73,120,70
73,120,71
73,120,72
73,120,73
73,120,74
73,121,72
73,121,73
73,121,74
73,123,68
73,123,69
73,123,70
73,123,71
73,123,72
73,123,73
73,123,74
73,124,67
73,124,68
73,124,69
73,124,70
73,124,71
73,124,72
73,124,73
73,124,74
73,125,67
73,125,68
73,125,69
73,125,70
73,125,71
73,125,72
73,125,73
73,125,74
73,126,72
73,126,73
73,126,74
73,127,70
73,127,71
73,127,72
73,127,73
73,127,74
73,128,70
73,128,71
73,128,72
73,128,73
73,128,74
73,129,71
73,129,72
73,129,73
73,129,74
73,130,68
73,130,69
73,130,70
73,130,71
73,130,72
73,130,73
73,130,74
73,131,68
73,131,69
73,131,70
73,131,71
73,131,72
73,131,73
73,131,74
73,132,69
73,132,70
73,132,71
73,132,72
73,132,73
73,132,74
73,133,64
73,133,65
73,133,66
73,133,67
73,133,68
73,133,69
73,133,70
73,133,71
73,133,72
73,133,73
73,133,74
73,134,66
73,134,67
73,134,68
73,134,69
73,134,70
73,134,71
73,134,72
73,134,73
73,134,74
73,135,63
73,135,64
73,135,65
73,135,66
73,135,67
73,135,68
73,135,69
73,135,70
73,135,71
73,135,72
73,135,73
73,135,74
73,136,65
73,136,66
73,136,67
73,136,68
73,136,69
73,136,70
73,136,71
73,136,72
73,136,73
73,136,74
74,110,67
74,110,68
74,111,63
74,111,64
74,111,65
74,111,66
74,111,67
74,111,68
74,112,63
74,112,64
74,112,65
74,112,66
74,112,67
74,112,68
74,112,69
74,113,64
74,113,65
74,113,66
74,113,67
74,113,68
74,113,69
74,114,63
74,114,64
74,114,65
74,114,66
74,114,67
74,114,68
74,114,69
74,114,70
74,114,71
74,115,65
74,115,66
74,115,67
74,115,68
74,115,69
74,115,70
74,115,71
74,116,67
74,116,68
74,116,69
74,116,70
74,116,71
74,116,72
74,117,68
74,117,69
74,117,70
74,117,71
74,117,72
74,118,67
74,118,68
74,118,69
74,118,70
74,118,71
74,118,72
74,119,68
74,119,69
74,119,70
74,119,71
74,119,72
74,120,67
74,120,68
74,120,69
74,120,70
74,120,71
74,120,72
74,120,73
74,121,73
74,123,70
74,123,71
74,123,72
74,123,73
74,124,69
74,124,70
74,124,71
74,124,72
74,124,73
74,125,68
74,125,69
74,125,70
74,125,71
74,125,72
74,125,73
74,126,72
74,126,73
74,126,74
74,127,71
74,127,72
74,127,73
74,127,74
74,128,71
74,128,72
74,128,73
74,128,74
74,129,72
74,129,73
74,129,74
74,130,69
74,130,70
74,130,71
74,130,72
74,130,73
74,130,74
74,131,69
74,131,70
74,131,71
74,131,72
74,131,73
74,131,74
74,132,71
74,132,72
74,132,73
74,132,74
74,133,65
74,133,66
74,133,67
74,133,68
74,133,69
74,133,70
74,133,71
74,133,72
74,133,73
74,133,74
74,134,67
74,134,68
74,134,69
74,134,70
74,134,71
74,134,72
74,134,73
74,134,74
74,135,64
74,135,65
74,135,66
74,135,67
74,135,68
74,135,69
74,135,70
74,135,71
74,135,72
74,135,73
74,136,66
74,136,67
74,136,68
74,136,69
74,136,70
74,136,71
74,136,72
74,136,73
75,111,63
75,111,64
75,111,65
75,111,66
75,111,67
75,111,68
75,112,64
75,112,65
75,112,66
75,112,67
75,112,68
75,113,65
75,113,66
75,113,67
75,113,68
75,114,64
75,114,65
75,114,66
75,114,67
75,114,68
75,114,69
75,115,66
75,115,67
75,115,68
75,115,69
75,115,70
75,116,68
75,116,69
75,116,70
75,117,69
75,117,70
75,117,71
75,118,68
75,118,69
75,118,70
75,118,71
75,119,69
75,119,70
75,119,71
75,120,68
75,120,69
75,120,70
75,120,71
75,123,70
75,123,71
75,123,72
75,123,73
75,124,72
75,125,70
75,125,71
75,125,72
75,126,73
75,128,72
75,130,70
75,130,71
75,130,72
75,131,70
75,131,71
75,131,72
75,133,66
75,133,67
75,133,68
75,133,69
75,133,70
75,133,71
75,133,72
75,134,69
75,134,70
75,134,71
75,134,72
75,135,66
75,135,67
75,135,68
75,135,69
75,135,70
75,135,71
75,135,72
75,136,67
75,136,68
75,136,69
75,136,70
75,136,71
75,136,72
77,111,62
77,111,63
77,111,64
77,111,66
77,111,67
77,112,64
77,112,65
77,112,66
77,112,67
77,112,68
77,113,65
77,113,66
77,113,67
77,113,68
77,114,64
77,114,65
77,114,66
77,114,67
77,114,68
77,114,69
77,115,66
77,115,67
77,115,68
77,115,69
77,115,70
77,116,68
77,116,69
77,116,70
77,117,69
77,117,70
77,117,71
77,118,68
77,118,69
77,118,70
77,118,71
77,119,69
77,119,70
77,119,71
77,119,72
77,120,68
77,120,69
77,120,70
77,120,71
77,120,72
77,121,72
77,125,71
77,125,72
77,125,73
77,126,73
77,127,71
77,127,72
77,127,73
77,129,72
77,129,73
77,130,71
77,130,72
77,130,73
77,131,70
77,131,71
77,131,72
77,132,71
77,132,72
77,133,67
77,133,68
77,133,69
77,133,70
77,133,71
77,133,72
77,134,68
77,134,69
77,134,70
77,134,71
77,134,72
77,135,67
77,135,68
77,135,69
77,135,70
77,135,71
77,135,72
77,136,65
77,136,66
77,136,67
77,136,68
77,136,69
77,136,70
77,136,71
77,136,72
78,111,62
78,111,63
78,111,64
78,111,65
78,111,66
78,111,67
78,111,68
78,112,63
78,112,64
78,112,65
78,112,66
78,112,67
78,112,68
78,112,69
78,113,64
78,113,65
78,113,66
78,113,67
78,113,68
78,113,69
78,113,70
78,114,63
78,114,64
78,114,65
78,114,66
78,114,67
78,114,68
78,114,69
78,114,70
78,115,65
78,115,66
78,115,67
78,115,68
78,115,69
78,115,70
78,115,71
78,116,67
78,116,68
78,116,69
78,116,70
78,116,71
78,117,68
78,117,69
78,117,70
78,117,71
78,117,72
78,118,67
78,118,68
78,118,69
78,118,70
78,118,71
78,118,72
78,118,73
78,119,68
78,119,69
78,119,70
78,119,71
78,119,72
78,119,73
78,120,68
78,120,69
78,120,70
78,120,71
78,120,72
78,120,73
78,121,72
78,121,73
78,121,74
78,122,74
78,123,72
78,123,73
78,123,74
78,124,72
78,124,73
78,124,74
78,125,70
78,125,71
78,125,72
78,125,73
78,125,74
78,126,72
78,126,73
78,126,74
78,127,70
78,127,71
78,127,72
78,127,73
78,127,74
78,129,71
78,129,72
78,129,73
78,129,74
78,130,70
78,130,71
78,130,72
78,130,73
78,130,74
78,131,69
78,131,70
78,131,71
78,131,72
78,131,73
78,131,74
78,132,70
78,132,71
78,132,72
78,132,73
78,133,67
78,133,68
78,133,69
78,133,70
78,133,71
78,133,72
78,133,73
78,134,67
78,134,68
78,134,69
78,134,70
78,134,71
78,134,72
78,134,73
78,134,74
78,135,66
78,135,67
78,135,68
78,135,69
78,135,70
78,135,71
78,135,72
78,135,73
78,136,64
78,136,65
78,136,66
78,136,67
78,136,68
78,136,69
78,136,70
78,136,71
78,136,72
78,136,73
79,110,67
79,110,68
79,111,61
79,111,62
79,111,63
79,111,64
79,111,65
79,111,66
79,111,67
79,111,68
79,111,69
79,112,63
79,112,64
79,112,65
79,112,66
79,112,67
79,112,68
79,112,69
79,113,64
79,113,65
79,113,66
79,113,67
79,113,68
79,113,69
79,113,70
79,114,63
79,114,64
79,114,65
79,114,66
79,114,67
79,114,68
79,114,69
79,114,70
79,114,71
79,115,65
79,115,66
79,115,67
79,115,68
79,115,69
79,115,70
79,115,71
79,115,72
79,116,67
79,116,68
79,116,69
79,116,70
79,116,71
79,116,72
79,117,68
79,117,69
79,117,70
79,117,71
79,117,72
79,117,73
79,118,67
79,118,68
79,118,69
79,118,70
79,118,71
79,118,72
79,118,73
79,119,68
79,119,69
79,119,70
79,119,71
79,119,72
79,119,73
79,119,74
79,120,67
79,120,68
79,120,69
79,120,70
79,120,71
79,120,72
79,120,73
79,120,74
79,121,71
79,121,72
79,121,73
79,121,74
79,122,73
79,122,74
79,123,71
79,123,72
79,123,73
79,123,74
79,123,75
79,124,70
79,124,71
79,124,72
79,124,73
79,124,74
79,124,75
79,125,69
79,125,70
79,125,71
79,125,72
79,125,73
79,125,74
79,125,75
79,126,72
79,126,73
79,126,74
79,126,75
79,127,70
79,127,71
79,127,72
79,127,73
79,127,74
79,127,75
79,128,72
79,128,73
79,128,74
79,129,71
79,129,72
79,129,73
79,129,74
79,129,75
79,130,69
79,130,70
79,130,71
79,130,72
79,130,73
79,130,74
79,130,75
79,131,69
79,131,70
79,131,71
79,131,72
79,131,73
79,131,74
79,132,69
79,132,70
79,132,71
79,132,72
79,132,73
79,132,74
79,133,66
79,133,67
79,133,68
79,133,69
79,133,70
79,133,71
79,133,72
79,133,73
79,133,74
79,134,66
79,134,67
79,134,68
79,134,69
79,134,70
79,134,71
79,134,72
79,134,73
79,134,74
79,135,65
79,135,66
79,135,67
79,135,68
79,135,69
79,135,70
79,135,71
79,135,72
79,135,73
79,135,74
79,136,63
79,136,64
79,136,65
79,136,66
79,136,67
79,136,68
79,136,69
79,136,70
79,136,71
79,136,72
79,136,73
79,136,74
80,110,67
80,110,68
80,111,59
80,111,60
80,111,61
80,111,62
80,111,63
80,111,64
80,111,65
80,111,66
80,111,67
80,111,68
80,111,69
80,112,62
80,112,63
80,112,64
80,112,65
80,112,66
80,112,67
80,112,68
80,112,69
80,112,70
80,113,63
80,113,64
80,113,65
80,113,66
80,113,67
80,113,68
80,113,69
80,113,70
80,113,71
80,114,62
80,114,63
80,114,64
80,114,65
80,114,66
80,114,67
80,114,68
80,114,69
80,114,70
80,114,71
80,114,72
80,115,64
80,115,65
80,115,66
80,115,67
80,115,68
80,115,69
80,115,70
80,115,71
80,115,72
80,116,66
80,116,67
80,116,68
80,116,69
80,116,70
80,116,71
80,116,72
80,116,73
80,117,67
80,117,68
80,117,69
80,117,70
80,117,71
80,117,72
80,117,73
80,118,66
80,118,67
80,118,68
80,118,69
80,118,70
80,118,71
80,118,72
80,118,73
80,118,74
80,119,67
80,119,68
80,119,69
80,119,70
80,119,71
80,119,72
80,119,73
80,119,74
80,120,67
80,120,68
80,120,69
80,120,70
80,120,71
80,120,72
80,120,73
80,120,74
80,121,70
80,121,71
80,121,72
80,121,73
80,121,74
80,122,72
80,122,73
80,122,74
80,122,75
80,123,69
80,123,70
80,123,71
80,123,72
80,123,73
80,123,74
80,123,75
80,124,68
80,124,69
80,124,70
80,124,71
80,124,72
80,124,73
80,124,74
80,124,75
80,125,67
80,125,68
80,125,69
80,125,70
80,125,71
80,125,72
80,125,73
80,125,74
80,125,75
80,126,71
80,126,72
80,126,73
80,126,74
80,126,75
80,127,69
80,127,70
80,127,71
80,127,72
80,127,73
80,127,74
80,127,75
80,128,71
80,128,72
80,128,73
80,128,74
80,128,75
80,129,71
80,129,72
80,129,73
80,129,74
80,129,75
80,130,69
80,130,70
80,130,71
80,130,72
80,130,73
80,130,74
80,130,75
80,131,68
80,131,69
80,131,70
80,131,71
80,131,72
80,131,73
80,131,74
80,131,75
80,132,68
80,132,69
80,132,70
80,132,71
80,132,72
80,132,73
80,132,74
80,132,75
80,133,65
80,133,66
80,133,67
80,133,68
80,133,69
80,133,70
80,133,71
80,133,72
80,133,73
80,133,74
80,134,65
80,134,66
80,134,67
80,134,68
80,134,69
80,134,70
80,134,71
80,134,72
80,134,73
80,134,74
80,135,64
80,135,65
80,135,66
80,135,67
80,135,68
80,135,69
80,135,70
80,135,71
80,135,72
80,135,73
80,135,74
80,136,63
80,136,64
80,136,65
80,136,66
80,136,67
80,136,68
80,136,69
80,136,70
80,136,71
80,136,72
80,136,73
80,136,74
81,110,66
81,110,67
81,110,68
81,111,59
81,111,60
81,111,61
81,111,62
81,111,63
81,111,64
81,111,65
81,111,66
81,111,67
81,112,61
81,112,62
81,112,63
81,112,64
81,112,65
81,112,66
81,112,67
81,112,68
81,112,69
81,112,70
81,113,61
81,113,62
81,113,63
81,113,64
81,113,65
81,113,66
81,113,67
81,113,68
81,113,69
81,113,70
81,113,71
81,114,60
81,114,61
81,114,62
81,114,63
81,114,64
81,114,65
81,114,66
81,114,67
81,114,68
81,114,69
81,114,70
81,114,71
81,114,72
81,115,63
81,115,64
81,115,65
81,115,66
81,115,67
81,115,68
81,115,69
81,115,70
81,115,71
81,115,72
81,116,64
81,116,65
81,116,66
81,116,67
81,116,68
81,116,69
81,116,70
81,116,71
81,116,72
81,116,73
81,117,65
81,117,66
81,117,67
81,117,68
81,117,69
81,117,70
81,117,71
81,117,72
81,117,73
81,118,64
81,118,65
81,118,66
81,118,67
81,118,68
81,118,69
81,118,70
81,118,71
81,118,72
81,118,73
81,118,74
81,119,65
81,119,66
81,119,67
81,119,68
81,119,69
81,119,70
81,119,71
81,119,72
81,119,73
81,119,74
81,120,66
81,120,67
81,120,68
81,120,69
81,120,70
81,120,71
81,120,72
81,120,73
81,120,74
81,121,68
81,121,69
81,121,70
81,121,71
81,121,72
81,121,73
81,121,74
81,121,75
81,122,71
81,122,72
81,122,73
81,122,74
81,122,75
81,123,67
81,123,68
81,123,69
81,123,70
81,123,71
81,123,72
81,123,73
81,123,74
81,123,75
81,124,67
81,124,68
81,124,69
81,124,70
81,124,71
81,124,72
81,124,73
81,124,74
81,124,75
81,125,66
81,125,67
81,125,68
81,125,69
81,125,70
81,125,71
81,125,72
81,125,73
81,125,74
81,125,75
81,126,70
81,126,71
81,126,72
81,126,73
81,126,74
81,126,75
81,127,69
81,127,70
81,127,71
81,127,72
81,127,73
81,127,74
81,127,75
81,128,70
81,128,71
81,128,72
81,128,73
81,128,74
81,128,75
81,129,71
81,129,72
81,129,73
81,129,74
81,129,75
81,130,68
81,130,69
81,130,70
81,130,71
81,130,72
81,130,73
81,130,74
81,130,75
81,131,66
81,131,67
81,131,68
81,131,69
81,131,70
81,131,71
81,131,72
81,131,73
81,131,74
81,131,75
81,132,67
81,132,68
81,132,69
81,132,70
81,132,71
81,132,72
81,132,73
81,132,74
81,132,75
81,133,64
81,133,65
81,133,66
81,133,67
81,133,68
81,133,69
81,133,70
81,133,71
81,133,72
81,133,73
81,133,74
81,133,75
81,134,64
81,134,65
81,134,66
81,134,67
81,134,68
81,134,69
81,134,70
81,134,71
81,134,72
81,134,73
81,134,74
81,134,75
81,135,63
81,135,64
81,135,65
81,135,66
81,135,67
81,135,68
81,135,69
81,135,70
81,135,71
81,135,72
81,135,73
81,135,74
81,136,63
81,136,64
81,136,65
81,136,66
81,136,67
81,136,68
81,136,69
81,136,70
81,136,71
81,136,72
81,136,73
81,136,74
82,110,64
82,110,65
82,110,66
82,110,67
82,111,60
82,111,61
82,111,62
82,111,63
82,111,64
82,111,65
82,112,60
82,112,61
82,112,62
82,112,63
82,112,64
82,112,65
82,112,66
82,112,67
82,112,68
82,112,69
82,112,70
82,113,60
82,113,61
82,113,62
82,113,63
82,113,64
82,113,65
82,113,66
82,113,67
82,113,68
82,113,69
82,113,70
82,114,61
82,114,62
82,114,63
82,114,64
82,114,65
82,114,66
82,114,67
82,114,68
82,114,69
82,114,70
82,114,71
82,114,72
82,115,61
82,115,62
82,115,63
82,115,64
82,115,65
82,115,66
82,115,67
82,115,68
82,115,69
82,115,70
82,115,71
82,115,72
82,116,62
82,116,63
82,116,64
82,116,65
82,116,66
82,116,67
82,116,68
82,116,69
82,116,70
82,116,71
82,116,72
82,116,73
82,117,63
82,117,64
82,117,65
82,117,66
82,117,67
82,117,68
82,117,69
82,117,70
82,117,71
82,117,72
82,117,73
82,118,63
82,118,64
82,118,65
82,118,66
82,118,67
82,118,68
82,118,69
82,118,70
82,118,71
82,118,72
82,118,73
82,118,74
82,119,64
82,119,65
82,119,66
82,119,67
82,119,68
82,119,69
82,119,70
82,119,71
82,119,72
82,119,73
82,119,74
82,120,64
82,120,65
82,120,66
82,120,67
82,120,68
82,120,69
82,120,70
82,120,71
82,120,72
82,120,73
82,120,74
82,121,66
82,121,67
82,121,68
82,121,69
82,121,70
82,121,71
82,121,72
82,121,73
82,121,74
82,122,68
82,122,69
82,122,70
82,122,71
82,122,72
82,122,73
82,122,74
82,122,75
82,123,65
82,123,66
82,123,67
82,123,68
82,123,69
82,123,70
82,123,71
82,123,72
82,123,73
82,123,74
82,123,75
82,124,66
82,124,67
82,124,68
82,124,69
82,124,70
82,124,71
82,124,72
82,124,73
82,124,74
82,124,75
82,125,67
82,125,68
82,125,69
82,125,70
82,125,71
82,125,72
82,125,73
82,125,74
82,125,75
82,126,69
82,126,70
82,126,71
82,126,72
82,126,73
82,126,74
82,126,75
82,127,69
82,127,70
82,127,71
82,127,72
82,127,73
82,127,74
82,127,75
82,128,69
82,128,70
82,128,71
82,128,72
82,128,73
82,128,74
82,128,75
82,129,71
82,129,72
82,129,73
82,129,74
82,129,75
82,130,68
82,130,69
82,130,70
82,130,71
82,130,72
82,130,73
82,130,74
82,130,75
82,131,68
82,131,69
82,131,70
82,131,71
82,131,72
82,131,73
82,131,74
82,132,66
82,132,67
82,132,68
82,132,69
82,132,70
82,132,71
82,132,72
82,132,73
82,132,74
82,133,64
82,133,65
82,133,66
82,133,67
82,133,68
82,133,69
82,133,70
82,133,71
82,133,72
82,133,73
82,133,74
82,134,64
82,134,65
82,134,66
82,134,67
82,134,68
82,134,69
82,134,70
82,134,71
82,134,72
82,134,73
82,134,74
82,135,63
82,135,64
82,135,65
82,135,66
82,135,67
82,135,68
82,135,69
82,135,70
82,135,71
82,135,72
82,135,73
82,135,74
82,136,63
82,136,64
82,136,65
82,136,66
82,136,67
82,136,68
82,136,69
82,136,70
82,136,71
82,136,72
82,136,73
82,136,74
83,110,58
83,110,59
83,110,60
83,110,61
83,110,62
83,110,63
83,110,64
83,110,65
83,111,58
83,111,59
83,111,60
83,111,61
83,111,62
83,111,63
83,112,59
83,112,60
83,112,61
83,112,62
83,112,63
83,112,64
83,112,65
83,112,66
83,112,67
83,112,68
83,112,69
83,113,59
83,113,60
83,113,61
83,113,62
83,113,63
83,113,64
83,113,65
83,113,66
83,113,67
83,113,68
83,113,69
83,113,70
83,114,60
83,114,61
83,114,62
83,114,63
83,114,64
83,114,65
83,114,66
83,114,67
83,114,68
83,114,69
83,114,70
83,114,71
83,115,61
83,115,62
83,115,63
83,115,64
83,115,65
83,115,66
83,115,67
83,115,68
83,115,69
83,115,70
83,115,71
83,115,72
83,116,62
83,116,63
83,116,64
83,116,65
83,116,66
83,116,67
83,116,68
83,116,69
83,116,70
83,116,71
83,116,72
83,117,63
83,117,64
83,117,65
83,117,66
83,117,67
83,117,68
83,117,69
83,117,70
83,117,71
83,117,72
83,117,73
83,118,64
83,118,65
83,118,66
83,118,67
83,118,68
83,118,69
83,118,70
83,118,71
83,118,72
83,118,73
83,118,74
83,119,65
83,119,66
83,119,67
83,119,68
83,119,69
83,119,70
83,119,71
83,119,72
83,119,73
83,119,74
83,120,65
83,120,66
83,120,67
83,120,68
83,120,69
83,120,70
83,120,71
83,120,72
83,120,73
83,120,74
83,121,66
83,121,67
83,121,68
83,121,69
83,121,70
83,121,71
83,121,72
83,121,73
83,121,74
83,122,67
83,122,68
83,122,69
83,122,70
83,122,71
83,122,72
83,122,73
83,122,74
83,123,67
83,123,68
83,123,69
83,123,70
83,123,71
83,123,72
83,123,73
83,123,74
83,124,68
83,124,69
83,124,70
83,124,71
83,124,72
83,124,73
83,124,74
83,124,75
83,125,69
83,125,70
83,125,71
83,125,72
83,125,73
83,125,74
83,125,75
83,126,63
83,126,69
83,126,70
83,126,71
83,126,72
83,126,73
83,126,74
83,126,75
83,127,60
83,127,61
83,127,62
83,127,63
83,127,64
83,127,70
83,127,71
83,127,72
83,127,73
83,127,74
83,128,70
83,128,71
83,128,72
83,128,73
83,128,74
83,129,70
83,129,71
83,129,72
83,129,73
83,129,74
83,130,64
83,130,65
83,130,66
83,130,67
83,130,69
83,130,70
83,130,71
83,130,72
83,130,73
83,130,74
83,131,61
83,131,62
83,131,63
83,131,64
83,131,65
83,131,66
83,131,67
83,131,68
83,131,69
83,131,70
83,131,71
83,131,72
83,131,73
83,131,74
83,132,61
83,132,62
83,132,63
83,132,64
83,132,65
83,132,66
83,132,67
83,132,68
83,132,69
83,132,70
83,132,71
83,132,72
83,132,73
83,132,74
83,133,62
83,133,63
83,133,64
83,133,65
83,133,66
83,133,67
83,133,68
83,133,69
83,133,70
83,133,71
83,133,72
83,133,73
83,133,74
83,134,63
83,134,64
83,134,65
83,134,66
83,134,67
83,134,68
83,134,69
83,134,70
83,134,71
83,134,72
83,134,73
83,134,74
83,135,63
83,135,64
83,135,65
83,135,66
83,135,67
83,135,68
83,135,69
83,135,70
83,135,71
83,135,72
83,135,73
83,135,74
83,136,63
83,136,64
83,136,65
83,136,66
83,136,67
83,136,68
83,136,69
83,136,70
83,136,71
83,136,72
83,136,73
83,136,74
84,110,56
84,110,57
84,110,58
84,110,59
84,110,60
84,110,61
84,110,62
84,110,63
84,111,56
84,111,57
84,111,58
84,111,59
84,111,60
84,111,61
84,111,62
84,112,57
84,112,58
84,112,59
84,112,60
84,112,61
84,112,62
84,112,63
84,112,64
84,112,65
84,112,66
84,113,57
84,113,58
84,113,59
84,113,60
84,113,61
84,113,62
84,113,63
84,113,64
84,113,65
84,113,66
84,113,67
84,113,68
84,113,69
84,113,70
84,114,58
84,114,59
84,114,60
84,114,61
84,114,62
84,114,63
84,114,64
84,114,65
84,114,66
84,114,67
84,114,68
84,114,69
84,114,70
84,114,71
84,115,59
84,115,60
84,115,61
84,115,62
84,115,63
84,115,64
84,115,65
84,115,66
84,115,67
84,115,68
84,115,69
84,115,70
84,115,71
84,116,60
84,116,61
84,116,62
84,116,63
84,116,64
84,116,65
84,116,66
84,116,67
84,116,68
84,116,69
84,116,70
84,116,71
84,116,72
84,117,61
84,117,62
84,117,63
84,117,64
84,117,65
84,117,66
84,117,67
84,117,68
84,117,69
84,117,70
84,117,71
84,117,72
84,117,73
84,118,63
84,118,64
84,118,65
84,118,66
84,118,67
84,118,68
84,118,69
84,118,70
84,118,71
84,118,72
84,118,73
84,119,64
84,119,65
84,119,66
84,119,67
84,119,68
84,119,69
84,119,70
84,119,71
84,119,72
84,119,73
84,120,65
84,120,66
84,120,67
84,120,68
84,120,69
84,120,70
84,120,71
84,120,72
84,120,73
84,120,74
84,121,66
84,121,67
84,121,68
84,121,69
84,121,70
84,121,71
84,121,72
84,121,73
84,121,74
84,122,67
84,122,68
84,122,69
84,122,70
84,122,71
84,122,72
84,122,73
84,122,74
84,123,68
84,123,69
84,123,70
84,123,71
84,123,72
84,123,73
84,123,74
84,124,68
84,124,69
84,124,70
84,124,71
84,124,72
84,124,73
84,124,74
84,125,69
84,125,70
84,125,71
84,125,72
84,125,73
84,125,74
84,126,62
84,126,63
84,126,64
84,126,65
84,126,69
84,126,70
84,126,71
84,126,72
84,126,73
84,126,74
84,127,61
84,127,62
84,127,63
84,127,64
84,127,65
84,127,66
84,127,70
84,127,71
84,127,72
84,127,73
84,127,74
84,128,67
84,128,70
84,128,71
84,128,72
84,128,73
84,128,74
84,129,67
84,129,69
84,129,70
84,129,71
84,129,72
84,129,73
84,129,74
84,130,64
84,130,65
84,130,66
84,130,67
84,130,68
84,130,69
84,130,70
84,130,71
84,130,72
84,130,73
84,130,74
84,131,61
84,131,62
84,131,63
84,131,65
84,131,66
84,131,67
84,131,68
84,131,69
84,131,70
84,131,71
84,131,72
84,131,73
84,131,74
84,132,59
84,132,60
84,132,61
84,132,62
84,132,63
84,132,64
84,132,65
84,132,66
84,132,67
84,132,68
84,132,69
84,132,70
84,132,71
84,132,72
84,132,73
84,132,74
84,133,61
84,133,62
84,133,63
84,133,64
84,133,65
84,133,66
84,133,67
84,133,68
84,133,69
84,133,70
84,133,71
84,133,72
84,133,73
84,133,74
84,134,63
84,134,64
84,134,65
84,134,66
84,134,67
84,134,68
84,134,69
84,134,70
84,134,71
84,134,72
84,134,73
84,134,74
84,135,63
84,135,64
84,135,65
84,135,66
84,135,67
84,135,68
84,135,69
84,135,70
84,135,71
84,135,72
84,135,73
84,136,65
84,136,66
84,136,67
84,136,68
84,136,69
84,136,70
84,136,71
84,136,72
84,136,73
85,110,54
85,110,55
85,110,56
85,110,57
85,110,58
85,110,59
85,110,60
85,110,61
85,110,62
85,111,55
85,111,56
85,111,57
85,111,58
85,111,59
85,111,60
85,111,61
85,112,55
85,112,56
85,112,57
85,112,58
85,112,59
85,112,60
85,112,61
85,112,62
85,112,63
85,112,64
85,113,56
85,113,57
85,113,58
85,113,59
85,113,60
85,113,61
85,113,62
85,113,63
85,113,64
85,113,65
85,113,66
85,114,56
85,114,57
85,114,58
85,114,59
85,114,60
85,114,61
85,114,62
85,114,63
85,114,64
85,114,65
85,114,66
85,114,67
85,114,68
85,114,69
85,114,70
85,115,57
85,115,58
85,115,59
85,115,60
85,115,61
85,115,62
85,115,63
85,115,64
85,115,65
85,115,66
85,115,67
85,115,68
85,115,69
85,115,70
85,115,71
85,116,58
85,116,59
85,116,60
85,116,61
85,116,62
85,116,63
85,116,64
85,116,65
85,116,66
85,116,67
85,116,68
85,116,69
85,116,70
85,116,71
85,116,72
85,117,59
85,117,60
85,117,61
85,117,62
85,117,63
85,117,64
85,117,65
85,117,66
85,117,67
85,117,68
85,117,69
85,117,70
85,117,71
85,117,72
85,118,61
85,118,62
85,118,63
85,118,64
85,118,65
85,118,66
85,118,67
85,118,68
85,118,69
85,118,70
85,118,71
85,118,72
85,118,73
85,119,62
85,119,63
85,119,64
85,119,65
85,119,66
85,119,67
85,119,68
85,119,69
85,119,70
85,119,71
85,119,72
85,119,73
85,120,64
85,120,65
85,120,66
85,120,67
85,120,68
85,120,69
85,120,70
85,120,71
85,120,72
85,120,73
85,121,65
85,121,66
85,121,67
85,121,68
85,121,69
85,121,70
85,121,71
85,121,72
85,121,73
85,122,66
85,122,67
85,122,68
85,122,69
85,122,70
85,122,71
85,122,72
85,122,73
85,123,67
85,123,68
85,123,69
85,123,70
85,123,71
85,123,72
85,123,73
85,123,74
85,124,68
85,124,69
85,124,70
85,124,71
85,124,72
85,124,73
85,124,74
85,125,69
85,125,70
85,125,71
85,125,72
85,125,73
85,125,74
85,126,61
85,126,62
85,126,63
85,126,64
85,126,65
85,126,66
85,126,69
85,126,70
85,126,71
85,126,72
85,126,73
85,126,74
85,127,61
85,127,62
85,127,63
85,127,64
85,127,65
85,127,66
85,127,67
85,127,69
85,127,70
85,127,71
85,127,72
85,127,73
85,127,74
85,128,65
85,128,66
85,128,67
85,128,68
85,128,69
85,128,70
85,128,71
85,128,72
85,128,73
85,128,74
85,129,66
85,129,67
85,129,68
85,129,69
85,129,70
85,129,71
85,129,72
85,129,73
85,129,74
85,130,67
85,130,68
85,130,69
85,130,70
85,130,71
85,130,72
85,130,73
85,130,74
85,131,61
85,131,62
85,131,67
85,131,68
85,131,69
85,131,70
85,131,71
85,131,72
85,131,73
85,131,74
85,132,59
85,132,60
85,132,61
85,132,65
85,132,66
85,132,67
85,132,68
85,132,69
85,132,70
85,132,71
85,132,72
85,132,73
85,132,74
85,133,61
85,133,65
85,133,66
85,133,67
85,133,68
85,133,69
85,133,70
85,133,71
85,133,72
85,133,73
85,133,74
85,134,64
85,134,65
85,134,66
85,134,67
85,134,68
85,134,69
85,134,70
85,134,71
85,134,72
85,134,73
85,135,63
85,135,64
85,135,65
85,135,66
85,135,67
85,135,68
85,135,69
85,135,70
85,135,71
85,135,72
85,135,73
85,136,66
85,136,67
85,136,68
85,136,69
85,136,70
85,136,71
85,136,72
85,136,73
86,110,54
86,110,55
86,110,56
86,110,57
86,110,58
86,110,59
86,110,60
86,110,61
86,111,54
86,111,55
86,111,56
86,111,57
86,111,58
86,111,59
86,111,60
86,112,54
86,112,55
86,112,56
86,112,57
86,112,58
86,112,59
86,112,60
86,112,61
86,112,62
86,113,55
86,113,56
86,113,57
86,113,58
86,113,59
86,113,60
86,113,61
86,113,62
86,113,63
86,113,64
86,114,55
86,114,56
86,114,57
86,114,58
86,114,59
86,114,60
86,114,61
86,114,62
86,114,63
86,114,64
86,114,65
86,114,66
86,114,67
86,114,68
86,114,69
86,114,70
86,115,56
86,115,57
86,115,58
86,115,59
86,115,60
86,115,61
86,115,62
86,115,63
86,115,64
86,115,65
86,115,66
86,115,67
86,115,68
86,115,69
86,115,70
86,116,57
86,116,58
86,116,59
86,116,60
86,116,61
86,116,62
86,116,63
86,116,64
86,116,65
86,116,66
86,116,67
86,116,68
86,116,69
86,116,70
86,116,71
86,117,58
86,117,59
86,117,60
86,117,61
86,117,62
86,117,63
86,117,64
86,117,65
86,117,66
86,117,67
86,117,68
86,117,69
86,117,70
86,117,71
86,118,59
86,118,60
86,118,61
86,118,62
86,118,63
86,118,64
86,118,65
86,118,66
86,118,67
86,118,68
86,118,69
86,118,70
86,118,71
86,118,72
86,119,61
86,119,62
86,119,63
86,119,64
86,119,65
86,119,66
86,119,67
86,119,68
86,119,69
86,119,70
86,119,71
86,119,72
86,120,62
86,120,63
86,120,64
86,120,65
86,120,66
86,120,67
86,120,68
86,120,69
86,120,70
86,120,71
86,120,72
86,120,73
86,121,64
86,121,65
86,121,66
86,121,67
86,121,68
86,121,69
86,121,70
86,121,71
86,121,72
86,121,73
86,122,66
86,122,67
86,122,68
86,122,69
86,122,70
86,122,71
86,122,72
86,122,73
86,123,67
86,123,68
86,123,69
86,123,70
86,123,71
86,123,72
86,123,73
86,124,68
86,124,69
86,124,70
86,124,71
86,124,72
86,124,73
86,125,68
86,125,69
86,125,70
86,125,71
86,125,72
86,125,73
86,126,60
86,126,61
86,126,62
86,126,63
86,126,64
86,126,65
86,126,66
86,126,67
86,126,68
86,126,69
86,126,70
86,126,71
86,126,72
86,126,73
86,127,62
86,127,63
86,127,64
86,127,65
86,127,66
86,127,67
86,127,68
86,127,69
86,127,70
86,127,71
86,127,72
86,127,73
86,127,74
86,128,65
86,128,66
86,128,67
86,128,68
86,128,69
86,128,70
86,128,71
86,128,72
86,128,73
86,128,74
86,129,66
86,129,67
86,129,68
86,129,69
86,129,70
86,129,71
86,129,72
86,129,73
86,129,74
86,130,69
86,130,70
86,130,71
86,130,72
86,130,73
86,130,74
86,131,67
86,131,68
86,131,69
86,131,70
86,131,71
86,131,72
86,131,73
86,132,66
86,132,67
86,132,68
86,132,69
86,132,70
86,132,71
86,132,72
86,132,73
86,133,61
86,133,66
86,133,67
86,133,68
86,133,69
86,133,70
86,133,71
86,133,72
86,133,73
86,134,67
86,134,68
86,134,69
86,134,70
86,134,71
86,134,72
86,134,73
86,135,63
86,135,64
86,135,65
86,135,66
86,135,67
86,135,68
86,135,69
86,135,70
86,135,71
86,135,72
86,135,73
86,136,66
86,136,67
86,136,68
86,136,69
86,136,70
86,136,71
86,136,72
86,136,73
87,110,53
87,110,54
87,110,55
87,110,56
87,110,57
87,110,58
87,110,59
87,111,53
87,111,54
87,111,55
87,111,56
87,111,57
87,111,58
87,111,59
87,112,54
87,112,55
87,112,56
87,112,57
87,112,58
87,112,59
87,112,60
87,112,61
87,113,54
87,113,55
87,113,56
87,113,57
87,113,58
87,113,59
87,113,60
87,113,61
87,113,62
87,114,54
87,114,55
87,114,56
87,114,57
87,114,58
87,114,59
87,114,60
87,114,61
87,114,62
87,114,63
87,114,64
87,114,65
87,114,66
87,114,67
87,114,68
87,114,69
87,115,55
87,115,56
87,115,57
87,115,58
87,115,59
87,115,60
87,115,61
87,115,62
87,115,63
87,115,64
87,115,65
87,115,66
87,115,67
87,115,68
87,115,69
87,116,55
87,116,56
87,116,57
87,116,58
87,116,59
87,116,60
87,116,61
87,116,62
87,116,63
87,116,64
87,116,65
87,116,66
87,116,67
87,116,68
87,116,69
87,116,70
87,117,56
87,117,57
87,117,58
87,117,59
87,117,60
87,117,61
87,117,62
87,117,63
87,117,64
87,117,65
87,117,66
87,117,67
87,117,68
87,117,69
87,117,70
87,117,71
87,118,58
87,118,59
87,118,60
87,118,61
87,118,62
87,118,63
87,118,64
87,118,65
87,118,66
87,118,67
87,118,68
87,118,69
87,118,70
87,118,71
87,119,59
87,119,60
87,119,61
87,119,62
87,119,63
87,119,64
87,119,65
87,119,66
87,119,67
87,119,68
87,119,69
87,119,70
87,119,71
87,120,61
87,120,62
87,120,63
87,120,64
87,120,65
87,120,66
87,120,67
87,120,68
87,120,69
87,120,70
87,120,71
87,120,72
87,121,63
87,121,64
87,121,65
87,121,66
87,121,67
87,121,68
87,121,69
87,121,70
87,121,71
87,121,72
87,122,65
87,122,66
87,122,67
87,122,68
87,122,69
87,122,70
87,122,71
87,122,72
87,123,66
87,123,67
87,123,68
87,123,69
87,123,70
87,123,71
87,123,72
87,123,73
87,124,67
87,124,68
87,124,69
87,124,70
87,124,71
87,124,72
87,124,73
87,125,67
87,125,68
87,125,69
87,125,70
87,125,71
87,125,72
87,125,73
87,126,58
87,126,59
87,126,60
87,126,61
87,126,62
87,126,63
87,126,64
87,126,65
87,126,66
87,126,67
87,126,68
87,126,69
87,126,70
87,126,71
87,126,72
87,126,73
87,127,61
87,127,62
87,127,63
87,127,64
87,127,65
87,127,66
87,127,67
87,127,68
87,127,69
87,127,70
87,127,71
87,127,72
87,127,73
87,128,63
87,128,64
87,128,65
87,128,66
87,128,67
87,128,68
87,128,69
87,128,70
87,128,71
87,128,72
87,128,73
87,129,63
87,129,64
87,129,65
87,129,66
87,129,67
87,129,68
87,129,69
87,129,70
87,129,71
87,129,72
87,129,73
87,130,63
87,130,64
87,130,70
87,130,71
87,130,72
87,130,73
87,131,68
87,131,69
87,131,70
87,131,71
87,131,72
87,131,73
87,132,68
87,132,69
87,132,70
87,132,71
87,132,72
87,132,73
87,133,66
87,133,67
87,133,68
87,133,69
87,133,70
87,133,71
87,133,72
87,134,68
87,134,69
87,134,70
87,134,71
87,134,72
87,135,64
87,135,65
87,135,66
87,135,67
87,135,68
87,135,69
87,135,70
87,135,71
87,135,72
87,136,67
87,136,68
87,136,69
87,136,70
87,136,71
88,110,53
88,110,54
88,110,55
88,110,56
88,110,57
88,111,53
88,111,54
88,111,55
88,111,56
88,112,53
88,112,54
88,112,55
88,112,56
88,112,57
88,112,58
88,112,59
88,113,53
88,113,54
88,113,55
88,113,56
88,113,57
88,113,58
88,113,59
88,114,54
88,114,55
88,114,56
88,114,57
88,114,58
88,114,59
88,114,60
88,114,61
88,114,62
88,115,54
88,115,55
88,115,56
88,115,57
88,115,58
88,115,59
88,115,60
88,115,61
88,115,62
88,115,63
88,115,64
88,115,65
88,115,66
88,115,67
88,116,55
88,116,56
88,116,57
88,116,58
88,116,59
88,116,60
88,116,61
88,116,62
88,116,63
88,116,64
88,116,65
88,116,66
88,116,67
88,116,68
88,116,69
88,117,55
88,117,56
88,117,57
88,117,58
88,117,59
88,117,60
88,117,61
88,117,62
88,117,63
88,117,64
88,117,65
88,117,66
88,117,67
88,117,68
88,117,69
88,118,56
88,118,57
88,118,58
88,118,59
88,118,60
88,118,61
88,118,62
88,118,63
88,118,64
88,118,65
88,118,66
88,118,67
88,118,68
88,118,69
88,118,70
88,118,71
88,119,58
88,119,59
88,119,60
88,119,61
88,119,62
88,119,63
88,119,64
88,119,65
88,119,66
88,119,67
88,119,68
88,119,69
88,119,70
88,119,71
88,120,60
88,120,61
88,120,62
88,120,63
88,120,64
88,120,65
88,120,66
88,120,67
88,120,68
88,120,69
88,120,70
88,120,71
88,121,62
88,121,63
88,121,64
88,121,65
88,121,66
88,121,67
88,121,68
88,121,69
88,121,70
88,121,71
88,121,72
88,122,64
88,122,65
88,122,66
88,122,67
88,122,68
88,122,69
88,122,70
88,122,71
88,122,72
88,123,65
88,123,66
88,123,67
88,123,68
88,123,69
88,123,70
88,123,71
88,123,72
88,124,66
88,124,67
88,124,68
88,124,69
88,124,70
88,124,71
88,124,72
88,125,67
88,125,68
88,125,69
88,125,70
88,125,71
88,125,72
88,126,58
88,126,59
88,126,60
88,126,61
88,126,62
88,126,63
88,126,64
88,126,65
88,126,66
88,126,67
88,126,68
88,126,69
88,126,70
88,126,71
88,126,72
88,127,57
88,127,58
88,127,59
88,127,60
88,127,61
88,127,62
88,127,63
88,127,64
88,127,65
88,127,66
88,127,67
88,127,68
88,127,69
88,127,70
88,127,71
88,127,72
88,127,73
88,128,59
88,128,60
88,128,61
88,128,62
88,128,63
88,128,64
88,128,65
88,128,66
88,128,67
88,128,68
88,128,69
88,128,70
88,128,71
88,128,72
88,128,73
88,129,60
88,129,61
88,129,62
88,129,63
88,129,64
88,129,65
88,129,66
88,129,67
88,129,68
88,129,69
88,129,70
88,129,71
88,129,72
88,129,73
88,130,61
88,130,62
88,130,63
88,130,64
88,130,65
88,130,72
88,130,73
88,131,63
88,131,64
88,131,70
88,131,71
88,131,72
88,132,60
88,132,61
88,132,62
88,132,63
88,132,69
88,132,70
88,132,71
88,132,72
88,133,70
88,133,71
88,134,70
88,134,71
88,135,66
88,135,67
88,135,68
88,135,69
88,135,70
88,136,67
88,136,68
88,136,69
88,136,70
89,110,53
89,110,54
89,110,55
89,110,56
89,111,53
89,111,54
89,111,55
89,112,53
89,112,54
89,112,55
89,112,56
89,113,53
89,113,54
89,113,55
89,113,56
89,113,57
89,114,53
89,114,54
89,114,55
89,114,56
89,114,57
89,114,58
89,115,54
89,115,55
89,115,56
89,115,57
89,115,58
89,115,59
89,115,60
89,115,61
89,116,54
89,116,55
89,116,56
89,116,57
89,116,58
89,116,59
89,116,60
89,116,61
89,116,62
89,116,63
89,116,64
89,116,65
89,116,66
89,116,67
89,117,55
89,117,56
89,117,57
89,117,58
89,117,59
89,117,60
89,117,61
89,117,62
89,117,63
89,117,64
89,117,65
89,117,66
89,117,67
89,117,68
89,118,56
89,118,57
89,118,58
89,118,59
89,118,60
89,118,61
89,118,62
89,118,63
89,118,64
89,118,65
89,118,66
89,118,67
89,118,68
89,118,69
89,118,70
89,119,57
89,119,58
89,119,59
89,119,60
89,119,61
89,119,62
89,119,63
89,119,64
89,119,65
89,119,66
89,119,67
89,119,68
89,119,69
89,119,70
89,120,59
89,120,60
89,120,61
89,120,62
89,120,63
89,120,64
89,120,65
89,120,66
89,120,67
89,120,68
89,120,69
89,120,70
89,120,71
89,121,61
89,121,62
89,121,63
89,121,64
89,121,65
89,121,66
89,121,67
89,121,68
89,121,69
89,121,70
89,121,71
89,122,63
89,122,64
89,122,65
89,122,66
89,122,67
89,122,68
89,122,69
89,122,70
89,122,71
89,123,64
89,123,65
89,123,66
89,123,67
89,123,68
89,123,69
89,123,70
89,123,71
89,124,66
89,124,67
89,124,68
89,124,69
89,124,70
89,124,71
89,124,72
89,125,66
89,125,67
89,125,68
89,125,69
89,125,70
89,125,71
89,125,72
89,126,56
89,126,57
89,126,58
89,126,59
89,126,60
89,126,61
89,126,62
89,126,63
89,126,64
89,126,65
89,126,66
89,126,67
89,126,68
89,126,69
89,126,70
89,126,71
89,126,72
89,127,55
89,127,56
89,127,57
89,127,58
89,127,59
89,127,60
89,127,61
89,127,62
89,127,63
89,127,64
89,127,65
89,127,66
89,127,67
89,127,68
89,127,69
89,127,70
89,127,71
89,127,72
89,128,58
89,128,59
89,128,60
89,128,61
89,128,62
89,128,63
89,128,64
89,128,65
89,128,66
89,128,67
89,128,68
89,128,69
89,128,70
89,128,71
89,128,72
89,129,57
89,129,58
89,129,59
89,129,60
89,129,61
89,129,62
89,129,63
89,129,64
89,129,65
89,129,66
89,129,67
89,129,68
89,129,69
89,129,70
89,129,71
89,129,72
89,130,59
89,130,60
89,130,61
89,130,62
89,130,63
89,130,64
89,130,65
89,130,66
89,130,67
89,131,61
89,131,62
89,131,63
89,131,64
89,131,65
89,131,71
89,131,72
89,132,59
89,132,60
89,132,61
89,132,62
89,132,63
89,132,64
89,132,65
89,132,70
89,132,71
89,133,62
89,133,63
89,135,69
90,110,53
90,110,54
90,110,55
90,110,56
90,111,53
90,111,54
90,111,55
90,112,53
90,112,54
90,112,55
90,112,56
90,113,53
90,113,54
90,113,55
90,113,56
90,114,53
90,114,54
90,114,55
90,114,56
90,115,53
90,115,54
90,115,55
90,115,56
90,115,57
90,115,58
90,116,54
90,116,55
90,116,56
90,116,57
90,116,58
90,116,59
90,117,54
90,117,55
90,117,56
90,117,57
90,117,58
90,117,59
90,117,60
90,117,61
90,117,62
90,117,63
90,117,64
90,117,65
90,117,66
90,117,67
90,118,55
90,118,56
90,118,57
90,118,58
90,118,59
90,118,60
90,118,61
90,118,62
90,118,63
90,118,64
90,118,65
90,118,66
90,118,67
90,118,68
90,119,56
90,119,57
90,119,58
90,119,59
90,119,60
90,119,61
90,119,62
90,119,63
90,119,64
90,119,65
90,119,66
90,119,67
90,119,68
90,119,69
90,119,70
90,120,57
90,120,58
90,120,59
90,120,60
90,120,61
90,120,62
90,120,63
90,120,64
90,120,65
90,120,66
90,120,67
90,120,68
90,120,69
90,120,70
90,121,59
90,121,60
90,121,61
90,121,62
90,121,63
90,121,64
90,121,65
90,121,66
90,121,67
90,121,68
90,121,69
90,121,70
90,121,71
90,122,61
90,122,62
90,122,63
90,122,64
90,122,65
90,122,66
90,122,67
90,122,68
90,122,69
90,122,70
90,122,71
90,123,63
90,123,64
90,123,65
90,123,66
90,123,67
90,123,68
90,123,69
90,123,70
90,123,71
90,124,64
90,124,65
90,124,66
90,124,67
90,124,68
90,124,69
90,124,70
90,124,71
90,125,65
90,125,66
90,125,67
90,125,68
90,125,69
90,125,70
90,125,71
90,125,72
90,126,54
90,126,55
90,126,56
90,126,57
90,126,58
90,126,59
90,126,60
90,126,61
90,126,62
90,126,63
90,126,64
90,126,65
90,126,66
90,126,67
90,126,68
90,126,69
90,126,70
90,126,71
90,126,72
90,127,54
90,127,55
90,127,56
90,127,57
90,127,58
90,127,59
90,127,60
90,127,61
90,127,62
90,127,63
90,127,64
90,127,65
90,127,66
90,127,67
90,127,68
90,127,69
90,127,70
90,127,71
90,128,56
90,128,57
90,128,58
90,128,59
90,128,60
90,128,61
90,128,62
90,128,63
90,128,64
90,128,65
90,128,66
90,128,67
90,128,68
90,128,69
90,128,70
90,128,71
90,129,56
90,129,57
90,129,58
90,129,59
90,129,60
90,129,61
90,129,62
90,129,63
90,129,64
90,129,65
90,129,66
90,129,67
90,129,68
90,129,69
90,129,70
90,129,71
90,130,58
90,130,59
90,130,60
90,130,61
90,130,62
90,130,63
90,130,64
90,130,65
90,130,66
90,130,67
90,130,68
90,130,69
90,131,60
90,131,61
90,131,62
90,131,63
90,131,64
90,131,65
90,131,66
90,131,67
90,132,58
90,132,59
90,132,60
90,132,61
90,132,62
90,132,63
90,132,64
90,132,65
90,132,66
90,133,61
90,133,62
90,133,63
90,133,64
91,110,53
91,110,54
91,110,55
91,111,55
91,111,56
91,111,57
91,112,53
91,112,54
91,112,55
91,112,56
91,113,53
91,113,54
91,113,55
91,113,56
91,114,53
91,114,54
91,114,55
91,114,56
91,115,53
91,115,54
91,115,55
91,116,53
91,116,54
91,116,55
91,116,56
91,116,57
91,116,58
91,117,54
91,117,55
91,117,56
91,117,57
91,117,58
91,117,59
91,117,60
91,117,61
91,117,62
91,117,63
91,117,64
91,117,65
91,118,54
91,118,55
91,118,56
91,118,57
91,118,58
91,118,59
91,118,60
91,118,61
91,118,62
91,118,63
91,118,64
91,118,65
91,118,66
91,118,67
91,119,55
91,119,56
91,119,57
91,119,58
91,119,59
91,119,60
91,119,61
91,119,62
91,119,63
91,119,64
91,119,65
91,119,66
91,119,67
91,119,68
91,119,69
91,120,56
91,120,57
91,120,58
91,120,59
91,120,60
91,120,61
91,120,62
91,120,63
91,120,64
91,120,65
91,120,66
91,120,67
91,120,68
91,120,69
91,121,57
91,121,58
91,121,59
91,121,60
91,121,61
91,121,62
91,121,63
91,121,64
91,121,65
91,121,66
91,121,67
91,121,68
91,121,69
91,121,70
91,122,59
91,122,60
91,122,61
91,122,62
91,122,63
91,122,64
91,122,65
91,122,66
91,122,67
91,122,68
91,122,69
91,122,70
91,122,71
91,123,61
91,123,62
91,123,63
91,123,64
91,123,65
91,123,66
91,123,67
91,123,68
91,123,69
91,123,70
91,123,71
91,124,62
91,124,63
91,124,64
91,124,65
91,124,66
91,124,67
91,124,68
91,124,69
91,124,70
91,124,71
91,125,63
91,125,64
91,125,65
91,125,66
91,125,67
91,125,68
91,125,69
91,125,70
91,125,71
91,126,54
91,126,55
91,126,56
91,126,57
91,126,58
91,126,59
91,126,60
91,126,62
91,126,63
91,126,64
91,126,65
91,126,66
91,126,67
91,126,68
91,126,69
91,126,70
91,126,71
91,127,53
91,127,54
91,127,55
91,127,56
91,127,57
91,127,58
91,127,59
91,127,60
91,127,61
91,127,62
91,127,63
91,127,64
91,127,65
91,127,66
91,127,67
91,127,68
91,127,69
91,127,70
91,127,71
91,128,55
91,128,56
91,128,57
91,128,58
91,128,59
91,128,60
91,128,61
91,128,62
91,128,63
91,128,64
91,128,65
91,128,66
91,128,67
91,128,68
91,128,69
91,128,70
91,128,71
91,129,55
91,129,56
91,129,57
91,129,58
91,129,59
91,129,60
91,129,61
91,129,62
91,129,63
91,129,64
91,129,65
91,129,66
91,129,67
91,129,68
91,129,69
91,129,70
91,130,57
91,130,58
91,130,59
91,130,60
91,130,61
91,130,62
91,130,63
91,130,64
91,130,65
91,130,66
91,130,67
91,130,68
91,130,69
91,130,70
91,131,59
91,131,60
91,131,61
91,131,62
91,131,63
91,131,64
91,131,65
91,131,66
91,131,67
91,131,68
91,131,69
91,132,57
91,132,58
91,132,59
91,132,60
91,132,61
91,132,62
91,132,63
91,132,64
91,132,65
91,132,66
91,132,67
91,133,60
91,133,61
91,133,62
91,133,63
91,133,64
91,133,65
91,133,66
92,110,53
92,110,54
92,112,53
92,112,54
92,113,53
92,113,54
92,113,55
92,114,53
92,114,54
92,115,53
92,115,54
92,115,55
92,116,53
92,116,54
92,116,55
92,116,56
92,116,57
92,117,53
92,117,54
92,117,55
92,117,56
92,117,57
92,118,54
92,118,55
92,118,56
92,118,57
92,118,58
92,118,59
92,118,60
92,118,61
92,118,62
92,118,63
92,118,64
92,118,65
92,118,66
92,119,54
92,119,55
92,119,56
92,119,57
92,119,58
92,119,59
92,119,60
92,119,61
92,119,62
92,119,63
92,119,64
92,119,65
92,119,66
92,119,67
92,119,68
92,120,55
92,120,56
92,120,57
92,120,58
92,120,59
92,120,60
92,120,61
92,120,62
92,120,63
92,120,64
92,120,65
92,120,66
92,120,67
92,120,68
92,121,56
92,121,57
92,121,58
92,121,59
92,121,60
92,121,61
92,121,62
92,121,63
92,121,64
92,121,65
92,121,66
92,121,67
92,121,68
92,121,69
92,122,57
92,122,58
92,122,59
92,122,60
92,122,61
92,122,62
92,122,63
92,122,64
92,122,65
92,122,66
92,122,67
92,122,68
92,122,69
92,122,70
92,123,59
92,123,60
92,123,61
92,123,62
92,123,63
92,123,64
92,123,65
92,123,66
92,123,67
92,123,68
92,123,69
92,123,70
92,124,59
92,124,60
92,124,61
92,124,62
92,124,63
92,124,64
92,124,65
92,124,66
92,124,67
92,124,68
92,124,69
92,124,70
92,124,71
92,125,61
92,125,62
92,125,63
92,125,64
92,125,65
92,125,66
92,125,67
92,125,68
92,125,69
92,125,70
92,126,54
92,126,55
92,126,56
92,126,57
92,126,58
92,126,62
92,126,63
92,126,64
92,126,65
92,126,66
92,126,67
92,126,68
92,126,69
92,126,70
92,127,53
92,127,54
92,127,55
92,127,56
92,127,57
92,127,58
92,127,59
92,127,60
92,127,61
92,127,62
92,127,63
92,127,64
92,127,65
92,127,66
92,127,67
92,127,68
92,127,69
92,127,70
92,128,56
92,128,57
92,128,58
92,128,59
92,128,60
92,128,61
92,128,62
92,128,63
92,128,64
92,128,65
92,128,66
92,128,67
92,128,68
92,128,69
92,128,70
92,129,57
92,129,58
92,129,59
92,129,60
92,129,61
92,129,62
92,129,63
92,129,64
92,129,65
92,129,66
92,129,67
92,129,68
92,129,69
92,129,70
92,130,56
92,130,57
92,130,58
92,130,59
92,130,60
92,130,61
92,130,62
92,130,63
92,130,64
92,130,65
92,130,66
92,130,67
92,130,68
92,130,69
92,131,57
92,131,58
92,131,59
92,131,60
92,131,61
92,131,62
92,131,63
92,131,64
92,131,65
92,131,66
92,131,67
92,131,68
92,131,69
92,132,56
92,132,57
92,132,58
92,132,59
92,132,60
92,132,61
92,132,62
92,132,63
92,132,64
92,132,65
92,132,66
92,132,67
92,132,68
92,133,59
92,133,60
92,133,61
92,133,62
92,133,63
92,133,64
92,133,65
92,133,66
92,134,63
93,112,53
93,113,53
93,113,54
93,114,53
93,115,53
93,116,53
93,116,54
93,116,55
93,117,54
93,117,55
93,117,56
93,118,54
93,118,55
93,118,56
93,118,57
93,118,58
93,118,59
93,118,60
93,118,61
93,118,62
93,118,63
93,118,64
93,118,65
93,119,54
93,119,55
93,119,56
93,119,57
93,119,58
93,119,59
93,119,60
93,119,61
93,119,62
93,119,63
93,119,64
93,119,65
93,119,66
93,119,67
93,120,54
93,120,55
93,120,56
93,120,57
93,120,58
93,120,59
93,120,60
93,120,61
93,120,62
93,120,63
93,120,64
93,120,65
93,120,66
93,120,67
93,120,68
93,121,55
93,121,56
93,121,57
93,121,58
93,121,59
93,121,60
93,121,61
93,121,62
93,121,63
93,121,64
93,121,65
93,121,66
93,121,67
93,121,68
93,122,56
93,122,57
93,122,58
93,122,59
93,122,60
93,122,61
93,122,62
93,122,63
93,122,64
93,122,65
93,122,66
93,122,67
93,122,68
93,122,69
93,123,57
93,123,58
93,123,59
93,123,60
93,123,61
93,123,62
93,123,63
93,123,64
93,123,65
93,123,66
93,123,67
93,123,68
93,123,69
93,123,70
93,124,57
93,124,58
93,124,59
93,124,60
93,124,61
93,124,62
93,124,63
93,124,64
93,124,65
93,124,66
93,124,67
93,124,68
93,124,69
93,124,70
93,125,59
93,125,60
93,125,61
93,125,62
93,125,63
93,125,64
93,125,65
93,125,66
93,125,67
93,125,68
93,125,69
93,125,70
93,126,55
93,126,56
93,126,60
93,126,61
93,126,62
93,126,63
93,126,64
93,126,65
93,126,66
93,126,67
93,126,68
93,126,69
93,126,70
93,127,53
93,127,54
93,127,55
93,127,56
93,127,57
93,127,58
93,127,61
93,127,62
93,127,63
93,127,64
93,127,65
93,127,66
93,127,67
93,127,68
93,127,69
93,127,70
93,128,57
93,128,58
93,128,59
93,128,60
93,128,61
93,128,62
93,128,63
93,128,64
93,128,65
93,128,66
93,128,67
93,128,68
93,128,69
93,129,58
93,129,59
93,129,60
93,129,61
93,129,62
93,129,63
93,129,64
93,129,65
93,129,66
93,129,67
93,129,68
93,129,69
93,130,56
93,130,57
93,130,58
93,130,59
93,130,60
93,130,61
93,130,62
93,130,63
93,130,64
93,130,65
93,130,66
93,130,67
93,130,68
93,130,69
93,131,56
93,131,57
93,131,58
93,131,59
93,131,60
93,131,61
93,131,62
93,131,63
93,131,64
93,131,65
93,131,66
93,131,67
93,131,68
93,132,56
93,132,57
93,132,58
93,132,59
93,132,60
93,132,61
93,132,62
93,132,63
93,132,64
93,132,65
93,132,66
93,132,67
93,133,58
93,133,59
93,133,60
93,133,61
93,133,62
93,133,63
93,133,64
93,133,65
93,133,66
93,134,61
93,134,62
94,113,53
94,116,53
94,116,54
94,118,54
94,118,55
94,118,56
94,119,54
94,119,55
94,119,65
94,119,66
94,120,54
94,120,55
94,120,56
94,120,57
94,120,58
94,120,59
94,120,60
94,120,61
94,120,62
94,120,63
94,120,64
94,120,65
94,120,66
94,120,67
94,121,55
94,121,56
94,121,57
94,121,58
94,121,59
94,121,60
94,121,61
94,121,62
94,121,63
94,121,64
94,121,65
94,121,66
94,121,67
94,121,68
94,122,55
94,122,56
94,122,57
94,122,58
94,122,59
94,122,60
94,122,61
94,122,62
94,122,63
94,122,64
94,122,65
94,122,66
94,122,67
94,122,68
94,122,69
94,123,56
94,123,57
94,123,58
94,123,59
94,123,60
94,123,61
94,123,62
94,123,63
94,123,64
94,123,65
94,123,66
94,123,67
94,123,68
94,123,69
94,124,56
94,124,57
94,124,58
94,124,59
94,124,60
94,124,61
94,124,62
94,124,63
94,124,64
94,124,65
94,124,66
94,124,67
94,124,68
94,124,69
94,125,57
94,125,58
94,125,59
94,125,60
94,125,61
94,125,62
94,125,63
94,125,64
94,125,65
94,125,66
94,125,67
94,125,68
94,125,69
94,126,58
94,126,59
94,126,60
94,126,61
94,126,62
94,126,63
94,126,64
94,126,65
94,126,66
94,126,67
94,126,68
94,126,69
94,127,54
94,127,55
94,127,56
94,127,60
94,127,61
94,127,62
94,127,63
94,127,64
94,127,65
94,127,66
94,127,67
94,127,68
94,127,69
94,128,57
94,128,58
94,128,59
94,128,60
94,128,61
94,128,62
94,128,63
94,128,64
94,128,65
94,128,66
94,128,67
94,128,68
94,128,69
94,129,59
94,129,60
94,129,61
94,129,62
94,129,63
94,129,64
94,129,65
94,129,66
94,129,67
94,129,68
94,130,56
94,130,57
94,130,58
94,130,59
94,130,60
94,130,61
94,130,62
94,130,63
94,130,64
94,130,65
94,130,66
94,130,67
94,130,68
94,131,56
94,131,57
94,131,58
94,131,59
94,131,60
94,131,61
94,131,62
94,131,63
94,131,64
94,131,65
94,131,66
94,131,67
94,132,56
94,132,57
94,132,58
94,132,59
94,132,60
94,132,61
94,132,62
94,132,63
94,132,64
94,132,65
94,132,66
94,133,58
94,133,59
94,133,60
94,133,61
94,133,62
94,133,63
94,133,64
94,133,65
94,134,60
94,134,61
94,134,62
94,134,63
94,134,64
95,116,53
95,120,55
95,120,56
95,120,66
95,121,54
95,121,55
95,121,56
95,121,57
95,121,58
95,121,59
95,121,60
95,121,61
95,121,62
95,121,63
95,121,64
95,121,65
95,121,66
95,121,67
95,122,55
95,122,56
95,122,57
95,122,58
95,122,59
95,122,60
95,122,61
95,122,62
95,122,63
95,122,64
95,122,65
95,122,66
95,122,67
95,122,68
95,123,55
95,123,56
95,123,57
95,123,58
95,123,59
95,123,60
95,123,61
95,123,62
95,123,63
95,123,64
95,123,65
95,123,66
95,123,67
95,123,68
95,124,56
95,124,57
95,124,58
95,124,59
95,124,60
95,124,61
95,124,62
95,124,63
95,124,64
95,124,65
95,124,66
95,124,67
95,124,68
95,125,56
95,125,57
95,125,58
95,125,59
95,125,60
95,125,61
95,125,62
95,125,63
95,125,64
95,125,65
95,125,66
95,125,67
95,125,68
95,125,69
95,126,58
95,126,59
95,126,60
95,126,61
95,126,62
95,126,63
95,126,64
95,126,65
95,126,66
95,126,67
95,126,68
95,126,69
95,127,58
95,127,59
95,127,60
95,127,61
95,127,62
95,127,63
95,127,64
95,127,65
95,127,66
95,127,67
95,127,68
95,127,69
95,128,58
95,128,59
95,128,60
95,128,61
95,128,62
95,128,63
95,128,64
95,128,65
95,128,66
95,128,67
95,128,68
95,129,60
95,129,61
95,129,62
95,129,63
95,129,64
95,129,65
95,129,66
95,129,67
95,129,68
95,130,57
95,130,58
95,130,59
95,130,60
95,130,61
95,130,62
95,130,63
95,130,64
95,130,65
95,130,66
95,130,67
95,131,57
95,131,58
95,131,59
95,131,60
95,131,61
95,131,62
95,131,63
95,131,64
95,131,65
95,131,66
95,132,57
95,132,58
95,132,59
95,132,60
95,132,61
95,132,62
95,132,63
95,132,64
95,132,65
95,133,58
95,133,59
95,133,60
95,133,61
95,133,62
95,133,63
95,133,64
95,134,58
95,134,59
95,134,60
95,134,61
95,134,62
96,121,54
96,121,55
96,121,56
96,122,54
96,122,55
96,122,56
96,122,57
96,123,55
96,123,56
96,123,57
96,123,58
96,123,59
96,123,60
96,123,61
96,123,62
96,123,63
96,123,64
96,123,65
96,123,66
96,123,67
96,124,55
96,124,56
96,124,57
96,124,58
96,124,59
96,124,60
96,124,61
96,124,62
96,124,63
96,124,64
96,124,65
96,124,66
96,124,67
96,124,68
96,125,56
96,125,57
96,125,58
96,125,59
96,125,60
96,125,61
96,125,62
96,125,63
96,125,64
96,125,65
96,125,66
96,125,67
96,125,68
96,126,58
96,126,59
96,126,60
96,126,61
96,126,62
96,126,63
96,126,64
96,126,65
96,126,66
96,126,67
96,126,68
96,127,58
96,127,59
96,127,60
96,127,61
96,127,62
96,127,63
96,127,64
96,127,65
96,127,66
96,127,67
96,127,68
96,128,60
96,128,61
96,128,62
96,128,63
96,128,64
96,128,65
96,128,66
96,128,67
96,129,61
96,129,62
96,129,63
96,129,64
96,129,65
96,129,66
96,129,67
96,130,58
96,130,59
96,130,60
96,130,61
96,130,62
96,130,63
96,130,64
96,130,65
96,130,66
96,131,59
96,131,60
96,131,61
96,131,62
96,131,63
96,131,64
96,131,65
96,132,59
96,132,60
96,132,61
96,132,62
96,132,63
96,132,64
96,133,59
96,133,60
96,133,61
96,133,62
96,133,63
96,134,58
96,134,59
96,134,60
96,134,61
96,134,62
96,135,60
97,121,54
97,121,55
97,121,56
97,121,57
97,122,55
97,122,56
97,124,56
97,124,57
97,124,58
97,125,57
97,125,58
97,126,59
97,126,60
97,126,61
97,126,62
97,126,63
97,126,64
97,126,65
97,126,66
97,126,67
97,127,59
97,127,60
97,127,61
97,127,66
97,128,61
97,128,62
97,128,63
97,128,64
97,128,65
97,128,66
97,129,62
97,129,63
97,129,64
97,129,65
97,129,66
97,130,59
97,130,60
97,130,61
97,130,62
97,130,63
97,130,64
97,130,65
97,131,60
97,131,61
97,131,62
97,131,63
97,131,64
97,132,60
97,132,61
97,132,62
97,132,63
97,133,60
97,133,61
97,133,62
97,134,58
97,134,59
97,134,60
97,134,61
97,135,60
98,126,60
98,128,63
98,128,64
98,128,65
98,129,63
98,129,64
98,129,65
98,130,60
98,130,61
98,130,62
98,130,63
98,130,64
98,131,61
98,131,62
98,131,63
98,131,64
98,132,61
98,132,62
98,132,63
98,133,62
98,134,59
98,134,60
99,124,62
99,125,61
99,125,62
99,129,63
99,130,61
99,130,62
99,130,63
99,131,62
99,131,63
100,130,62
