"x","y","z"
44,37,36
45,37,34
45,37,35
45,37,36
45,37,37
45,37,38
46,37,34
46,37,35
46,37,36
46,37,37
46,37,38
46,38,34
46,38,35
46,38,36
46,38,37
46,38,38
46,40,34
46,41,34
46,41,35
46,42,34
46,42,35
47,37,34
47,37,35
47,37,36
47,37,37
47,37,38
47,38,34
47,38,35
47,38,36
47,38,37
47,38,38
47,38,39
47,39,34
47,39,35
47,40,34
47,40,35
47,41,34
47,41,35
47,41,36
47,42,34
47,42,35
47,42,36
47,43,35
48,31,44
48,32,44
48,37,34
48,37,35
48,37,36
48,38,34
48,38,35
48,38,36
48,38,37
48,38,38
48,38,39
48,38,40
48,39,34
48,39,35
48,39,36
48,39,37
48,39,38
48,39,39
48,40,34
48,40,35
48,40,36
48,40,37
48,40,38
48,41,34
48,41,35
48,41,36
48,41,37
48,42,34
48,42,35
48,42,36
48,43,35
48,43,36
48,44,36
49,30,45
49,31,44
49,31,45
49,32,44
49,34,43
49,34,44
49,34,45
49,35,42
49,35,43
49,35,44
49,36,41
49,36,42
49,37,34
49,37,35
49,37,36
49,37,37
49,37,38
49,37,40
49,37,41
49,38,34
49,38,35
49,38,36
49,38,37
49,38,38
49,38,39
49,38,40
49,38,41
49,39,34
49,39,35
49,39,36
49,39,37
49,39,38
49,39,39
49,39,40
49,40,34
49,40,35
49,40,36
49,40,37
49,40,38
49,40,39
49,41,34
49,41,35
49,41,36
49,41,37
49,41,38
49,42,34
49,42,35
49,42,36
49,42,37
49,42,38
49,43,34
49,43,35
49,43,36
49,43,37
49,44,34
49,44,35
49,44,36
49,44,37
49,45,34
49,45,35
49,45,36
49,46,34
49,46,35
50,31,45
50,31,46
50,31,47
50,32,44
50,32,45
50,32,46
50,32,47
50,33,43
50,33,44
50,33,45
50,34,43
50,34,44
50,34,45
50,35,38
50,35,39
50,35,42
50,35,43
50,35,44
50,36,34
50,36,35
50,36,36
50,36,37
50,36,38
50,36,39
50,36,40
50,36,41
50,36,42
50,36,43
50,37,34
50,37,35
50,37,36
50,37,37
50,37,38
50,37,39
50,37,40
50,37,41
50,37,42
50,38,34
50,38,35
50,38,36
50,38,37
50,38,38
50,38,39
50,38,40
50,38,41
50,39,34
50,39,35
50,39,36
50,39,37
50,39,38
50,39,39
50,39,40
50,40,34
50,40,35
50,40,36
50,40,37
50,40,38
50,40,39
50,40,40
50,41,34
50,41,35
50,41,36
50,41,37
50,41,38
50,41,39
50,41,40
50,42,34
50,42,35
50,42,36
50,42,37
50,42,38
50,42,39
50,43,34
50,43,35
50,43,36
50,43,37
50,43,38
50,44,34
50,44,35
50,44,36
50,44,37
50,44,38
50,45,33
50,45,34
50,45,35
50,45,36
50,45,37
50,46,33
50,46,34
50,46,35
50,46,36
50,47,32
50,47,33
50,47,34
50,47,35
51,30,47
51,31,46
51,31,47
51,31,48
51,32,44
51,32,45
51,32,46
51,33,43
51,33,44
51,33,45
51,33,46
51,34,38
51,34,42
51,34,43
51,34,44
51,34,45
51,35,35
51,35,36
51,35,37
51,35,38
51,35,39
51,35,40
51,35,41
51,35,42
51,35,43
51,35,44
51,36,34
51,36,35
51,36,36
51,36,37
51,36,38
51,36,39
51,36,40
51,36,41
51,36,42
51,36,43
51,37,34
51,37,35
51,37,36
51,37,37
51,37,38
51,37,39
51,37,40
51,37,41
51,37,42
51,38,34
51,38,35
51,38,36
51,38,37
51,38,38
51,38,39
51,38,40
51,38,41
51,39,35
51,39,36
51,39,37
51,39,38
51,39,39
51,39,40
51,39,41
51,40,35
51,40,36
51,40,37
51,40,38
51,40,39
51,40,40
51,41,35
51,41,36
51,41,37
51,41,38
51,41,39
51,41,40
51,42,35
51,42,36
51,42,37
51,42,38
51,42,39
51,42,40
51,43,34
51,43,35
51,43,36
51,43,37
51,43,38
51,43,39
51,44,34
51,44,35
51,44,36
51,44,37
51,44,38
51,45,33
51,45,34
51,45,35
51,45,36
51,45,37
51,45,38
51,46,32
51,46,33
51,46,34
51,46,35
51,46,36
51,46,37
51,47,24
51,47,32
51,47,33
51,47,34
51,47,35
51,47,36
51,48,24
51,48,31
51,48,32
51,48,33
51,48,34
51,48,35
51,49,24
51,49,25
51,49,31
51,49,32
52,30,47
52,30,48
52,31,44
52,31,45
52,31,46
52,31,47
52,32,44
52,32,45
52,32,46
52,33,42
52,33,43
52,33,44
52,33,45
52,33,46
52,34,37
52,34,38
52,34,39
52,34,40
52,34,41
52,34,42
52,34,43
52,34,44
52,34,45
52,35,34
52,35,35
52,35,36
52,35,37
52,35,38
52,35,39
52,35,40
52,35,41
52,35,42
52,35,43
52,35,44
52,36,34
52,36,35
52,36,36
52,36,37
52,36,38
52,36,39
52,36,40
52,36,41
52,36,42
52,36,43
52,37,34
52,37,35
52,37,36
52,37,37
52,37,38
52,37,39
52,37,40
52,37,41
52,37,42
52,38,35
52,38,36
52,38,37
52,38,38
52,38,39
52,38,40
52,38,41
52,38,42
52,39,35
52,39,36
52,39,37
52,39,38
52,39,39
52,39,40
52,39,41
52,40,35
52,40,36
52,40,37
52,40,38
52,40,39
52,40,40
52,40,41
52,41,35
52,41,36
52,41,37
52,41,38
52,41,39
52,41,40
52,41,41
52,42,35
52,42,36
52,42,37
52,42,38
52,42,39
52,42,40
52,43,35
52,43,36
52,43,37
52,43,38
52,43,39
52,43,40
52,44,34
52,44,35
52,44,36
52,44,37
52,44,38
52,44,39
52,45,33
52,45,34
52,45,35
52,45,36
52,45,37
52,45,38
52,46,23
52,46,24
52,46,33
52,46,34
52,46,35
52,46,36
52,46,37
52,46,38
52,47,23
52,47,24
52,47,32
52,47,33
52,47,34
52,47,35
52,47,36
52,47,37
52,48,23
52,48,24
52,48,31
52,48,32
52,48,33
52,48,34
52,48,35
52,48,36
52,49,24
52,49,25
52,49,30
52,49,31
52,49,32
52,49,33
52,49,34
52,49,35
52,50,25
52,50,31
52,50,32
53,30,47
53,31,45
53,31,46
53,31,47
53,32,39
53,32,41
53,32,42
53,32,44
53,32,45
53,32,46
53,33,36
53,33,38
53,33,39
53,33,40
53,33,41
53,33,42
53,33,43
53,33,44
53,33,45
53,33,46
53,34,35
53,34,36
53,34,37
53,34,38
53,34,39
53,34,40
53,34,41
53,34,42
53,34,43
53,34,44
53,34,45
53,35,34
53,35,35
53,35,36
53,35,37
53,35,38
53,35,39
53,35,40
53,35,41
53,35,42
53,35,43
53,35,44
53,36,34
53,36,35
53,36,36
53,36,37
53,36,38
53,36,39
53,36,40
53,36,41
53,36,42
53,36,43
53,37,35
53,37,36
53,37,37
53,37,38
53,37,39
53,37,40
53,37,41
53,37,42
53,37,43
53,38,35
53,38,36
53,38,37
53,38,38
53,38,39
53,38,40
53,38,41
53,38,42
53,39,36
53,39,37
53,39,38
53,39,39
53,39,40
53,39,41
53,39,42
53,40,36
53,40,37
53,40,38
53,40,39
53,40,40
53,40,41
53,40,42
53,41,36
53,41,37
53,41,38
53,41,39
53,41,40
53,41,41
53,42,36
53,42,37
53,42,38
53,42,39
53,42,40
53,42,41
53,43,35
53,43,36
53,43,37
53,43,38
53,43,39
53,43,40
53,44,35
53,44,36
53,44,37
53,44,38
53,44,39
53,44,40
53,45,23
53,45,24
53,45,34
53,45,35
53,45,36
53,45,37
53,45,38
53,45,39
53,46,23
53,46,24
53,46,33
53,46,34
53,46,35
53,46,36
53,46,37
53,46,38
53,47,23
53,47,24
53,47,32
53,47,33
53,47,34
53,47,35
53,47,36
53,47,37
53,48,23
53,48,24
53,48,25
53,48,31
53,48,32
53,48,33
53,48,34
53,48,35
53,48,36
53,48,37
53,49,24
53,49,25
53,49,26
53,49,30
53,49,31
53,49,32
53,49,33
53,49,34
53,49,35
53,49,36
53,50,25
53,50,28
53,50,29
53,50,30
53,50,31
53,50,32
53,50,33
53,50,34
53,50,35
53,51,30
53,51,31
53,51,32
53,51,33
53,51,34
53,52,31
53,52,32
53,52,33
54,29,48
54,30,47
54,30,48
54,31,42
54,31,46
54,31,47
54,32,39
54,32,40
54,32,41
54,32,42
54,32,43
54,32,44
54,32,45
54,32,46
54,32,47
54,33,35
54,33,36
54,33,37
54,33,38
54,33,39
54,33,40
54,33,41
54,33,42
54,33,43
54,33,44
54,33,45
54,33,46
54,34,35
54,34,36
54,34,37
54,34,38
54,34,39
54,34,40
54,34,41
54,34,42
54,34,43
54,34,44
54,34,45
54,35,35
54,35,36
54,35,37
54,35,38
54,35,39
54,35,40
54,35,41
54,35,42
54,35,43
54,35,44
54,36,35
54,36,36
54,36,37
54,36,38
54,36,39
54,36,40
54,36,41
54,36,42
54,36,43
54,36,44
54,37,35
54,37,36
54,37,37
54,37,38
54,37,39
54,37,40
54,37,41
54,37,42
54,37,43
54,37,44
54,38,36
54,38,37
54,38,38
54,38,39
54,38,40
54,38,41
54,38,42
54,38,43
54,39,36
54,39,37
54,39,38
54,39,39
54,39,40
54,39,41
54,39,42
54,39,43
54,40,37
54,40,38
54,40,39
54,40,40
54,40,41
54,40,42
54,41,37
54,41,38
54,41,39
54,41,40
54,41,41
54,41,42
54,42,36
54,42,37
54,42,38
54,42,39
54,42,40
54,42,41
54,43,36
54,43,37
54,43,38
54,43,39
54,43,40
54,43,41
54,44,35
54,44,36
54,44,37
54,44,38
54,44,39
54,44,40
54,45,34
54,45,35
54,45,36
54,45,37
54,45,38
54,45,39
54,45,40
54,46,33
54,46,34
54,46,35
54,46,36
54,46,37
54,46,38
54,46,39
54,47,32
54,47,33
54,47,34
54,47,35
54,47,36
54,47,37
54,47,38
54,48,26
54,48,27
54,48,31
54,48,32
54,48,33
54,48,34
54,48,35
54,48,36
54,48,37
54,49,26
54,49,27
54,49,28
54,49,29
54,49,30
54,49,31
54,49,32
54,49,33
54,49,34
54,49,35
54,49,36
54,50,26
54,50,27
54,50,28
54,50,29
54,50,30
54,50,31
54,50,32
54,50,33
54,50,34
54,50,35
54,51,31
54,51,32
54,51,33
54,51,34
54,51,35
55,29,47
55,29,48
55,30,43
55,30,44
55,30,45
55,30,46
55,30,47
55,30,48
55,31,41
55,31,42
55,31,43
55,31,44
55,31,45
55,31,46
55,31,47
55,31,48
55,32,39
55,32,40
55,32,41
55,32,42
55,32,43
55,32,44
55,32,45
55,32,46
55,32,47
55,33,35
55,33,36
55,33,37
55,33,38
55,33,39
55,33,40
55,33,41
55,33,42
55,33,43
55,33,44
55,33,45
55,33,46
55,34,35
55,34,36
55,34,37
55,34,38
55,34,39
55,34,40
55,34,41
55,34,42
55,34,43
55,34,44
55,34,45
55,35,35
55,35,36
55,35,37
55,35,38
55,35,39
55,35,40
55,35,41
55,35,42
55,35,43
55,35,44
55,36,35
55,36,36
55,36,37
55,36,38
55,36,39
55,36,40
55,36,41
55,36,42
55,36,43
55,37,36
55,37,37
55,37,38
55,37,39
55,37,40
55,37,41
55,37,42
55,37,43
55,37,44
55,38,36
55,38,37
55,38,38
55,38,39
55,38,40
55,38,41
55,38,42
55,38,43
55,38,44
55,39,36
55,39,37
55,39,38
55,39,39
55,39,40
55,39,41
55,39,42
55,39,43
55,39,44
55,40,38
55,40,39
55,40,40
55,40,41
55,40,42
55,40,43
55,41,37
55,41,38
55,41,39
55,41,40
55,41,41
55,41,42
55,41,43
55,42,37
55,42,38
55,42,39
55,42,40
55,42,41
55,42,42
55,43,36
55,43,37
55,43,38
55,43,39
55,43,40
55,43,41
55,44,36
55,44,37
55,44,38
55,44,39
55,44,40
55,44,41
55,45,35
55,45,36
55,45,37
55,45,38
55,45,39
55,45,40
55,46,34
55,46,35
55,46,36
55,46,37
55,46,38
55,46,39
55,47,28
55,47,29
55,47,30
55,47,33
55,47,34
55,47,35
55,47,36
55,47,37
55,47,38
55,48,27
55,48,28
55,48,29
55,48,30
55,48,31
55,48,32
55,48,33
55,48,34
55,48,35
55,48,36
55,48,37
55,49,27
55,49,28
55,49,29
55,49,30
55,49,31
55,49,32
55,49,33
55,49,34
55,49,35
55,49,36
55,50,27
55,50,28
55,50,29
55,50,30
55,50,31
55,50,32
55,50,33
55,50,34
55,50,35
55,50,36
55,51,31
56,27,44
56,27,45
56,28,43
56,28,44
56,28,45
56,29,43
56,29,44
56,29,45
56,30,42
56,30,43
56,30,44
56,30,45
56,30,46
56,30,47
56,30,48
56,31,41
56,31,42
56,31,43
56,31,44
56,31,45
56,31,46
56,31,47
56,31,48
56,31,49
56,32,40
56,32,41
56,32,42
56,32,43
56,32,44
56,32,45
56,32,46
56,32,47
56,32,48
56,33,35
56,33,36
56,33,37
56,33,38
56,33,39
56,33,40
56,33,41
56,33,42
56,33,43
56,33,44
56,33,45
56,33,46
56,33,47
56,34,35
56,34,36
56,34,37
56,34,38
56,34,39
56,34,40
56,34,41
56,34,42
56,34,43
56,34,44
56,34,45
56,34,46
56,35,35
56,35,36
56,35,37
56,35,38
56,35,39
56,35,40
56,35,41
56,35,42
56,36,36
56,36,37
56,36,38
56,36,39
56,36,40
56,36,41
56,37,36
56,37,37
56,37,38
56,37,41
56,37,44
56,37,45
56,38,36
56,38,37
56,38,43
56,38,44
56,38,45
56,39,37
56,39,42
56,39,43
56,39,44
56,39,45
56,40,41
56,40,42
56,40,43
56,40,44
56,41,37
56,41,38
56,41,40
56,41,41
56,41,42
56,41,43
56,42,37
56,42,38
56,42,39
56,42,40
56,42,41
56,42,42
56,43,36
56,43,37
56,43,38
56,43,39
56,43,40
56,43,41
56,43,42
56,44,36
56,44,37
56,44,38
56,44,39
56,44,40
56,44,41
56,45,30
56,45,35
56,45,36
56,45,37
56,45,38
56,45,39
56,45,40
56,46,30
56,46,34
56,46,35
56,46,36
56,46,37
56,46,38
56,46,39
56,46,40
56,47,30
56,47,31
56,47,32
56,47,33
56,47,34
56,47,35
56,47,36
56,47,37
56,47,38
56,47,39
56,48,29
56,48,30
56,48,31
56,48,32
56,48,33
56,48,34
56,48,35
56,48,36
56,48,37
56,48,38
56,49,29
56,49,30
56,49,31
56,49,32
56,49,33
56,49,34
56,49,35
56,49,36
56,49,37
56,50,28
56,50,29
56,50,30
56,50,31
56,50,32
56,50,33
56,50,34
56,50,35
56,50,36
57,27,44
57,27,45
57,27,46
57,28,43
57,28,44
57,28,45
57,28,46
57,29,43
57,29,44
57,29,45
57,29,46
57,30,42
57,30,43
57,30,44
57,30,45
57,30,46
57,30,47
57,31,41
57,31,42
57,31,43
57,31,44
57,31,45
57,31,46
57,31,47
57,32,40
57,32,41
57,32,42
57,32,43
57,32,44
57,32,45
57,32,46
57,32,47
57,32,48
57,33,36
57,33,37
57,33,38
57,33,39
57,33,40
57,33,41
57,33,42
57,33,43
57,33,44
57,33,45
57,33,46
57,33,47
57,34,36
57,34,37
57,34,38
57,34,39
57,34,40
57,34,41
57,34,42
57,34,43
57,34,44
57,34,45
57,34,46
57,35,36
57,35,37
57,35,38
57,35,39
57,35,40
57,35,41
57,36,37
57,36,45
57,37,37
57,37,44
57,37,45
57,38,37
57,38,44
57,38,45
57,39,36
57,39,37
57,39,43
57,39,44
57,39,45
57,40,36
57,40,37
57,40,42
57,40,43
57,40,44
57,41,36
57,41,37
57,41,38
57,41,40
57,41,41
57,41,42
57,41,43
57,41,44
57,42,36
57,42,37
57,42,38
57,42,39
57,42,40
57,42,41
57,42,42
57,42,43
57,43,35
57,43,36
57,43,37
57,43,38
57,43,39
57,43,40
57,43,41
57,43,42
57,44,35
57,44,36
57,44,37
57,44,38
57,44,39
57,44,40
57,44,41
57,45,35
57,45,36
57,45,37
57,45,38
57,45,39
57,45,40
57,45,41
57,46,31
57,46,34
57,46,35
57,46,36
57,46,37
57,46,38
57,46,39
57,46,40
57,47,31
57,47,32
57,47,33
57,47,34
57,47,35
57,47,36
57,47,37
57,47,38
57,47,39
57,48,30
57,48,31
57,48,32
57,48,33
57,48,34
57,48,35
57,48,36
57,48,37
57,48,38
57,49,30
57,49,31
57,49,32
57,49,33
57,49,34
57,49,35
57,49,36
57,50,29
57,50,30
57,50,31
57,50,32
57,50,33
57,50,34
57,50,35
57,50,36
58,27,46
58,27,47
58,27,48
58,28,43
58,28,45
58,28,46
58,28,47
58,28,48
58,29,43
58,29,44
58,29,45
58,29,46
58,29,47
58,29,48
58,30,42
58,30,43
58,30,44
58,30,45
58,30,46
58,30,47
58,31,41
58,31,42
58,31,43
58,31,44
58,31,45
58,31,46
58,31,47
58,32,38
58,32,39
58,32,40
58,32,41
58,32,42
58,32,43
58,32,44
58,32,45
58,32,46
58,32,47
58,33,36
58,33,37
58,33,38
58,33,39
58,33,40
58,33,41
58,33,42
58,33,43
58,33,44
58,33,45
58,33,46
58,34,36
58,34,37
58,34,38
58,34,39
58,34,41
58,34,42
58,34,43
58,34,44
58,34,45
58,34,46
58,35,36
58,35,37
58,35,38
58,35,43
58,35,44
58,35,45
58,35,46
58,36,43
58,36,44
58,36,45
58,36,46
58,37,44
58,37,45
58,37,46
58,38,34
58,38,37
58,38,43
58,38,44
58,38,45
58,38,46
58,39,34
58,39,35
58,39,36
58,39,37
58,39,38
58,39,42
58,39,43
58,39,44
58,39,45
58,40,34
58,40,35
58,40,36
58,40,37
58,40,38
58,40,39
58,40,40
58,40,41
58,40,42
58,40,43
58,40,44
58,40,45
58,41,33
58,41,34
58,41,35
58,41,36
58,41,37
58,41,38
58,41,39
58,41,40
58,41,41
58,41,42
58,41,43
58,41,44
58,42,33
58,42,34
58,42,35
58,42,36
58,42,37
58,42,38
58,42,39
58,42,40
58,42,41
58,42,42
58,42,43
58,42,44
58,43,32
58,43,33
58,43,34
58,43,35
58,43,36
58,43,37
58,43,38
58,43,39
58,43,40
58,43,41
58,43,42
58,43,43
58,44,32
58,44,33
58,44,34
58,44,35
58,44,36
58,44,37
58,44,38
58,44,39
58,44,40
58,44,41
58,44,42
58,45,34
58,45,35
58,45,36
58,45,37
58,45,38
58,45,39
58,45,40
58,45,41
58,46,32
58,46,33
58,46,34
58,46,35
58,46,36
58,46,37
58,46,38
58,46,39
58,46,40
58,46,41
58,47,31
58,47,32
58,47,33
58,47,34
58,47,35
58,47,36
58,47,37
58,47,38
58,47,39
58,48,31
58,48,32
58,48,33
58,48,34
58,48,35
58,48,36
58,48,37
58,49,30
58,49,31
58,49,32
58,49,33
58,49,34
58,49,35
58,49,36
58,50,30
58,50,31
58,50,32
58,50,33
58,50,34
58,50,35
59,27,48
59,28,43
59,28,47
59,28,48
59,28,49
59,29,43
59,29,46
59,29,47
59,29,48
59,30,42
59,30,43
59,30,44
59,30,45
59,30,46
59,30,47
59,30,48
59,31,41
59,31,42
59,31,43
59,31,44
59,31,45
59,31,46
59,31,47
59,32,38
59,32,39
59,32,40
59,32,41
59,32,42
59,32,43
59,32,44
59,32,45
59,32,46
59,33,37
59,33,38
59,33,39
59,33,40
59,33,41
59,33,42
59,33,43
59,33,44
59,33,45
59,33,46
59,34,36
59,34,37
59,34,38
59,34,39
59,34,41
59,34,42
59,34,43
59,34,44
59,34,45
59,35,37
59,35,38
59,35,42
59,35,43
59,35,44
59,35,45
59,35,46
59,36,42
59,36,43
59,36,44
59,36,45
59,36,46
59,37,34
59,37,37
59,37,38
59,37,41
59,37,42
59,37,43
59,37,44
59,37,45
59,37,46
59,38,34
59,38,35
59,38,36
59,38,37
59,38,38
59,38,39
59,38,40
59,38,41
59,38,42
59,38,43
59,38,44
59,38,45
59,39,33
59,39,34
59,39,35
59,39,36
59,39,37
59,39,38
59,39,39
59,39,40
59,39,41
59,39,42
59,39,43
59,39,44
59,39,45
59,40,33
59,40,34
59,40,35
59,40,36
59,40,37
59,40,38
59,40,39
59,40,40
59,40,41
59,40,42
59,40,43
59,40,44
59,40,45
59,41,33
59,41,34
59,41,35
59,41,36
59,41,37
59,41,38
59,41,39
59,41,40
59,41,41
59,41,42
59,41,43
59,41,44
59,42,32
59,42,33
59,42,34
59,42,35
59,42,36
59,42,37
59,42,38
59,42,39
59,42,40
59,42,41
59,42,42
59,42,43
59,42,44
59,43,32
59,43,33
59,43,34
59,43,35
59,43,36
59,43,37
59,43,38
59,43,39
59,43,40
59,43,41
59,43,42
59,43,43
59,44,32
59,44,33
59,44,34
59,44,35
59,44,36
59,44,37
59,44,38
59,44,39
59,44,40
59,44,41
59,44,42
59,45,32
59,45,33
59,45,34
59,45,35
59,45,36
59,45,37
59,45,38
59,45,39
59,45,40
59,45,41
59,45,42
59,46,32
59,46,33
59,46,34
59,46,35
59,46,36
59,46,37
59,46,38
59,46,39
59,46,40
59,46,41
59,47,31
59,47,32
59,47,33
59,47,34
59,47,35
59,47,36
59,47,37
59,48,31
59,48,32
59,48,33
59,48,34
59,48,35
59,48,36
59,49,30
59,49,31
59,49,32
59,49,33
59,49,34
59,49,35
59,50,30
59,50,31
59,50,32
59,50,33
59,50,34
60,28,43
60,28,48
60,28,49
60,28,50
60,29,42
60,29,43
60,29,47
60,29,48
60,29,49
60,29,50
60,30,42
60,30,43
60,30,44
60,30,46
60,30,47
60,30,48
60,30,49
60,31,40
60,31,41
60,31,42
60,31,43
60,31,44
60,31,45
60,31,46
60,31,47
60,32,38
60,32,39
60,32,40
60,32,41
60,32,42
60,32,43
60,32,44
60,32,45
60,32,46
60,33,37
60,33,38
60,33,39
60,33,40
60,33,41
60,33,42
60,33,43
60,33,44
60,33,45
60,33,46
60,34,37
60,34,38
60,34,39
60,34,40
60,34,41
60,34,42
60,34,43
60,34,44
60,34,45
60,34,46
60,34,48
60,35,38
60,35,41
60,35,42
60,35,43
60,35,44
60,35,45
60,35,46
60,35,47
60,35,48
60,36,38
60,36,39
60,36,40
60,36,41
60,36,42
60,36,43
60,36,44
60,36,45
60,36,46
60,37,35
60,37,37
60,37,38
60,37,39
60,37,40
60,37,41
60,37,42
60,37,43
60,37,44
60,37,45
60,37,46
60,38,35
60,38,36
60,38,37
60,38,38
60,38,39
60,38,40
60,38,41
60,38,42
60,38,43
60,38,44
60,38,45
60,39,34
60,39,35
60,39,36
60,39,37
60,39,38
60,39,39
60,39,40
60,39,41
60,39,42
60,39,43
60,39,44
60,39,45
60,40,34
60,40,35
60,40,36
60,40,37
60,40,38
60,40,39
60,40,40
60,40,41
60,40,42
60,40,43
60,40,44
60,40,45
60,41,34
60,41,35
60,41,36
60,41,37
60,41,38
60,41,39
60,41,40
60,41,41
60,41,42
60,41,43
60,41,44
60,41,45
60,42,33
60,42,34
60,42,35
60,42,36
60,42,37
60,42,38
60,42,39
60,42,40
60,42,41
60,42,42
60,42,43
60,42,44
60,43,33
60,43,34
60,43,35
60,43,36
60,43,37
60,43,38
60,43,39
60,43,40
60,43,41
60,43,42
60,43,43
60,44,32
60,44,33
60,44,34
60,44,35
60,44,36
60,44,37
60,44,38
60,44,39
60,44,40
60,44,41
60,44,42
60,44,43
60,45,32
60,45,33
60,45,34
60,45,35
60,45,36
60,45,37
60,45,38
60,45,39
60,45,40
60,45,41
60,45,42
60,46,32
60,46,33
60,46,34
60,46,35
60,46,36
60,46,37
60,46,38
60,46,39
60,46,40
60,46,41
60,47,32
60,47,33
60,47,34
60,47,35
60,47,36
60,48,32
60,48,33
60,48,34
60,48,35
60,49,32
60,49,33
60,49,34
60,50,32
60,50,33
60,50,34
61,27,43
61,27,44
61,28,43
61,28,44
61,28,49
61,28,50
61,29,42
61,29,43
61,29,44
61,29,48
61,29,49
61,29,50
61,30,42
61,30,43
61,30,44
61,30,47
61,30,48
61,30,49
61,31,40
61,31,41
61,31,42
61,31,43
61,31,46
61,31,47
61,31,48
61,32,38
61,32,39
61,32,40
61,32,41
61,32,42
61,32,43
61,32,46
61,32,47
61,33,37
61,33,38
61,33,39
61,33,40
61,33,41
61,33,42
61,33,43
61,33,44
61,33,45
61,33,46
61,33,47
61,33,48
61,34,37
61,34,38
61,34,39
61,34,40
61,34,41
61,34,42
61,34,43
61,34,44
61,34,45
61,34,46
61,34,47
61,34,48
61,34,49
61,35,39
61,35,41
61,35,42
61,35,43
61,35,44
61,35,45
61,35,46
61,35,47
61,35,48
61,36,39
61,36,40
61,36,41
61,36,42
61,36,43
61,36,44
61,36,45
61,36,46
61,37,36
61,37,37
61,37,38
61,37,39
61,37,40
61,37,41
61,37,42
61,37,43
61,37,44
61,37,45
61,37,46
61,38,35
61,38,36
61,38,37
61,38,38
61,38,39
61,38,40
61,38,41
61,38,42
61,38,43
61,38,44
61,38,45
61,39,35
61,39,36
61,39,37
61,39,38
61,39,39
61,39,40
61,39,41
61,39,42
61,39,43
61,39,44
61,39,45
61,40,35
61,40,36
61,40,37
61,40,38
61,40,39
61,40,40
61,40,41
61,40,42
61,40,43
61,40,44
61,40,45
61,41,34
61,41,35
61,41,36
61,41,37
61,41,38
61,41,39
61,41,40
61,41,41
61,41,42
61,41,43
61,41,44
61,41,45
61,42,34
61,42,35
61,42,36
61,42,37
61,42,38
61,42,39
61,42,40
61,42,41
61,42,42
61,42,43
61,42,44
61,43,33
61,43,34
61,43,35
61,43,36
61,43,37
61,43,38
61,43,39
61,43,40
61,43,41
61,43,42
61,43,43
61,43,44
61,44,33
61,44,34
61,44,35
61,44,36
61,44,37
61,44,38
61,44,39
61,44,40
61,44,41
61,44,42
61,44,43
61,45,32
61,45,33
61,45,34
61,45,35
61,45,36
61,45,37
61,45,38
61,45,39
61,45,40
61,45,41
61,45,42
61,45,43
61,46,33
61,46,34
61,46,35
61,46,36
61,46,37
61,46,38
61,46,39
61,46,40
61,46,41
61,47,33
61,47,34
61,47,35
61,48,33
61,48,34
61,49,33
61,49,34
61,50,32
61,50,33
61,50,34
61,51,32
61,51,33
61,51,34
62,27,44
62,27,45
62,28,43
62,28,44
62,28,45
62,28,50
62,29,42
62,29,43
62,29,44
62,29,49
62,29,50
62,30,42
62,30,43
62,30,44
62,30,47
62,30,48
62,30,49
62,31,40
62,31,41
62,31,42
62,31,43
62,31,47
62,31,48
62,32,38
62,32,39
62,32,40
62,32,41
62,32,47
62,33,38
62,33,39
62,33,40
62,33,41
62,33,42
62,33,43
62,33,44
62,33,46
62,33,47
62,33,48
62,34,38
62,34,40
62,34,41
62,34,42
62,34,43
62,34,44
62,34,45
62,34,46
62,34,47
62,34,48
62,34,49
62,35,39
62,35,41
62,35,42
62,35,43
62,35,44
62,35,45
62,35,46
62,35,47
62,36,39
62,36,40
62,36,42
62,36,43
62,36,44
62,36,45
62,36,46
62,36,47
62,37,37
62,37,38
62,37,39
62,37,40
62,37,41
62,37,42
62,37,43
62,37,44
62,37,45
62,37,46
62,38,35
62,38,36
62,38,37
62,38,38
62,38,39
62,38,40
62,38,41
62,38,42
62,38,43
62,38,44
62,38,45
62,38,46
62,39,35
62,39,36
62,39,37
62,39,38
62,39,39
62,39,40
62,39,41
62,39,42
62,39,43
62,39,44
62,39,45
62,39,46
62,40,35
62,40,36
62,40,37
62,40,38
62,40,39
62,40,40
62,40,41
62,40,42
62,40,43
62,40,44
62,40,45
62,40,46
62,41,34
62,41,35
62,41,36
62,41,37
62,41,38
62,41,39
62,41,40
62,41,41
62,41,42
62,41,43
62,41,44
62,41,45
62,42,34
62,42,35
62,42,36
62,42,37
62,42,38
62,42,39
62,42,40
62,42,41
62,42,42
62,42,43
62,42,44
62,42,45
62,43,33
62,43,34
62,43,35
62,43,36
62,43,37
62,43,38
62,43,39
62,43,40
62,43,41
62,43,42
62,43,43
62,43,44
62,44,33
62,44,34
62,44,35
62,44,36
62,44,37
62,44,38
62,44,39
62,44,40
62,44,41
62,44,42
62,44,43
62,44,44
62,45,33
62,45,34
62,45,35
62,45,36
62,45,37
62,45,38
62,45,39
62,45,40
62,45,41
62,45,42
62,45,43
62,46,33
62,46,34
62,46,35
62,46,36
62,46,37
62,46,38
62,46,39
62,46,40
62,46,41
62,47,33
62,47,34
62,47,35
62,47,36
62,47,37
62,48,33
62,48,34
62,48,35
62,49,33
62,49,34
62,49,35
62,50,32
62,50,33
62,50,34
62,50,35
62,51,32
62,51,33
62,51,34
62,51,35
62,52,32
62,52,33
62,52,34
62,53,33
62,53,34
62,54,33
63,27,45
63,28,44
63,28,45
63,29,43
63,29,44
63,29,45
63,29,49
63,29,50
63,30,42
63,30,47
63,30,48
63,30,49
63,31,40
63,31,41
63,31,42
63,31,47
63,31,48
63,31,49
63,32,38
63,32,39
63,32,40
63,32,47
63,32,48
63,33,38
63,33,39
63,33,40
63,33,47
63,33,48
63,33,49
63,34,40
63,34,41
63,34,42
63,34,43
63,34,44
63,34,45
63,34,46
63,34,47
63,34,48
63,35,41
63,35,42
63,35,43
63,35,44
63,35,45
63,35,46
63,35,47
63,36,40
63,36,42
63,36,43
63,36,44
63,36,45
63,36,46
63,36,47
63,37,38
63,37,39
63,37,40
63,37,43
63,37,44
63,37,45
63,37,46
63,37,47
63,38,35
63,38,36
63,38,37
63,38,38
63,38,39
63,38,40
63,38,41
63,38,43
63,38,44
63,38,45
63,38,46
63,38,47
63,39,35
63,39,36
63,39,37
63,39,38
63,39,39
63,39,40
63,39,41
63,39,43
63,39,44
63,39,45
63,39,46
63,39,47
63,40,35
63,40,36
63,40,37
63,40,38
63,40,39
63,40,40
63,40,41
63,40,43
63,40,44
63,40,45
63,40,46
63,40,47
63,41,34
63,41,35
63,41,36
63,41,37
63,41,38
63,41,39
63,41,40
63,41,41
63,41,42
63,41,43
63,41,44
63,41,45
63,41,46
63,42,34
63,42,35
63,42,36
63,42,37
63,42,38
63,42,39
63,42,40
63,42,41
63,42,42
63,42,43
63,42,44
63,42,45
63,43,34
63,43,35
63,43,36
63,43,37
63,43,38
63,43,39
63,43,40
63,43,41
63,43,42
63,43,43
63,43,44
63,43,45
63,44,33
63,44,34
63,44,35
63,44,36
63,44,37
63,44,38
63,44,39
63,44,40
63,44,41
63,44,42
63,44,43
63,44,44
63,44,45
63,45,32
63,45,33
63,45,34
63,45,35
63,45,36
63,45,37
63,45,38
63,45,39
63,45,40
63,45,41
63,45,42
63,45,43
63,45,44
63,46,33
63,46,34
63,46,35
63,46,36
63,46,37
63,46,38
63,46,39
63,46,40
63,46,41
63,46,42
63,47,33
63,47,34
63,47,35
63,47,36
63,47,37
63,47,40
63,48,31
63,48,32
63,48,33
63,48,34
63,48,35
63,48,36
63,49,32
63,49,33
63,49,34
63,49,35
63,49,36
63,50,31
63,50,32
63,50,33
63,50,34
63,50,35
63,51,32
63,51,33
63,51,34
63,51,35
63,52,32
63,52,33
63,52,34
63,52,35
63,53,32
63,53,33
63,53,34
63,53,35
63,54,32
63,54,33
63,54,34
63,55,31
63,55,32
63,55,33
63,56,32
63,56,33
63,57,32
63,57,33
63,58,32
63,58,33
63,58,34
63,58,35
63,58,36
63,59,32
63,59,33
63,59,34
63,59,35
63,59,36
63,60,31
63,60,32
63,60,33
63,60,34
63,60,35
63,61,31
63,61,32
63,61,33
63,61,34
63,61,35
63,65,26
64,27,45
64,27,46
64,28,45
64,28,46
64,29,45
64,29,46
64,30,47
64,30,48
64,30,49
64,31,40
64,31,47
64,31,48
64,31,49
64,31,50
64,32,39
64,32,40
64,32,47
64,32,48
64,33,39
64,33,40
64,33,45
64,33,46
64,33,47
64,33,48
64,33,49
64,34,40
64,34,42
64,34,43
64,34,44
64,34,45
64,34,46
64,34,47
64,34,48
64,35,41
64,35,42
64,35,43
64,35,44
64,35,45
64,35,46
64,35,47
64,36,40
64,36,42
64,36,43
64,36,44
64,36,45
64,36,46
64,36,47
64,37,35
64,37,39
64,37,40
64,37,43
64,37,44
64,37,45
64,37,46
64,37,47
64,38,35
64,38,36
64,38,37
64,38,38
64,38,39
64,38,40
64,38,43
64,38,44
64,38,45
64,38,46
64,38,47
64,39,35
64,39,36
64,39,37
64,39,38
64,39,39
64,39,40
64,39,43
64,39,44
64,39,45
64,39,46
64,39,47
64,40,35
64,40,36
64,40,37
64,40,38
64,40,39
64,40,40
64,40,43
64,40,44
64,40,45
64,40,46
64,40,47
64,41,35
64,41,36
64,41,37
64,41,38
64,41,39
64,41,40
64,41,41
64,41,43
64,41,44
64,41,45
64,41,46
64,41,47
64,41,48
64,42,34
64,42,35
64,42,36
64,42,37
64,42,38
64,42,39
64,42,40
64,42,41
64,42,42
64,42,43
64,42,44
64,42,45
64,42,46
64,42,48
64,42,49
64,43,34
64,43,35
64,43,36
64,43,37
64,43,38
64,43,39
64,43,40
64,43,41
64,43,42
64,43,43
64,43,44
64,43,45
64,44,33
64,44,34
64,44,35
64,44,36
64,44,37
64,44,38
64,44,39
64,44,40
64,44,41
64,44,42
64,44,43
64,44,44
64,44,45
64,45,32
64,45,33
64,45,34
64,45,35
64,45,36
64,45,37
64,45,38
64,45,39
64,45,40
64,45,41
64,45,42
64,45,43
64,45,44
64,46,32
64,46,33
64,46,34
64,46,35
64,46,36
64,46,37
64,46,38
64,46,39
64,46,40
64,46,41
64,46,42
64,46,43
64,47,31
64,47,32
64,47,33
64,47,34
64,47,35
64,47,36
64,47,37
64,47,38
64,47,40
64,48,31
64,48,32
64,48,33
64,48,34
64,48,35
64,48,36
64,48,37
64,49,32
64,49,33
64,49,34
64,49,35
64,49,36
64,50,32
64,50,33
64,50,34
64,50,35
64,50,36
64,51,32
64,51,33
64,51,34
64,51,35
64,51,36
64,52,32
64,52,33
64,52,34
64,52,35
64,53,32
64,53,33
64,53,34
64,53,35
64,54,32
64,54,33
64,54,34
64,55,32
64,55,33
64,55,34
64,56,32
64,56,33
64,56,34
64,57,32
64,57,33
64,57,34
64,57,35
64,57,36
64,57,37
64,58,31
64,58,32
64,58,33
64,58,34
64,58,35
64,58,36
64,58,37
64,59,31
64,59,32
64,59,33
64,59,34
64,59,35
64,59,36
64,60,31
64,60,32
64,60,33
64,60,34
64,60,35
64,60,36
64,61,30
64,61,31
64,61,32
64,61,33
64,61,34
64,61,35
64,62,29
64,62,30
64,62,31
64,62,32
64,62,34
64,62,35
64,63,27
64,63,28
64,64,26
64,64,27
64,65,26
65,28,46
65,29,46
65,29,50
65,30,48
65,30,49
65,30,50
65,30,51
65,31,47
65,31,48
65,31,49
65,31,50
65,32,39
65,32,40
65,32,47
65,32,48
65,32,49
65,33,40
65,33,44
65,33,45
65,33,46
65,33,47
65,33,48
65,33,49
65,34,43
65,34,44
65,34,45
65,34,46
65,34,47
65,35,41
65,35,43
65,35,44
65,35,45
65,35,46
65,35,47
65,36,40
65,36,42
65,36,43
65,36,44
65,36,45
65,36,46
65,36,47
65,37,39
65,37,40
65,37,41
65,37,44
65,37,45
65,37,46
65,37,47
65,38,34
65,38,35
65,38,36
65,38,37
65,38,38
65,38,39
65,38,40
65,38,44
65,38,45
65,38,46
65,38,47
65,39,34
65,39,35
65,39,36
65,39,37
65,39,38
65,39,39
65,39,40
65,39,44
65,39,45
65,39,46
65,39,47
65,39,48
65,40,35
65,40,36
65,40,37
65,40,38
65,40,39
65,40,40
65,40,43
65,40,44
65,40,45
65,40,46
65,40,47
65,40,48
65,41,35
65,41,36
65,41,37
65,41,38
65,41,39
65,41,40
65,41,41
65,41,43
65,41,44
65,41,45
65,41,46
65,41,47
65,41,48
65,41,49
65,41,50
65,42,34
65,42,35
65,42,36
65,42,37
65,42,38
65,42,39
65,42,40
65,42,41
65,42,42
65,42,43
65,42,44
65,42,45
65,42,46
65,42,47
65,42,48
65,42,49
65,42,50
65,43,34
65,43,35
65,43,36
65,43,37
65,43,38
65,43,39
65,43,40
65,43,41
65,43,42
65,43,43
65,43,44
65,43,45
65,43,46
65,43,47
65,43,50
65,43,51
65,44,34
65,44,35
65,44,36
65,44,37
65,44,38
65,44,39
65,44,40
65,44,41
65,44,42
65,44,43
65,44,44
65,44,45
65,44,46
65,45,32
65,45,33
65,45,34
65,45,35
65,45,36
65,45,37
65,45,38
65,45,39
65,45,40
65,45,41
65,45,42
65,45,43
65,45,44
65,45,48
65,45,49
65,46,32
65,46,33
65,46,34
65,46,35
65,46,36
65,46,37
65,46,38
65,46,39
65,46,40
65,46,41
65,46,42
65,46,43
65,46,47
65,46,48
65,46,49
65,46,50
65,47,30
65,47,31
65,47,32
65,47,33
65,47,34
65,47,35
65,47,36
65,47,37
65,47,38
65,47,40
65,47,47
65,48,30
65,48,31
65,48,32
65,48,33
65,48,34
65,48,35
65,48,36
65,48,37
65,49,33
65,49,34
65,49,35
65,49,36
65,50,33
65,50,34
65,50,35
65,50,36
65,51,33
65,51,34
65,51,35
65,51,36
65,52,33
65,52,34
65,52,35
65,52,36
65,53,33
65,53,34
65,53,35
65,54,33
65,54,34
65,54,35
65,55,33
65,55,34
65,55,35
65,56,33
65,56,34
65,56,35
65,57,32
65,57,33
65,57,34
65,57,35
65,57,36
65,57,37
65,57,38
65,58,32
65,58,33
65,58,34
65,58,35
65,58,36
65,58,37
65,58,38
65,59,31
65,59,32
65,59,33
65,59,34
65,59,35
65,59,36
65,59,37
65,60,31
65,60,32
65,60,33
65,60,34
65,60,35
65,60,36
65,61,30
65,61,31
65,61,32
65,61,33
65,61,34
65,61,35
65,61,36
65,62,29
65,62,30
65,62,31
65,62,35
65,62,36
65,63,27
65,63,28
65,63,29
65,63,30
65,63,31
65,64,26
65,64,27
65,64,28
65,64,29
65,65,26
65,65,27
65,65,28
65,66,27
66,30,48
66,30,49
66,30,50
66,30,51
66,31,47
66,31,48
66,31,49
66,31,50
66,32,46
66,32,47
66,32,48
66,32,49
66,33,43
66,33,44
66,33,45
66,33,46
66,33,47
66,33,48
66,34,43
66,34,44
66,34,45
66,34,46
66,34,47
66,35,42
66,35,43
66,35,44
66,35,45
66,35,46
66,35,47
66,36,40
66,36,43
66,36,44
66,36,45
66,36,46
66,37,39
66,37,40
66,37,41
66,37,44
66,37,45
66,37,46
66,37,47
66,38,37
66,38,38
66,38,39
66,38,40
66,38,41
66,38,43
66,38,44
66,38,45
66,38,46
66,38,47
66,39,34
66,39,35
66,39,36
66,39,37
66,39,38
66,39,39
66,39,40
66,39,44
66,39,45
66,39,46
66,39,47
66,39,48
66,40,33
66,40,34
66,40,35
66,40,36
66,40,37
66,40,38
66,40,39
66,40,40
66,40,43
66,40,44
66,40,45
66,40,46
66,40,47
66,40,48
66,40,49
66,41,34
66,41,35
66,41,36
66,41,37
66,41,38
66,41,39
66,41,40
66,41,41
66,41,43
66,41,44
66,41,45
66,41,46
66,41,47
66,41,48
66,41,49
66,41,50
66,42,34
66,42,35
66,42,36
66,42,37
66,42,38
66,42,39
66,42,40
66,42,41
66,42,42
66,42,43
66,42,44
66,42,45
66,42,46
66,42,47
66,42,48
66,42,49
66,42,50
66,42,51
66,43,34
66,43,35
66,43,36
66,43,37
66,43,38
66,43,39
66,43,40
66,43,41
66,43,42
66,43,43
66,43,44
66,43,45
66,43,46
66,43,47
66,43,48
66,43,49
66,43,50
66,43,51
66,43,52
66,44,33
66,44,34
66,44,35
66,44,36
66,44,37
66,44,38
66,44,39
66,44,40
66,44,41
66,44,42
66,44,43
66,44,44
66,44,45
66,44,46
66,44,47
66,44,48
66,44,49
66,45,32
66,45,33
66,45,34
66,45,35
66,45,36
66,45,37
66,45,38
66,45,39
66,45,40
66,45,41
66,45,42
66,45,43
66,45,44
66,45,47
66,45,48
66,45,49
66,45,50
66,45,51
66,46,32
66,46,33
66,46,34
66,46,35
66,46,36
66,46,37
66,46,38
66,46,39
66,46,40
66,46,41
66,46,42
66,46,47
66,46,48
66,46,49
66,46,50
66,47,29
66,47,30
66,47,31
66,47,32
66,47,33
66,47,34
66,47,35
66,47,36
66,47,37
66,47,38
66,47,47
66,47,48
66,48,30
66,48,31
66,48,32
66,48,33
66,48,34
66,48,35
66,48,36
66,48,37
66,48,48
66,48,49
66,49,33
66,49,34
66,49,35
66,49,36
66,50,33
66,50,34
66,50,35
66,50,36
66,51,33
66,51,34
66,51,35
66,52,33
66,52,34
66,52,35
66,53,33
66,53,34
66,53,35
66,54,33
66,54,34
66,54,35
66,55,33
66,55,34
66,55,35
66,56,33
66,56,34
66,56,35
66,56,36
66,57,32
66,57,33
66,57,34
66,57,35
66,57,36
66,57,37
66,57,38
66,58,32
66,58,33
66,58,34
66,58,35
66,58,36
66,58,37
66,58,38
66,58,39
66,59,31
66,59,32
66,59,33
66,59,34
66,59,35
66,59,36
66,59,37
66,59,38
66,60,31
66,60,32
66,60,33
66,60,34
66,60,35
66,60,36
66,60,37
66,61,30
66,61,31
66,61,32
66,61,33
66,61,34
66,61,35
66,61,36
66,62,29
66,62,30
66,62,31
66,62,32
66,62,35
66,62,36
66,63,27
66,63,28
66,63,29
66,63,30
66,63,31
66,64,25
66,64,26
66,64,27
66,64,28
66,64,29
66,64,30
66,64,31
66,65,25
66,65,26
66,65,27
66,65,28
66,65,31
66,66,27
66,66,28
67,29,49
67,30,48
67,30,49
67,30,50
67,31,47
67,31,48
67,31,49
67,31,50
67,32,44
67,32,45
67,32,46
67,32,47
67,32,48
67,32,49
67,33,43
67,33,44
67,33,45
67,33,46
67,33,47
67,34,42
67,34,43
67,34,44
67,34,45
67,34,46
67,35,43
67,35,44
67,35,45
67,35,46
67,35,47
67,35,48
67,36,40
67,36,41
67,36,43
67,36,44
67,36,45
67,36,46
67,37,40
67,37,41
67,37,42
67,37,43
67,37,44
67,37,45
67,38,37
67,38,39
67,38,40
67,38,41
67,38,42
67,38,43
67,38,44
67,38,45
67,38,46
67,38,47
67,39,33
67,39,34
67,39,35
67,39,36
67,39,37
67,39,38
67,39,39
67,39,40
67,39,41
67,39,42
67,39,43
67,39,44
67,39,45
67,39,46
67,39,47
67,39,48
67,40,33
67,40,34
67,40,35
67,40,36
67,40,37
67,40,38
67,40,39
67,40,40
67,40,41
67,40,43
67,40,44
67,40,45
67,40,46
67,40,47
67,40,48
67,40,49
67,41,32
67,41,33
67,41,34
67,41,35
67,41,36
67,41,37
67,41,38
67,41,39
67,41,40
67,41,41
67,41,42
67,41,43
67,41,44
67,41,45
67,41,46
67,41,47
67,41,48
67,41,49
67,41,50
67,41,51
67,42,32
67,42,33
67,42,34
67,42,35
67,42,36
67,42,37
67,42,38
67,42,39
67,42,40
67,42,41
67,42,42
67,42,43
67,42,44
67,42,45
67,42,46
67,42,47
67,42,48
67,42,49
67,42,50
67,42,51
67,42,52
67,43,32
67,43,33
67,43,34
67,43,35
67,43,36
67,43,37
67,43,38
67,43,39
67,43,40
67,43,41
67,43,42
67,43,43
67,43,44
67,43,45
67,43,46
67,43,47
67,43,48
67,43,49
67,43,50
67,43,51
67,43,52
67,43,53
67,44,33
67,44,34
67,44,35
67,44,36
67,44,37
67,44,38
67,44,39
67,44,40
67,44,41
67,44,42
67,44,43
67,44,44
67,44,45
67,44,46
67,44,47
67,44,48
67,44,49
67,44,50
67,45,29
67,45,32
67,45,33
67,45,34
67,45,35
67,45,36
67,45,37
67,45,38
67,45,39
67,45,40
67,45,41
67,45,42
67,45,43
67,45,44
67,45,47
67,45,48
67,45,49
67,45,50
67,45,51
67,46,33
67,46,34
67,46,35
67,46,36
67,46,37
67,46,38
67,46,39
67,46,40
67,46,47
67,46,48
67,46,49
67,46,50
67,46,51
67,47,29
67,47,30
67,47,31
67,47,32
67,47,33
67,47,34
67,47,35
67,47,36
67,47,37
67,47,47
67,47,48
67,47,49
67,48,30
67,48,31
67,48,32
67,48,33
67,48,34
67,48,35
67,48,36
67,48,48
67,48,49
67,48,50
67,49,33
67,49,34
67,49,35
67,49,49
67,50,33
67,50,34
67,50,35
67,51,33
67,51,34
67,51,35
67,52,33
67,52,34
67,52,35
67,53,33
67,53,34
67,53,35
67,54,33
67,54,34
67,54,35
67,55,33
67,55,34
67,55,35
67,56,33
67,56,34
67,56,35
67,57,32
67,57,33
67,57,34
67,57,35
67,57,36
67,57,37
67,57,38
67,58,32
67,58,33
67,58,34
67,58,35
67,58,36
67,58,37
67,58,38
67,58,39
67,59,31
67,59,32
67,59,33
67,59,34
67,59,35
67,59,36
67,59,37
67,59,38
67,60,31
67,60,32
67,60,33
67,60,34
67,60,35
67,60,36
67,60,37
67,61,30
67,61,31
67,61,32
67,61,33
67,61,34
67,61,35
67,61,36
67,61,37
67,62,29
67,62,30
67,62,31
67,62,32
67,62,33
67,62,35
67,62,36
67,63,27
67,63,28
67,63,29
67,63,30
67,63,31
67,63,32
67,64,25
67,64,26
67,64,27
67,64,28
67,64,29
67,64,30
67,64,31
67,64,32
67,65,25
67,65,26
67,65,27
67,65,28
67,65,29
68,29,49
68,29,50
68,30,48
68,30,49
68,30,50
68,31,47
68,31,48
68,31,49
68,31,50
68,32,44
68,32,45
68,32,46
68,32,47
68,32,48
68,33,43
68,33,44
68,33,45
68,33,46
68,33,47
68,34,42
68,34,43
68,34,44
68,34,45
68,34,46
68,34,47
68,35,40
68,35,41
68,35,42
68,35,43
68,35,44
68,35,45
68,35,46
68,35,47
68,35,48
68,36,39
68,36,40
68,36,41
68,36,42
68,36,43
68,36,44
68,36,45
68,36,46
68,36,47
68,37,39
68,37,40
68,37,41
68,37,42
68,37,43
68,37,44
68,37,45
68,38,37
68,38,38
68,38,39
68,38,40
68,38,41
68,38,42
68,38,43
68,38,44
68,38,45
68,39,37
68,39,38
68,39,39
68,39,40
68,39,41
68,39,42
68,39,43
68,39,44
68,39,45
68,39,46
68,39,47
68,40,33
68,40,34
68,40,36
68,40,37
68,40,38
68,40,39
68,40,40
68,40,41
68,40,42
68,40,43
68,40,44
68,40,45
68,40,46
68,40,47
68,40,48
68,40,49
68,41,33
68,41,34
68,41,35
68,41,36
68,41,37
68,41,38
68,41,39
68,41,40
68,41,41
68,41,42
68,41,43
68,41,44
68,41,45
68,41,46
68,41,47
68,41,48
68,41,49
68,41,50
68,41,51
68,42,32
68,42,33
68,42,34
68,42,35
68,42,36
68,42,37
68,42,38
68,42,39
68,42,40
68,42,41
68,42,42
68,42,43
68,42,44
68,42,45
68,42,46
68,42,47
68,42,48
68,42,49
68,42,50
68,42,51
68,42,52
68,43,33
68,43,34
68,43,35
68,43,36
68,43,37
68,43,38
68,43,39
68,43,40
68,43,41
68,43,42
68,43,43
68,43,44
68,43,45
68,43,46
68,43,47
68,43,48
68,43,49
68,43,50
68,43,51
68,43,52
68,43,53
68,44,34
68,44,35
68,44,36
68,44,37
68,44,38
68,44,39
68,44,40
68,44,41
68,44,42
68,44,43
68,44,44
68,44,45
68,44,46
68,44,47
68,44,48
68,44,49
68,44,50
68,44,51
68,45,29
68,45,30
68,45,31
68,45,32
68,45,33
68,45,34
68,45,35
68,45,36
68,45,37
68,45,38
68,45,39
68,45,40
68,45,41
68,45,42
68,45,43
68,45,44
68,45,47
68,45,48
68,45,49
68,45,50
68,45,51
68,45,52
68,46,34
68,46,35
68,46,36
68,46,37
68,46,38
68,46,39
68,46,40
68,46,47
68,46,48
68,46,49
68,46,50
68,46,51
68,46,52
68,47,30
68,47,31
68,47,32
68,47,48
68,47,49
68,47,50
68,48,30
68,48,31
68,48,32
68,48,48
68,48,49
68,48,50
68,49,49
68,51,34
68,52,34
68,53,34
68,54,34
68,55,33
68,55,34
68,55,35
68,56,32
68,56,33
68,56,34
68,56,35
68,57,32
68,57,33
68,57,34
68,57,35
68,57,36
68,58,31
68,58,32
68,58,33
68,58,34
68,58,35
68,58,36
68,58,37
68,58,38
68,59,31
68,59,32
68,59,33
68,59,34
68,59,35
68,59,36
68,59,37
68,59,38
68,60,30
68,60,31
68,60,32
68,60,33
68,60,34
68,60,35
68,60,36
68,60,37
68,61,29
68,61,30
68,61,31
68,61,32
68,61,33
68,61,34
68,61,35
68,61,36
68,62,28
68,62,29
68,62,30
68,62,31
68,62,32
68,62,33
68,62,34
68,63,26
68,63,27
68,63,28
68,63,29
68,63,30
68,63,31
68,63,32
68,64,25
68,64,26
68,64,27
68,64,28
68,64,29
68,65,25
68,65,26
69,28,50
69,29,49
69,29,50
69,29,51
69,30,48
69,30,49
69,30,50
69,30,51
69,31,47
69,31,48
69,31,49
69,31,50
69,32,44
69,32,45
69,32,46
69,32,47
69,32,48
69,33,43
69,33,44
69,33,45
69,33,46
69,33,47
69,34,42
69,34,43
69,34,44
69,34,45
69,34,46
69,34,47
69,34,48
69,35,42
69,35,43
69,35,44
69,35,45
69,35,46
69,35,47
69,35,48
69,36,40
69,36,41
69,36,42
69,36,43
69,36,44
69,36,45
69,36,46
69,36,47
69,37,41
69,37,42
69,37,43
69,37,44
69,37,45
69,38,37
69,38,38
69,38,39
69,38,40
69,38,41
69,38,42
69,38,43
69,38,44
69,38,45
69,39,37
69,39,38
69,39,39
69,39,40
69,39,41
69,39,42
69,39,43
69,39,44
69,39,45
69,39,46
69,39,47
69,40,36
69,40,37
69,40,38
69,40,39
69,40,40
69,40,41
69,40,42
69,40,43
69,40,44
69,40,45
69,40,46
69,40,47
69,40,48
69,40,49
69,41,35
69,41,36
69,41,37
69,41,38
69,41,39
69,41,40
69,41,41
69,41,42
69,41,43
69,41,45
69,41,46
69,41,47
69,41,48
69,41,49
69,41,50
69,41,51
69,42,34
69,42,35
69,42,36
69,42,37
69,42,38
69,42,39
69,42,40
69,42,41
69,42,42
69,42,45
69,42,46
69,42,47
69,42,48
69,42,49
69,42,50
69,42,51
69,42,52
69,43,35
69,43,36
69,43,37
69,43,38
69,43,39
69,43,40
69,43,41
69,43,42
69,43,43
69,43,44
69,43,45
69,43,46
69,43,47
69,43,48
69,43,49
69,43,50
69,43,51
69,43,52
69,43,53
69,44,36
69,44,37
69,44,38
69,44,39
69,44,40
69,44,41
69,44,42
69,44,43
69,44,44
69,44,45
69,44,46
69,44,47
69,44,48
69,44,49
69,44,50
69,44,51
69,45,38
69,45,39
69,45,40
69,45,41
69,45,42
69,45,43
69,45,47
69,45,48
69,45,49
69,45,50
69,45,51
69,45,52
69,46,43
69,46,47
69,46,48
69,46,49
69,46,50
69,46,51
69,46,52
69,47,30
69,47,31
69,47,48
69,47,49
69,47,50
69,48,30
69,48,31
69,48,49
69,48,50
69,48,51
69,49,49
69,54,34
69,55,34
69,56,34
69,56,35
69,57,31
69,57,32
69,57,33
69,57,34
69,57,35
69,57,36
69,58,31
69,58,32
69,58,33
69,58,34
69,58,35
69,58,36
69,58,37
69,59,31
69,59,32
69,59,33
69,59,34
69,59,35
69,59,37
69,60,31
69,60,32
69,60,33
69,60,34
69,60,35
69,61,32
69,61,33
69,61,34
69,61,35
69,62,34
69,63,28
69,64,27
70,28,50
70,28,51
70,29,49
70,29,50
70,29,51
70,30,48
70,30,49
70,30,50
70,31,47
70,31,48
70,31,49
70,32,44
70,32,45
70,32,46
70,32,47
70,32,48
70,33,43
70,33,44
70,33,45
70,33,46
70,33,47
70,34,43
70,34,44
70,34,45
70,34,46
70,34,47
70,34,48
70,35,42
70,35,43
70,35,44
70,35,45
70,35,46
70,35,47
70,35,48
70,36,42
70,36,43
70,36,44
70,36,45
70,36,46
70,36,47
70,37,42
70,37,43
70,37,44
70,37,45
70,38,37
70,38,38
70,38,42
70,38,43
70,38,44
70,39,37
70,39,38
70,39,39
70,39,40
70,39,42
70,39,43
70,39,44
70,39,46
70,39,47
70,40,36
70,40,37
70,40,38
70,40,39
70,40,40
70,40,42
70,40,43
70,40,44
70,40,46
70,40,47
70,40,48
70,40,49
70,41,36
70,41,37
70,41,38
70,41,39
70,41,40
70,41,41
70,41,42
70,41,43
70,41,46
70,41,47
70,41,48
70,41,49
70,41,50
70,41,51
70,42,36
70,42,37
70,42,38
70,42,39
70,42,40
70,42,41
70,42,42
70,42,45
70,42,46
70,42,47
70,42,48
70,42,49
70,42,50
70,42,51
70,42,52
70,42,53
70,43,36
70,43,37
70,43,38
70,43,39
70,43,40
70,43,41
70,43,44
70,43,45
70,43,46
70,43,47
70,43,48
70,43,49
70,43,50
70,43,51
70,43,52
70,43,53
70,43,54
70,44,38
70,44,39
70,44,40
70,44,41
70,44,42
70,44,43
70,44,44
70,44,45
70,44,46
70,44,47
70,44,48
70,44,49
70,44,50
70,44,51
70,45,40
70,45,41
70,45,43
70,45,47
70,45,48
70,45,49
70,45,50
70,45,51
70,45,52
70,46,47
70,46,48
70,46,49
70,46,50
70,46,51
70,47,48
70,47,49
70,47,50
70,48,30
70,48,49
70,48,50
70,48,51
70,49,50
70,58,33
70,58,34
70,59,32
70,59,33
70,59,34
70,60,32
70,60,33
70,60,34
70,61,34
71,28,50
71,28,51
71,29,49
71,29,50
71,29,51
71,30,48
71,30,49
71,30,50
71,31,47
71,31,48
71,31,49
71,32,45
71,32,46
71,32,47
71,32,48
71,33,44
71,33,45
71,33,46
71,33,47
71,34,43
71,34,44
71,34,45
71,34,46
71,35,43
71,35,44
71,35,45
71,35,46
71,35,47
71,35,48
71,36,42
71,36,43
71,36,44
71,36,45
71,36,46
71,36,47
71,37,42
71,37,43
71,37,44
71,38,38
71,38,43
71,38,44
71,39,38
71,39,39
71,39,43
71,39,44
71,39,50
71,40,37
71,40,38
71,40,39
71,40,43
71,40,46
71,40,47
71,40,48
71,40,49
71,40,50
71,41,37
71,41,38
71,41,39
71,41,46
71,41,47
71,41,48
71,41,49
71,41,50
71,41,51
71,41,52
71,42,37
71,42,38
71,42,39
71,42,45
71,42,46
71,42,47
71,42,48
71,42,49
71,42,50
71,42,51
71,42,52
71,42,53
71,43,37
71,43,38
71,43,39
71,43,40
71,43,44
71,43,45
71,43,46
71,43,47
71,43,48
71,43,49
71,43,50
71,43,51
71,43,52
71,43,53
71,43,54
71,44,39
71,44,40
71,44,41
71,44,42
71,44,43
71,44,44
71,44,46
71,44,47
71,44,48
71,44,49
71,44,50
71,44,51
71,45,47
71,45,48
71,45,49
71,45,50
71,45,51
71,45,52
71,46,47
71,46,48
71,46,49
71,46,50
71,46,51
71,47,48
71,47,49
71,47,50
71,48,49
71,48,50
71,48,51
72,28,50
72,28,51
72,29,49
72,29,50
72,29,51
72,30,48
72,30,49
72,30,50
72,31,47
72,31,48
72,31,49
72,32,45
72,32,46
72,32,47
72,32,48
72,33,44
72,33,45
72,33,46
72,33,47
72,34,43
72,34,44
72,34,45
72,34,46
72,35,43
72,35,44
72,35,45
72,36,42
72,36,43
72,36,44
72,36,45
72,36,47
72,37,42
72,37,43
72,37,44
72,38,43
72,38,44
72,39,37
72,39,38
72,39,50
72,39,51
72,40,37
72,40,38
72,40,46
72,40,47
72,40,48
72,40,50
72,41,37
72,41,38
72,41,46
72,41,47
72,41,48
72,41,49
72,41,50
72,41,51
72,41,52
72,41,53
72,42,38
72,42,39
72,42,45
72,42,46
72,42,47
72,42,48
72,42,49
72,42,50
72,42,51
72,42,52
72,42,53
72,43,39
72,43,44
72,43,45
72,43,46
72,43,47
72,43,48
72,43,49
72,43,50
72,43,51
72,43,53
72,44,46
72,44,47
72,44,48
72,44,49
72,44,50
72,44,51
72,45,47
72,45,48
72,45,49
72,45,50
72,45,51
72,46,47
72,46,48
72,46,49
72,46,50
72,46,51
72,47,48
72,47,49
72,47,50
72,48,49
72,48,50
72,48,51
73,28,50
73,28,51
73,29,49
73,29,50
73,29,51
73,30,48
73,30,49
73,30,50
73,31,47
73,31,48
73,31,49
73,32,46
73,32,47
73,32,48
73,33,44
73,33,45
73,33,46
73,33,47
73,34,43
73,34,44
73,34,45
73,34,46
73,35,43
73,35,44
73,35,45
73,36,42
73,36,43
73,36,44
73,36,45
73,37,43
73,37,44
73,38,44
73,39,50
73,39,51
73,40,38
73,40,45
73,40,46
73,40,47
73,40,48
73,40,50
73,40,51
73,41,38
73,41,45
73,41,46
73,41,47
73,41,48
73,41,49
73,41,50
73,41,51
73,41,52
73,41,53
73,42,44
73,42,45
73,42,46
73,42,47
73,42,48
73,42,49
73,42,50
73,42,51
73,42,52
73,42,53
73,43,44
73,43,45
73,43,46
73,43,47
73,43,48
73,43,49
73,43,50
73,43,53
73,44,46
73,44,47
73,44,48
73,44,49
73,44,50
73,44,51
73,45,47
73,45,48
73,45,49
73,45,50
73,45,51
73,46,48
73,46,49
73,46,50
73,47,48
73,47,49
73,47,50
73,48,49
73,48,50
73,48,51
74,28,50
74,29,49
74,29,50
74,30,48
74,30,49
74,30,50
74,31,47
74,31,48
74,31,49
74,32,46
74,32,47
74,32,48
74,33,44
74,33,45
74,33,46
74,33,47
74,34,44
74,34,45
74,34,46
74,35,43
74,35,44
74,35,45
74,36,43
74,36,44
74,36,45
74,37,43
74,37,44
74,40,45
74,40,46
74,40,47
74,40,48
74,40,50
74,40,51
74,41,45
74,41,46
74,41,47
74,41,48
74,41,49
74,41,50
74,41,51
74,42,43
74,42,44
74,42,45
74,42,46
74,42,47
74,42,48
74,42,49
74,42,50
74,42,51
74,42,52
74,43,44
74,43,45
74,43,46
74,43,47
74,43,48
74,43,49
74,43,50
74,44,46
74,44,47
74,44,48
74,44,49
74,44,50
74,45,47
74,45,48
74,45,49
74,45,50
74,46,48
74,46,49
74,46,50
74,47,48
74,47,49
74,47,50
74,48,49
74,48,50
75,28,50
75,29,49
75,29,50
75,30,48
75,30,49
75,30,50
75,31,47
75,31,48
75,31,49
75,32,46
75,32,47
75,32,48
75,33,44
75,33,45
75,33,46
75,33,47
75,34,44
75,34,45
75,34,46
75,35,43
75,35,44
75,35,45
75,36,43
75,36,44
75,37,43
75,37,44
75,40,45
75,40,46
75,40,47
75,40,50
75,40,51
75,41,45
75,41,46
75,41,47
75,41,48
75,41,49
75,41,50
75,42,43
75,42,44
75,42,45
75,42,46
75,42,47
75,42,48
75,42,49
75,42,50
75,42,51
75,42,52
75,43,44
75,43,45
75,43,46
75,43,47
75,43,48
75,43,49
75,44,46
75,44,47
75,44,48
75,44,49
75,44,50
75,45,47
75,45,48
75,45,49
75,46,48
75,46,49
75,47,48
75,47,49
75,47,50
75,48,49
76,30,48
76,30,49
76,30,50
76,31,47
76,31,48
76,31,49
76,32,46
76,32,47
76,32,48
76,33,45
76,33,46
76,33,47
76,34,44
76,34,45
76,34,46
76,35,43
76,35,44
76,35,45
76,36,43
76,36,44
76,37,44
76,40,46
76,40,47
76,41,45
76,41,46
76,41,47
76,41,48
76,41,49
76,41,50
76,42,44
76,42,45
76,42,46
76,42,47
76,42,48
76,42,49
76,42,50
76,42,51
76,43,45
76,43,46
76,43,47
76,43,48
76,43,49
76,44,47
76,44,48
76,44,49
76,45,47
76,45,48
76,46,48
76,47,48
76,47,49
76,48,49
77,29,50
77,30,48
77,30,49
77,30,50
77,31,47
77,31,48
77,31,49
77,32,46
77,32,47
77,32,48
77,33,45
77,33,46
77,33,47
77,34,44
77,34,45
77,34,46
77,35,43
77,35,44
77,35,45
77,36,43
77,36,44
77,37,43
77,37,44
77,40,46
77,40,47
77,41,45
77,41,46
77,41,47
77,41,48
77,41,49
77,41,50
77,42,44
77,42,45
77,42,46
77,42,47
77,42,48
77,42,49
77,42,50
77,42,51
77,42,52
77,43,45
77,43,46
77,43,47
77,43,48
77,43,49
77,44,46
77,44,47
77,44,48
77,44,49
77,45,47
77,45,48
77,45,49
77,46,48
77,47,48
77,47,49
77,48,49
78,29,50
78,30,49
78,30,50
78,31,47
78,31,48
78,31,49
78,32,46
78,32,47
78,32,48
78,33,45
78,33,46
78,33,47
78,34,44
78,34,45
78,34,46
78,35,43
78,35,44
78,35,45
78,36,43
78,36,44
78,37,43
78,37,44
78,38,43
78,40,45
78,40,46
78,40,47
78,41,45
78,41,46
78,41,47
78,41,48
78,41,49
78,41,50
78,42,43
78,42,44
78,42,45
78,42,46
78,42,47
78,42,48
78,42,49
78,42,50
78,42,51
78,42,52
78,43,44
78,43,45
78,43,46
78,43,47
78,43,48
78,43,49
78,43,50
78,44,46
78,44,47
78,44,48
78,44,49
78,44,50
78,45,47
78,45,48
78,45,49
78,45,50
78,46,47
78,46,48
78,46,49
78,47,48
78,47,49
78,48,49
79,29,49
79,29,50
79,30,49
79,30,50
79,31,47
79,31,48
79,31,49
79,32,46
79,32,47
79,32,48
79,33,45
79,33,46
79,33,47
79,34,44
79,34,45
79,34,46
79,35,43
79,35,44
79,35,45
79,36,43
79,36,44
79,36,45
79,37,42
79,37,43
79,37,44
79,38,43
79,38,44
79,40,45
79,40,46
79,40,47
79,40,48
79,40,50
79,40,51
79,41,45
79,41,46
79,41,47
79,41,48
79,41,49
79,41,50
79,42,43
79,42,44
79,42,45
79,42,46
79,42,47
79,42,48
79,42,49
79,42,50
79,42,51
79,42,52
79,42,53
79,43,44
79,43,45
79,43,46
79,43,47
79,43,48
79,43,49
79,43,50
79,43,52
79,44,46
79,44,47
79,44,48
79,44,49
79,44,50
79,45,47
79,45,48
79,45,49
79,45,50
79,45,51
79,46,47
79,46,48
79,46,49
79,47,48
79,47,49
79,48,49
79,48,50
80,29,49
80,29,50
80,30,48
80,30,49
80,30,50
80,31,47
80,31,48
80,31,49
80,32,46
80,32,47
80,32,48
80,33,45
80,33,46
80,33,47
80,34,44
80,34,45
80,34,46
80,35,43
80,35,44
80,35,45
80,36,42
80,36,43
80,36,44
80,36,45
80,37,42
80,37,43
80,37,44
80,38,43
80,38,44
80,40,45
80,40,46
80,40,47
80,40,48
80,40,50
80,40,51
80,41,38
80,41,45
80,41,46
80,41,47
80,41,48
80,41,49
80,41,50
80,42,38
80,42,44
80,42,45
80,42,46
80,42,47
80,42,48
80,42,49
80,42,50
80,42,51
80,42,52
80,42,53
80,43,44
80,43,45
80,43,46
80,43,47
80,43,48
80,43,49
80,43,50
80,43,51
80,43,52
80,43,53
80,44,46
80,44,47
80,44,48
80,44,49
80,44,50
80,45,47
80,45,48
80,45,49
80,45,50
80,45,51
80,46,47
80,46,48
80,46,49
80,46,50
80,46,51
80,47,48
80,47,49
80,48,49
80,48,50
81,28,50
81,29,49
81,29,50
81,30,48
81,30,49
81,30,50
81,31,47
81,31,48
81,31,49
81,32,46
81,32,47
81,32,48
81,33,44
81,33,45
81,33,46
81,33,47
81,34,43
81,34,44
81,34,45
81,34,46
81,35,43
81,35,44
81,35,45
81,35,46
81,36,42
81,36,43
81,36,44
81,36,45
81,37,42
81,37,43
81,37,44
81,38,43
81,38,44
81,40,45
81,40,46
81,40,47
81,40,48
81,40,50
81,40,51
81,41,37
81,41,38
81,41,45
81,41,46
81,41,47
81,41,48
81,41,49
81,41,50
81,42,37
81,42,38
81,42,45
81,42,46
81,42,47
81,42,48
81,42,49
81,42,50
81,42,51
81,42,52
81,42,53
81,43,38
81,43,39
81,43,44
81,43,45
81,43,46
81,43,47
81,43,48
81,43,49
81,43,50
81,43,51
81,43,52
81,43,53
81,43,54
81,44,45
81,44,46
81,44,47
81,44,48
81,44,49
81,44,50
81,44,51
81,45,47
81,45,48
81,45,49
81,45,50
81,45,51
81,46,47
81,46,48
81,46,49
81,46,50
81,46,51
81,46,52
81,47,48
81,47,49
81,47,50
81,48,49
81,48,50
82,28,50
82,29,49
82,29,50
82,30,48
82,30,49
82,30,50
82,31,47
82,31,48
82,31,49
82,32,45
82,32,46
82,32,47
82,32,48
82,33,44
82,33,45
82,33,46
82,33,47
82,34,43
82,34,44
82,34,45
82,34,46
82,35,43
82,35,44
82,35,45
82,35,46
82,36,42
82,36,43
82,36,44
82,36,45
82,37,42
82,37,43
82,37,44
82,38,42
82,38,43
82,38,44
82,39,43
82,39,44
82,40,38
82,40,39
82,40,46
82,40,47
82,40,48
82,40,50
82,40,51
82,41,37
82,41,38
82,41,39
82,41,46
82,41,47
82,41,48
82,41,49
82,41,50
82,41,51
82,42,37
82,42,38
82,42,39
82,42,45
82,42,46
82,42,47
82,42,48
82,42,49
82,42,50
82,42,51
82,42,52
82,42,53
82,43,37
82,43,38
82,43,39
82,43,44
82,43,45
82,43,46
82,43,47
82,43,48
82,43,49
82,43,50
82,43,51
82,43,52
82,43,53
82,43,54
82,44,37
82,44,38
82,44,39
82,44,40
82,44,44
82,44,45
82,44,46
82,44,47
82,44,48
82,44,49
82,44,50
82,44,51
82,45,40
82,45,47
82,45,48
82,45,49
82,45,50
82,45,51
82,46,47
82,46,48
82,46,49
82,46,50
82,46,51
82,46,52
82,47,48
82,47,49
82,47,50
82,48,30
82,48,31
82,48,49
82,48,50
82,56,31
82,57,30
82,57,31
82,58,31
82,58,32
82,58,33
82,58,34
82,58,35
83,28,50
83,28,51
83,29,49
83,29,50
83,29,51
83,30,48
83,30,49
83,30,50
83,31,47
83,31,48
83,31,49
83,32,45
83,32,46
83,32,47
83,32,48
83,33,43
83,33,44
83,33,45
83,33,46
83,33,47
83,34,43
83,34,44
83,34,45
83,34,46
83,35,42
83,35,43
83,35,44
83,35,45
83,35,46
83,36,42
83,36,43
83,36,44
83,36,45
83,37,42
83,37,43
83,37,44
83,38,41
83,38,42
83,38,43
83,38,44
83,39,39
83,39,40
83,39,42
83,39,43
83,39,44
83,40,37
83,40,38
83,40,39
83,40,40
83,40,42
83,40,43
83,40,44
83,40,46
83,40,47
83,40,48
83,40,51
83,41,37
83,41,38
83,41,39
83,41,40
83,41,41
83,41,42
83,41,43
83,41,46
83,41,47
83,41,48
83,41,49
83,41,50
83,41,51
83,42,36
83,42,37
83,42,38
83,42,39
83,42,40
83,42,41
83,42,45
83,42,46
83,42,47
83,42,48
83,42,49
83,42,50
83,42,51
83,42,52
83,42,53
83,43,36
83,43,37
83,43,38
83,43,39
83,43,44
83,43,45
83,43,46
83,43,47
83,43,48
83,43,49
83,43,50
83,43,51
83,43,52
83,43,53
83,44,36
83,44,37
83,44,38
83,44,39
83,44,40
83,44,41
83,44,43
83,44,44
83,44,45
83,44,46
83,44,47
83,44,48
83,44,49
83,44,50
83,44,51
83,45,37
83,45,38
83,45,39
83,45,40
83,45,41
83,45,47
83,45,48
83,45,49
83,45,50
83,45,51
83,46,38
83,46,47
83,46,48
83,46,49
83,46,50
83,46,51
83,46,52
83,47,30
83,47,31
83,47,47
83,47,48
83,47,49
83,48,30
83,48,31
83,48,48
83,48,49
83,48,50
83,49,30
83,49,31
83,49,32
83,50,30
83,50,31
83,50,32
83,51,31
83,51,32
83,52,31
83,52,32
83,52,33
83,53,30
83,53,31
83,53,32
83,53,33
83,53,34
83,54,30
83,54,31
83,54,32
83,54,33
83,54,34
83,55,29
83,55,30
83,55,31
83,55,32
83,55,33
83,55,34
83,55,35
83,56,29
83,56,30
83,56,31
83,56,32
83,56,33
83,56,34
83,56,35
83,56,36
83,57,30
83,57,31
83,57,32
83,57,33
83,57,34
83,57,35
83,57,36
83,58,31
83,58,32
83,58,33
83,58,34
83,58,35
84,28,50
84,29,49
84,29,50
84,30,48
84,30,49
84,30,50
84,31,47
84,31,48
84,31,49
84,32,44
84,32,45
84,32,46
84,32,47
84,32,48
84,33,43
84,33,44
84,33,45
84,33,46
84,33,47
84,34,43
84,34,44
84,34,45
84,34,46
84,35,42
84,35,43
84,35,44
84,35,45
84,35,46
84,36,42
84,36,43
84,36,44
84,36,45
84,37,41
84,37,42
84,37,43
84,37,44
84,37,45
84,38,39
84,38,40
84,38,41
84,38,42
84,38,43
84,38,44
84,39,38
84,39,39
84,39,40
84,39,41
84,39,42
84,39,43
84,39,44
84,39,47
84,40,37
84,40,38
84,40,39
84,40,40
84,40,41
84,40,42
84,40,43
84,40,44
84,40,46
84,40,47
84,40,48
84,40,51
84,41,36
84,41,37
84,41,38
84,41,39
84,41,40
84,41,41
84,41,42
84,41,43
84,41,46
84,41,47
84,41,48
84,41,49
84,41,50
84,41,51
84,42,33
84,42,34
84,42,35
84,42,36
84,42,37
84,42,38
84,42,39
84,42,40
84,42,41
84,42,42
84,42,45
84,42,46
84,42,47
84,42,48
84,42,49
84,42,50
84,42,51
84,42,52
84,42,53
84,43,33
84,43,34
84,43,35
84,43,36
84,43,37
84,43,38
84,43,39
84,43,40
84,43,44
84,43,45
84,43,46
84,43,47
84,43,48
84,43,49
84,43,50
84,43,51
84,43,52
84,43,53
84,44,32
84,44,33
84,44,34
84,44,35
84,44,36
84,44,37
84,44,38
84,44,39
84,44,40
84,44,43
84,44,44
84,44,45
84,44,46
84,44,47
84,44,48
84,44,49
84,44,50
84,44,51
84,45,32
84,45,33
84,45,34
84,45,35
84,45,36
84,45,37
84,45,38
84,45,39
84,45,40
84,45,41
84,45,42
84,45,43
84,45,44
84,45,45
84,45,46
84,45,47
84,45,48
84,45,49
84,45,50
84,45,51
84,46,30
84,46,31
84,46,32
84,46,33
84,46,34
84,46,35
84,46,36
84,46,37
84,46,38
84,46,39
84,46,40
84,46,47
84,46,48
84,46,49
84,46,50
84,46,51
84,47,30
84,47,31
84,47,32
84,47,34
84,47,38
84,47,39
84,47,47
84,47,48
84,47,49
84,48,30
84,48,31
84,48,32
84,48,33
84,48,48
84,48,49
84,48,50
84,49,30
84,49,31
84,49,32
84,49,33
84,50,31
84,50,32
84,50,33
84,51,31
84,51,32
84,51,33
84,51,34
84,52,31
84,52,32
84,52,33
84,52,34
84,53,31
84,53,32
84,53,33
84,53,34
84,54,30
84,54,31
84,54,32
84,54,33
84,54,34
84,54,35
84,55,29
84,55,30
84,55,31
84,55,32
84,55,33
84,55,34
84,55,35
84,56,29
84,56,30
84,56,31
84,56,32
84,56,33
84,56,34
84,56,35
84,56,36
84,57,29
84,57,30
84,57,31
84,57,32
84,57,33
84,57,34
84,57,35
84,57,36
84,58,29
84,58,30
84,58,31
84,58,32
84,58,33
84,58,34
84,58,35
84,59,29
84,59,30
84,59,31
84,59,32
84,60,28
84,60,29
84,60,30
84,60,31
84,60,32
84,61,28
84,61,29
84,61,30
84,61,31
84,62,28
84,62,29
84,62,30
84,63,25
84,63,26
84,63,27
84,63,28
84,63,29
84,63,30
84,64,25
84,64,26
84,64,27
84,64,28
84,64,29
84,65,25
84,65,26
84,65,27
84,65,28
85,28,50
85,29,49
85,29,50
85,30,48
85,30,49
85,30,50
85,31,47
85,31,48
85,31,49
85,31,50
85,32,44
85,32,45
85,32,46
85,32,47
85,32,48
85,33,43
85,33,44
85,33,45
85,33,46
85,33,47
85,34,42
85,34,43
85,34,44
85,34,45
85,34,46
85,35,42
85,35,43
85,35,44
85,35,45
85,35,46
85,36,41
85,36,42
85,36,43
85,36,44
85,36,45
85,37,40
85,37,41
85,37,42
85,37,43
85,37,44
85,37,45
85,38,40
85,38,41
85,38,42
85,38,43
85,38,44
85,38,45
85,39,38
85,39,39
85,39,40
85,39,41
85,39,42
85,39,43
85,39,44
85,39,45
85,39,46
85,39,47
85,40,36
85,40,37
85,40,38
85,40,39
85,40,40
85,40,41
85,40,42
85,40,43
85,40,44
85,40,45
85,40,46
85,40,47
85,40,48
85,41,33
85,41,34
85,41,35
85,41,36
85,41,37
85,41,38
85,41,39
85,41,40
85,41,41
85,41,44
85,41,45
85,41,46
85,41,47
85,41,48
85,41,49
85,41,50
85,42,33
85,42,34
85,42,35
85,42,36
85,42,37
85,42,38
85,42,39
85,42,40
85,42,41
85,42,43
85,42,44
85,42,45
85,42,46
85,42,47
85,42,48
85,42,49
85,42,50
85,42,51
85,42,52
85,43,33
85,43,34
85,43,35
85,43,36
85,43,37
85,43,38
85,43,39
85,43,40
85,43,43
85,43,44
85,43,45
85,43,46
85,43,47
85,43,48
85,43,49
85,43,50
85,43,51
85,43,52
85,43,53
85,44,33
85,44,34
85,44,35
85,44,36
85,44,37
85,44,38
85,44,39
85,44,40
85,44,41
85,44,42
85,44,43
85,44,44
85,44,45
85,44,46
85,44,47
85,44,48
85,44,49
85,44,50
85,44,51
85,45,33
85,45,34
85,45,35
85,45,36
85,45,37
85,45,38
85,45,39
85,45,40
85,45,41
85,45,42
85,45,43
85,45,44
85,45,45
85,45,46
85,45,47
85,45,48
85,45,49
85,45,50
85,45,51
85,46,30
85,46,32
85,46,33
85,46,34
85,46,35
85,46,36
85,46,37
85,46,38
85,46,39
85,46,40
85,46,47
85,46,48
85,46,49
85,46,50
85,46,51
85,47,30
85,47,31
85,47,32
85,47,33
85,47,34
85,47,35
85,47,36
85,47,37
85,47,38
85,47,39
85,47,40
85,47,47
85,47,48
85,47,49
85,48,30
85,48,31
85,48,32
85,48,33
85,48,34
85,48,35
85,48,36
85,48,48
85,48,49
85,49,31
85,49,32
85,49,33
85,49,34
85,49,35
85,49,36
85,50,31
85,50,32
85,50,33
85,50,34
85,50,35
85,51,31
85,51,32
85,51,33
85,51,34
85,51,35
85,52,31
85,52,32
85,52,33
85,52,34
85,52,35
85,53,31
85,53,32
85,53,33
85,53,34
85,53,35
85,54,31
85,54,32
85,54,33
85,54,34
85,54,35
85,55,30
85,55,31
85,55,32
85,55,33
85,55,34
85,55,35
85,55,36
85,56,28
85,56,29
85,56,30
85,56,31
85,56,32
85,56,33
85,56,34
85,56,35
85,56,36
85,57,28
85,57,29
85,57,30
85,57,31
85,57,32
85,57,33
85,57,34
85,57,35
85,57,36
85,57,37
85,57,38
85,58,28
85,58,29
85,58,30
85,58,31
85,58,32
85,58,33
85,58,34
85,58,35
85,59,28
85,59,29
85,59,30
85,59,31
85,59,32
85,59,33
85,60,28
85,60,29
85,60,30
85,60,31
85,60,32
85,60,33
85,61,26
85,61,27
85,61,28
85,61,29
85,61,30
85,61,31
85,61,32
85,62,25
85,62,26
85,62,27
85,62,28
85,62,29
85,62,30
85,62,31
85,63,25
85,63,26
85,63,27
85,63,28
85,63,29
85,63,30
85,63,31
85,64,26
85,64,27
85,64,28
85,64,29
85,64,30
85,65,26
85,65,27
85,65,28
85,65,29
85,66,26
85,66,27
85,66,28
86,28,50
86,29,49
86,29,50
86,30,48
86,30,49
86,30,50
86,31,47
86,31,48
86,31,49
86,31,50
86,32,44
86,32,45
86,32,46
86,32,47
86,32,48
86,32,49
86,33,42
86,33,43
86,33,44
86,33,45
86,33,46
86,33,47
86,33,48
86,34,42
86,34,43
86,34,44
86,34,45
86,34,46
86,35,42
86,35,43
86,35,44
86,35,45
86,35,46
86,36,41
86,36,42
86,36,43
86,36,44
86,36,45
86,37,40
86,37,41
86,37,42
86,37,43
86,37,44
86,37,45
86,38,39
86,38,40
86,38,41
86,38,42
86,38,43
86,38,44
86,38,45
86,39,38
86,39,39
86,39,40
86,39,41
86,39,43
86,39,44
86,39,45
86,39,46
86,39,47
86,39,48
86,40,33
86,40,34
86,40,35
86,40,36
86,40,37
86,40,38
86,40,39
86,40,40
86,40,41
86,40,43
86,40,44
86,40,45
86,40,46
86,40,47
86,40,48
86,41,33
86,41,34
86,41,35
86,41,36
86,41,37
86,41,38
86,41,39
86,41,40
86,41,43
86,41,44
86,41,45
86,41,46
86,41,47
86,41,48
86,41,49
86,41,50
86,42,33
86,42,34
86,42,35
86,42,36
86,42,37
86,42,38
86,42,39
86,42,40
86,42,43
86,42,44
86,42,45
86,42,46
86,42,47
86,42,48
86,42,49
86,42,50
86,42,51
86,42,52
86,43,34
86,43,35
86,43,36
86,43,37
86,43,38
86,43,39
86,43,40
86,43,41
86,43,42
86,43,43
86,43,44
86,43,45
86,43,46
86,43,47
86,43,48
86,43,49
86,43,50
86,43,51
86,43,52
86,44,34
86,44,35
86,44,36
86,44,37
86,44,38
86,44,39
86,44,40
86,44,41
86,44,42
86,44,43
86,44,44
86,44,45
86,44,47
86,44,48
86,44,49
86,45,33
86,45,34
86,45,35
86,45,36
86,45,37
86,45,38
86,45,39
86,45,40
86,45,41
86,45,42
86,45,43
86,45,44
86,45,45
86,45,47
86,45,48
86,45,49
86,45,50
86,46,32
86,46,33
86,46,34
86,46,35
86,46,36
86,46,37
86,46,38
86,46,39
86,46,40
86,46,41
86,46,47
86,46,48
86,46,49
86,46,50
86,47,30
86,47,31
86,47,32
86,47,33
86,47,34
86,47,35
86,47,36
86,47,37
86,47,38
86,47,39
86,47,40
86,47,47
86,47,48
86,48,30
86,48,31
86,48,32
86,48,33
86,48,34
86,48,35
86,48,36
86,48,37
86,48,47
86,48,48
86,49,31
86,49,32
86,49,33
86,49,34
86,49,35
86,49,36
86,49,37
86,50,31
86,50,32
86,50,33
86,50,34
86,50,35
86,50,36
86,51,31
86,51,32
86,51,33
86,51,34
86,51,35
86,52,31
86,52,32
86,52,33
86,52,34
86,52,35
86,52,36
86,53,31
86,53,32
86,53,33
86,53,34
86,53,35
86,53,36
86,54,31
86,54,32
86,54,33
86,54,34
86,54,35
86,54,36
86,55,32
86,55,33
86,55,34
86,55,35
86,55,36
86,56,31
86,56,32
86,56,33
86,56,34
86,56,35
86,56,36
86,57,28
86,57,29
86,57,30
86,57,31
86,57,32
86,57,33
86,57,34
86,57,35
86,57,36
86,57,37
86,57,38
86,58,27
86,58,28
86,58,29
86,58,30
86,58,31
86,58,32
86,58,33
86,58,34
86,59,27
86,59,28
86,59,29
86,59,30
86,59,31
86,59,32
86,59,33
86,59,34
86,60,26
86,60,27
86,60,28
86,60,29
86,60,30
86,60,31
86,60,32
86,60,33
86,61,26
86,61,27
86,61,28
86,61,29
86,61,30
86,61,31
86,61,32
86,62,25
86,62,26
86,62,27
86,62,28
86,62,29
86,62,30
86,62,31
86,63,26
86,63,27
86,63,28
86,63,29
86,63,30
86,63,31
86,64,27
86,64,28
86,64,29
86,65,26
86,65,27
86,65,28
86,66,26
86,66,27
86,66,28
86,67,26
86,67,27
87,28,50
87,29,49
87,29,50
87,30,48
87,30,49
87,30,50
87,31,47
87,31,48
87,31,49
87,32,43
87,32,44
87,32,45
87,32,46
87,32,47
87,32,48
87,32,49
87,33,43
87,33,44
87,33,45
87,33,46
87,33,47
87,33,48
87,34,42
87,34,43
87,34,44
87,34,45
87,34,46
87,34,47
87,35,41
87,35,42
87,35,43
87,35,44
87,35,45
87,35,46
87,36,40
87,36,43
87,36,44
87,36,45
87,36,46
87,37,40
87,37,41
87,37,43
87,37,44
87,37,45
87,37,46
87,38,39
87,38,40
87,38,41
87,38,43
87,38,44
87,38,45
87,38,46
87,38,47
87,39,35
87,39,38
87,39,39
87,39,40
87,39,44
87,39,45
87,39,46
87,39,47
87,39,48
87,40,34
87,40,35
87,40,36
87,40,37
87,40,38
87,40,39
87,40,40
87,40,43
87,40,44
87,40,45
87,40,46
87,40,47
87,40,48
87,41,35
87,41,36
87,41,37
87,41,38
87,41,39
87,41,40
87,41,43
87,41,44
87,41,45
87,41,46
87,41,47
87,41,48
87,41,49
87,42,35
87,42,36
87,42,37
87,42,38
87,42,39
87,42,40
87,42,41
87,42,42
87,42,43
87,42,44
87,42,45
87,42,46
87,42,47
87,42,48
87,42,49
87,42,50
87,43,34
87,43,35
87,43,36
87,43,37
87,43,38
87,43,39
87,43,40
87,43,41
87,43,42
87,43,43
87,43,44
87,43,45
87,43,46
87,43,48
87,43,49
87,43,50
87,43,51
87,44,34
87,44,35
87,44,36
87,44,37
87,44,38
87,44,39
87,44,40
87,44,41
87,44,42
87,44,43
87,44,44
87,44,45
87,45,34
87,45,35
87,45,36
87,45,37
87,45,38
87,45,39
87,45,40
87,45,41
87,45,42
87,45,43
87,45,44
87,45,45
87,45,48
87,45,49
87,46,32
87,46,33
87,46,34
87,46,35
87,46,36
87,46,37
87,46,38
87,46,39
87,46,40
87,46,41
87,46,42
87,46,43
87,46,49
87,46,50
87,47,31
87,47,32
87,47,33
87,47,34
87,47,35
87,47,36
87,47,37
87,47,38
87,47,39
87,47,40
87,47,47
87,48,31
87,48,32
87,48,33
87,48,34
87,48,35
87,48,36
87,48,37
87,48,47
87,49,31
87,49,32
87,49,33
87,49,34
87,49,35
87,49,36
87,49,37
87,50,31
87,50,32
87,50,33
87,50,34
87,50,35
87,50,36
87,51,31
87,51,32
87,51,33
87,51,34
87,51,35
87,51,36
87,52,31
87,52,32
87,52,33
87,52,34
87,52,35
87,52,36
87,53,32
87,53,33
87,53,34
87,53,35
87,53,36
87,54,32
87,54,33
87,54,34
87,54,35
87,55,32
87,55,33
87,55,34
87,55,35
87,56,32
87,56,33
87,56,34
87,56,35
87,57,28
87,57,29
87,57,30
87,57,31
87,57,32
87,57,33
87,57,34
87,57,35
87,57,36
87,57,37
87,57,38
87,58,27
87,58,28
87,58,29
87,58,30
87,58,31
87,58,32
87,58,33
87,58,34
87,59,27
87,59,28
87,59,29
87,59,30
87,59,31
87,59,32
87,59,33
87,59,34
87,60,26
87,60,27
87,60,28
87,60,29
87,60,30
87,60,31
87,60,32
87,60,33
87,61,26
87,61,27
87,61,28
87,61,29
87,61,30
87,61,31
87,61,32
87,61,33
87,62,26
87,62,27
87,62,28
87,62,29
87,62,30
87,62,31
87,63,27
87,63,28
87,63,29
87,63,30
87,64,27
87,64,28
87,65,27
87,66,26
87,66,27
87,67,26
88,28,50
88,29,49
88,29,50
88,30,48
88,30,49
88,30,50
88,31,47
88,31,48
88,31,49
88,32,43
88,32,44
88,32,45
88,32,46
88,32,47
88,32,48
88,32,49
88,33,43
88,33,44
88,33,45
88,33,46
88,33,47
88,33,48
88,33,49
88,34,43
88,34,44
88,34,45
88,34,46
88,34,47
88,34,48
88,35,40
88,35,42
88,35,43
88,35,44
88,35,45
88,35,46
88,35,47
88,36,40
88,36,41
88,36,43
88,36,44
88,36,45
88,36,46
88,36,47
88,37,39
88,37,40
88,37,43
88,37,44
88,37,45
88,37,46
88,37,47
88,38,39
88,38,40
88,38,43
88,38,44
88,38,45
88,38,46
88,38,47
88,39,37
88,39,38
88,39,39
88,39,40
88,39,43
88,39,44
88,39,45
88,39,46
88,39,47
88,39,48
88,40,35
88,40,36
88,40,37
88,40,38
88,40,39
88,40,40
88,40,43
88,40,44
88,40,45
88,40,46
88,40,47
88,41,35
88,41,36
88,41,37
88,41,38
88,41,39
88,41,40
88,41,43
88,41,44
88,41,45
88,41,46
88,41,47
88,41,48
88,42,35
88,42,36
88,42,37
88,42,38
88,42,39
88,42,40
88,42,41
88,42,42
88,42,43
88,42,44
88,42,45
88,42,46
88,42,48
88,42,49
88,43,34
88,43,35
88,43,36
88,43,37
88,43,38
88,43,39
88,43,40
88,43,41
88,43,42
88,43,43
88,43,44
88,43,45
88,43,49
88,43,50
88,44,34
88,44,35
88,44,36
88,44,37
88,44,38
88,44,39
88,44,40
88,44,41
88,44,42
88,44,43
88,44,44
88,44,45
88,45,33
88,45,34
88,45,35
88,45,36
88,45,37
88,45,38
88,45,39
88,45,40
88,45,41
88,45,42
88,45,43
88,45,44
88,46,33
88,46,34
88,46,35
88,46,36
88,46,37
88,46,38
88,46,39
88,46,40
88,46,41
88,46,42
88,46,43
88,47,33
88,47,34
88,47,35
88,47,36
88,47,37
88,47,38
88,47,40
88,48,32
88,48,33
88,48,34
88,48,35
88,48,36
88,48,37
88,49,32
88,49,33
88,49,34
88,49,35
88,49,36
88,50,31
88,50,32
88,50,33
88,50,34
88,50,35
88,50,36
88,51,31
88,51,32
88,51,33
88,51,34
88,51,35
88,51,36
88,52,32
88,52,33
88,52,34
88,52,35
88,52,36
88,53,32
88,53,33
88,53,34
88,53,35
88,54,33
88,54,34
88,54,35
88,55,32
88,55,33
88,55,34
88,56,31
88,56,32
88,56,33
88,56,34
88,57,31
88,57,32
88,57,33
88,57,34
88,57,35
88,57,36
88,57,37
88,58,30
88,58,31
88,58,32
88,58,33
88,58,34
88,59,30
88,59,31
88,59,32
88,59,33
88,59,34
88,60,29
88,60,30
88,60,31
88,60,32
88,60,33
88,61,28
88,61,29
88,61,30
88,61,31
88,61,32
88,61,33
88,62,27
88,62,28
88,62,29
88,62,30
88,63,27
88,63,28
88,66,26
88,67,26
89,28,50
89,28,51
89,29,49
89,29,50
89,29,51
89,30,47
89,30,48
89,30,49
89,30,50
89,31,46
89,31,47
89,31,48
89,31,49
89,32,46
89,32,47
89,32,48
89,32,49
89,33,43
89,33,44
89,33,45
89,33,46
89,33,47
89,33,48
89,33,49
89,34,43
89,34,44
89,34,45
89,34,46
89,34,47
89,34,48
89,34,49
89,35,40
89,35,41
89,35,42
89,35,43
89,35,44
89,35,45
89,35,46
89,35,47
89,36,39
89,36,40
89,36,41
89,36,42
89,36,43
89,36,44
89,36,45
89,36,46
89,36,47
89,37,39
89,37,40
89,37,43
89,37,44
89,37,45
89,37,46
89,37,47
89,38,38
89,38,39
89,38,40
89,38,41
89,38,43
89,38,44
89,38,45
89,38,46
89,38,47
89,39,35
89,39,36
89,39,37
89,39,38
89,39,39
89,39,40
89,39,41
89,39,43
89,39,44
89,39,45
89,39,46
89,39,47
89,40,35
89,40,36
89,40,37
89,40,38
89,40,39
89,40,40
89,40,43
89,40,44
89,40,45
89,40,46
89,40,47
89,41,35
89,41,36
89,41,37
89,41,38
89,41,39
89,41,40
89,41,41
89,41,43
89,41,44
89,41,45
89,41,46
89,41,47
89,42,34
89,42,35
89,42,36
89,42,37
89,42,38
89,42,39
89,42,40
89,42,41
89,42,42
89,42,43
89,42,44
89,42,45
89,42,48
89,43,34
89,43,35
89,43,36
89,43,37
89,43,38
89,43,39
89,43,40
89,43,41
89,43,42
89,43,43
89,43,44
89,43,45
89,44,34
89,44,35
89,44,36
89,44,37
89,44,38
89,44,39
89,44,40
89,44,41
89,44,42
89,44,43
89,44,44
89,45,33
89,45,34
89,45,35
89,45,36
89,45,37
89,45,38
89,45,39
89,45,40
89,45,41
89,45,42
89,45,43
89,45,44
89,46,33
89,46,34
89,46,35
89,46,36
89,46,37
89,46,38
89,46,39
89,46,40
89,46,41
89,46,42
89,46,43
89,47,33
89,47,34
89,47,35
89,47,36
89,47,37
89,47,38
89,47,40
89,48,33
89,48,34
89,48,35
89,48,36
89,48,37
89,49,33
89,49,34
89,49,35
89,49,36
89,50,33
89,50,34
89,50,35
89,51,32
89,51,33
89,51,34
89,51,35
89,52,32
89,52,33
89,52,34
89,52,35
89,53,32
89,53,33
89,53,34
89,53,35
89,54,32
89,54,33
89,54,34
89,55,32
89,55,33
89,56,31
89,56,32
89,56,33
89,57,31
89,57,32
89,57,33
89,58,31
89,58,32
89,58,33
89,58,34
89,59,31
89,59,32
89,60,30
89,60,31
89,61,29
89,65,26
89,66,25
89,66,26
90,27,50
90,28,49
90,28,50
90,28,51
90,29,48
90,29,49
90,29,50
90,30,47
90,30,48
90,30,49
90,30,50
90,31,46
90,31,47
90,31,48
90,31,49
90,31,50
90,32,46
90,32,47
90,32,48
90,32,49
90,33,39
90,33,46
90,33,47
90,33,48
90,34,39
90,34,42
90,34,43
90,34,44
90,34,45
90,34,46
90,34,47
90,34,48
90,34,49
90,35,39
90,35,40
90,35,41
90,35,42
90,35,43
90,35,44
90,35,45
90,35,46
90,35,47
90,36,39
90,36,40
90,36,41
90,36,42
90,36,43
90,36,44
90,36,45
90,36,46
90,36,47
90,37,39
90,37,40
90,37,41
90,37,42
90,37,43
90,37,44
90,37,45
90,37,46
90,38,34
90,38,35
90,38,38
90,38,39
90,38,40
90,38,41
90,38,42
90,38,43
90,38,44
90,38,45
90,38,46
90,39,35
90,39,36
90,39,37
90,39,38
90,39,39
90,39,40
90,39,41
90,39,42
90,39,43
90,39,44
90,39,45
90,39,46
90,40,34
90,40,35
90,40,36
90,40,37
90,40,38
90,40,39
90,40,40
90,40,41
90,40,42
90,40,43
90,40,44
90,40,45
90,40,46
90,41,34
90,41,35
90,41,36
90,41,37
90,41,38
90,41,39
90,41,40
90,41,41
90,41,42
90,41,43
90,41,44
90,41,45
90,41,46
90,42,34
90,42,35
90,42,36
90,42,37
90,42,38
90,42,39
90,42,40
90,42,41
90,42,42
90,42,43
90,42,44
90,42,45
90,43,35
90,43,36
90,43,37
90,43,38
90,43,39
90,43,40
90,43,41
90,43,42
90,43,43
90,43,44
90,44,35
90,44,36
90,44,37
90,44,38
90,44,39
90,44,40
90,44,41
90,44,42
90,44,43
90,44,44
90,45,35
90,45,36
90,45,37
90,45,38
90,45,39
90,45,40
90,45,41
90,45,42
90,45,43
90,46,34
90,46,35
90,46,36
90,46,37
90,46,38
90,46,39
90,46,40
90,46,41
90,46,42
90,47,34
90,47,35
90,47,36
90,47,37
90,48,34
90,48,35
90,49,33
90,49,34
90,49,35
90,50,33
90,50,34
90,50,35
90,51,32
90,51,33
90,51,34
90,51,35
90,52,32
90,52,33
90,52,34
90,53,32
90,53,33
90,54,32
90,54,33
90,65,26
91,28,49
91,28,50
91,29,47
91,29,48
91,29,49
91,30,46
91,30,47
91,30,48
91,30,49
91,31,46
91,31,47
91,31,48
91,31,49
91,32,40
91,32,46
91,32,47
91,32,48
91,33,38
91,33,39
91,33,46
91,33,47
91,33,48
91,34,39
91,34,40
91,34,41
91,34,42
91,34,45
91,34,46
91,34,47
91,34,48
91,35,39
91,35,40
91,35,41
91,35,42
91,35,43
91,35,44
91,35,45
91,35,46
91,35,47
91,35,48
91,36,39
91,36,40
91,36,41
91,36,42
91,36,43
91,36,44
91,36,45
91,36,46
91,36,47
91,37,34
91,37,38
91,37,39
91,37,40
91,37,41
91,37,42
91,37,43
91,37,44
91,37,45
91,37,46
91,38,34
91,38,35
91,38,36
91,38,37
91,38,38
91,38,39
91,38,40
91,38,41
91,38,42
91,38,43
91,38,44
91,38,45
91,39,34
91,39,35
91,39,36
91,39,37
91,39,38
91,39,39
91,39,40
91,39,41
91,39,42
91,39,43
91,39,44
91,39,45
91,40,34
91,40,35
91,40,36
91,40,37
91,40,38
91,40,39
91,40,40
91,40,41
91,40,42
91,40,43
91,40,44
91,40,45
91,41,34
91,41,35
91,41,36
91,41,37
91,41,38
91,41,39
91,41,40
91,41,41
91,41,42
91,41,43
91,41,44
91,41,45
91,42,34
91,42,35
91,42,36
91,42,37
91,42,38
91,42,39
91,42,40
91,42,41
91,42,42
91,42,43
91,42,44
91,43,35
91,43,36
91,43,37
91,43,38
91,43,39
91,43,40
91,43,41
91,43,42
91,43,43
91,43,44
91,44,35
91,44,36
91,44,37
91,44,38
91,44,39
91,44,40
91,44,41
91,44,42
91,44,43
91,45,35
91,45,36
91,45,37
91,45,38
91,45,39
91,45,40
91,45,41
91,45,42
91,45,43
91,46,35
91,46,36
91,46,37
91,46,38
91,46,39
91,46,40
91,46,41
91,46,42
91,47,35
92,28,48
92,28,49
92,29,43
92,29,47
92,29,48
92,29,49
92,30,46
92,30,47
92,30,48
92,30,49
92,31,41
92,31,42
92,31,46
92,31,47
92,31,48
92,31,49
92,32,38
92,32,39
92,32,40
92,32,41
92,32,46
92,32,47
92,32,48
92,33,37
92,33,38
92,33,39
92,33,40
92,33,41
92,33,42
92,33,46
92,33,47
92,33,48
92,34,37
92,34,38
92,34,39
92,34,40
92,34,41
92,34,42
92,34,43
92,34,44
92,34,45
92,34,46
92,34,47
92,35,39
92,35,40
92,35,41
92,35,42
92,35,43
92,35,44
92,35,45
92,35,46
92,35,47
92,36,39
92,36,40
92,36,41
92,36,42
92,36,43
92,36,44
92,36,45
92,36,46
92,36,47
92,37,34
92,37,38
92,37,39
92,37,40
92,37,41
92,37,42
92,37,43
92,37,44
92,37,45
92,37,46
92,38,34
92,38,35
92,38,36
92,38,37
92,38,38
92,38,39
92,38,40
92,38,41
92,38,42
92,38,43
92,38,44
92,38,45
92,39,34
92,39,35
92,39,36
92,39,37
92,39,38
92,39,39
92,39,40
92,39,41
92,39,42
92,39,43
92,39,44
92,39,45
92,40,34
92,40,35
92,40,36
92,40,37
92,40,38
92,40,39
92,40,40
92,40,41
92,40,42
92,40,43
92,40,44
92,40,45
92,41,34
92,41,35
92,41,36
92,41,37
92,41,38
92,41,39
92,41,40
92,41,41
92,41,42
92,41,43
92,41,44
92,41,45
92,42,34
92,42,35
92,42,36
92,42,37
92,42,38
92,42,39
92,42,40
92,42,41
92,42,42
92,42,43
92,42,44
92,43,35
92,43,36
92,43,37
92,43,38
92,43,39
92,43,40
92,43,41
92,43,42
92,43,43
92,43,44
92,44,35
92,44,36
92,44,37
92,44,38
92,44,39
92,44,40
92,44,41
92,44,42
92,44,43
92,45,35
92,45,36
92,45,37
92,45,38
92,45,39
92,45,40
92,45,41
92,45,42
92,46,35
92,46,36
92,46,37
92,46,38
92,46,39
92,46,40
92,46,41
92,47,35
92,47,36
93,28,47
93,28,48
93,29,42
93,29,46
93,29,47
93,30,41
93,30,42
93,30,43
93,30,45
93,30,46
93,30,47
93,30,48
93,30,49
93,30,50
93,31,41
93,31,42
93,31,43
93,31,44
93,31,45
93,31,46
93,31,47
93,31,48
93,31,49
93,31,50
93,32,38
93,32,39
93,32,40
93,32,41
93,32,42
93,32,43
93,32,45
93,32,46
93,32,47
93,32,48
93,32,49
93,33,37
93,33,38
93,33,39
93,33,40
93,33,41
93,33,42
93,33,43
93,33,44
93,33,45
93,33,46
93,33,47
93,33,48
93,34,36
93,34,37
93,34,38
93,34,39
93,34,40
93,34,41
93,34,42
93,34,43
93,34,44
93,34,45
93,34,46
93,34,47
93,35,37
93,35,39
93,35,40
93,35,41
93,35,42
93,35,43
93,35,44
93,35,45
93,35,46
93,36,40
93,36,41
93,36,42
93,36,43
93,36,44
93,36,45
93,36,46
93,37,36
93,37,37
93,37,38
93,37,40
93,37,41
93,37,42
93,37,43
93,37,44
93,37,45
93,37,46
93,38,34
93,38,35
93,38,36
93,38,37
93,38,38
93,38,39
93,38,40
93,38,41
93,38,42
93,38,43
93,38,44
93,38,45
93,39,34
93,39,35
93,39,36
93,39,37
93,39,38
93,39,39
93,39,40
93,39,41
93,39,42
93,39,43
93,39,44
93,39,45
93,40,34
93,40,35
93,40,36
93,40,37
93,40,38
93,40,39
93,40,40
93,40,41
93,40,42
93,40,43
93,40,44
93,40,45
93,41,34
93,41,35
93,41,36
93,41,37
93,41,38
93,41,39
93,41,40
93,41,41
93,41,42
93,41,43
93,41,44
93,42,34
93,42,35
93,42,36
93,42,37
93,42,38
93,42,39
93,42,40
93,42,41
93,42,42
93,42,43
93,42,44
93,43,34
93,43,35
93,43,36
93,43,37
93,43,38
93,43,39
93,43,40
93,43,41
93,43,42
93,43,43
93,44,34
93,44,35
93,44,36
93,44,37
93,44,38
93,44,39
93,44,40
93,44,41
93,44,42
93,45,34
93,45,35
93,45,36
93,45,37
93,45,38
93,45,39
93,45,40
93,45,41
93,45,42
93,46,34
93,46,35
93,46,36
93,46,37
93,46,38
93,46,39
93,46,40
93,46,41
93,47,35
93,47,36
93,47,37
93,48,35
93,48,36
93,49,35
93,50,35
94,28,46
94,28,47
94,29,42
94,29,45
94,29,46
94,30,41
94,30,42
94,30,43
94,30,44
94,30,45
94,30,46
94,30,47
94,30,48
94,30,49
94,31,40
94,31,41
94,31,42
94,31,43
94,31,44
94,31,45
94,31,46
94,31,47
94,31,48
94,31,49
94,31,50
94,32,37
94,32,38
94,32,39
94,32,40
94,32,41
94,32,42
94,32,43
94,32,44
94,32,45
94,32,46
94,32,47
94,32,48
94,32,49
94,33,36
94,33,37
94,33,38
94,33,39
94,33,40
94,33,41
94,33,42
94,33,43
94,33,44
94,33,45
94,33,46
94,33,47
94,33,48
94,34,36
94,34,37
94,34,38
94,34,39
94,34,40
94,34,41
94,34,42
94,34,43
94,34,44
94,34,45
94,34,46
94,34,47
94,35,36
94,35,37
94,35,39
94,35,40
94,35,41
94,35,42
94,35,43
94,35,44
94,35,45
94,35,46
94,36,40
94,36,41
94,36,42
94,36,43
94,36,44
94,36,45
94,36,46
94,37,34
94,37,37
94,37,41
94,37,42
94,37,43
94,37,44
94,37,45
94,38,34
94,38,35
94,38,36
94,38,37
94,38,41
94,38,42
94,38,43
94,38,44
94,38,45
94,39,34
94,39,35
94,39,36
94,39,37
94,39,38
94,39,39
94,39,41
94,39,42
94,39,43
94,39,44
94,39,45
94,40,34
94,40,35
94,40,36
94,40,37
94,40,38
94,40,39
94,40,40
94,40,41
94,40,42
94,40,43
94,40,44
94,40,45
94,41,34
94,41,35
94,41,36
94,41,37
94,41,38
94,41,39
94,41,40
94,41,41
94,41,42
94,41,43
94,41,44
94,42,34
94,42,35
94,42,36
94,42,37
94,42,38
94,42,39
94,42,40
94,42,41
94,42,42
94,42,43
94,42,44
94,43,34
94,43,35
94,43,36
94,43,37
94,43,38
94,43,39
94,43,40
94,43,41
94,43,42
94,43,43
94,44,34
94,44,35
94,44,36
94,44,37
94,44,38
94,44,39
94,44,40
94,44,41
94,44,42
94,45,34
94,45,35
94,45,36
94,45,37
94,45,38
94,45,39
94,45,40
94,45,41
94,46,34
94,46,35
94,46,36
94,46,37
94,46,38
94,46,39
94,46,40
94,47,34
94,47,35
94,47,36
94,47,37
94,47,38
94,48,34
94,48,35
94,48,36
94,48,37
94,49,34
94,49,35
94,49,36
94,50,34
94,50,35
94,51,35
95,28,44
95,28,45
95,28,46
95,29,42
95,29,43
95,29,44
95,29,45
95,29,46
95,30,41
95,30,42
95,30,43
95,30,44
95,30,45
95,30,46
95,31,40
95,31,41
95,31,42
95,31,43
95,31,44
95,31,45
95,31,46
95,31,47
95,31,48
95,31,49
95,32,37
95,32,38
95,32,39
95,32,40
95,32,41
95,32,42
95,32,43
95,32,44
95,32,45
95,32,46
95,32,47
95,32,48
95,32,49
95,33,36
95,33,37
95,33,38
95,33,39
95,33,40
95,33,41
95,33,42
95,33,43
95,33,44
95,33,45
95,33,46
95,33,47
95,33,48
95,33,49
95,34,35
95,34,36
95,34,37
95,34,38
95,34,39
95,34,40
95,34,41
95,34,42
95,34,43
95,34,44
95,34,45
95,34,46
95,35,36
95,35,37
95,35,38
95,35,39
95,35,40
95,35,41
95,35,42
95,35,43
95,35,44
95,35,45
95,35,46
95,36,40
95,36,41
95,36,42
95,36,43
95,36,44
95,36,45
95,36,46
95,37,37
95,37,44
95,37,45
95,38,34
95,38,37
95,38,43
95,38,44
95,38,45
95,39,34
95,39,36
95,39,37
95,39,42
95,39,43
95,39,44
95,39,45
95,40,34
95,40,35
95,40,36
95,40,37
95,40,38
95,40,41
95,40,42
95,40,43
95,40,44
95,41,34
95,41,35
95,41,36
95,41,37
95,41,38
95,41,39
95,41,40
95,41,41
95,41,42
95,41,43
95,41,44
95,42,35
95,42,36
95,42,37
95,42,38
95,42,39
95,42,40
95,42,41
95,42,42
95,42,43
95,43,35
95,43,36
95,43,37
95,43,38
95,43,39
95,43,40
95,43,41
95,43,42
95,44,35
95,44,36
95,44,37
95,44,38
95,44,39
95,44,40
95,44,41
95,44,42
95,45,34
95,45,35
95,45,36
95,45,37
95,45,38
95,45,39
95,45,40
95,45,41
95,46,34
95,46,35
95,46,36
95,46,37
95,46,38
95,46,39
95,46,40
95,47,34
95,47,35
95,47,36
95,47,37
95,47,38
95,47,39
95,48,34
95,48,35
95,48,36
95,48,37
95,49,34
95,49,35
95,49,36
95,50,34
95,50,35
95,50,36
95,51,35
96,28,43
96,28,44
96,28,45
96,29,42
96,29,43
96,29,44
96,30,41
96,30,42
96,30,43
96,30,44
96,30,45
96,31,40
96,31,41
96,31,42
96,31,43
96,31,44
96,31,45
96,31,46
96,31,47
96,31,48
96,32,38
96,32,39
96,32,40
96,32,41
96,32,42
96,32,43
96,32,44
96,32,45
96,32,46
96,32,47
96,33,35
96,33,36
96,33,37
96,33,38
96,33,39
96,33,40
96,33,41
96,33,42
96,33,43
96,33,44
96,33,45
96,33,46
96,34,35
96,34,36
96,34,37
96,34,38
96,34,39
96,34,40
96,34,41
96,34,42
96,34,43
96,34,44
96,34,45
96,34,46
96,35,35
96,35,36
96,35,37
96,35,38
96,35,39
96,35,40
96,35,41
96,35,42
96,35,43
96,35,44
96,35,45
96,35,46
96,36,36
96,36,37
96,36,38
96,36,40
96,36,41
96,36,42
96,36,43
96,36,44
96,36,45
96,37,36
96,37,37
96,37,38
96,37,44
96,37,45
96,38,36
96,38,37
96,38,43
96,38,44
96,38,45
96,39,36
96,39,42
96,39,43
96,39,44
96,40,36
96,40,41
96,40,42
96,40,43
96,40,44
96,41,36
96,41,40
96,41,41
96,41,42
96,41,43
96,42,37
96,42,38
96,42,39
96,42,40
96,42,41
96,42,42
96,42,43
96,43,36
96,43,37
96,43,38
96,43,39
96,43,40
96,43,41
96,43,42
96,44,35
96,44,36
96,44,37
96,44,38
96,44,39
96,44,40
96,44,41
96,45,35
96,45,36
96,45,37
96,45,38
96,45,39
96,45,40
96,46,34
96,46,35
96,46,36
96,46,37
96,46,38
96,46,39
96,46,40
96,47,33
96,47,34
96,47,35
96,47,36
96,47,37
96,47,38
96,47,39
96,48,33
96,48,34
96,48,35
96,48,36
96,48,37
96,49,33
96,49,34
96,49,35
96,49,36
96,49,37
96,50,33
96,50,34
96,50,35
96,50,36
96,51,34
96,51,35
96,52,35
97,29,42
97,29,43
97,29,44
97,30,41
97,30,42
97,30,43
97,30,44
97,30,47
97,30,48
97,30,49
97,31,40
97,31,41
97,31,42
97,31,43
97,31,44
97,31,45
97,31,46
97,31,47
97,31,48
97,32,39
97,32,40
97,32,41
97,32,42
97,32,43
97,32,44
97,32,45
97,32,46
97,32,47
97,33,35
97,33,36
97,33,37
97,33,38
97,33,39
97,33,40
97,33,41
97,33,42
97,33,43
97,33,44
97,33,45
97,33,46
97,34,35
97,34,36
97,34,37
97,34,38
97,34,39
97,34,40
97,34,41
97,34,42
97,34,43
97,34,44
97,34,45
97,35,35
97,35,36
97,35,37
97,35,38
97,35,39
97,35,40
97,35,41
97,35,42
97,35,43
97,35,44
97,35,45
97,36,35
97,36,36
97,36,37
97,36,38
97,36,39
97,36,40
97,36,41
97,36,42
97,36,43
97,36,44
97,36,45
97,37,36
97,37,37
97,37,38
97,37,39
97,37,40
97,37,44
97,38,36
97,38,37
97,38,38
97,38,39
97,38,42
97,38,43
97,38,44
97,39,36
97,39,37
97,39,41
97,39,42
97,39,43
97,39,44
97,40,40
97,40,41
97,40,42
97,40,43
97,41,37
97,41,38
97,41,39
97,41,40
97,41,41
97,41,42
97,41,43
97,42,36
97,42,37
97,42,38
97,42,39
97,42,40
97,42,41
97,42,42
97,43,36
97,43,37
97,43,38
97,43,39
97,43,40
97,43,41
97,44,35
97,44,36
97,44,37
97,44,38
97,44,39
97,44,40
97,44,41
97,45,35
97,45,36
97,45,37
97,45,38
97,45,39
97,45,40
97,46,34
97,46,35
97,46,36
97,46,37
97,46,38
97,46,39
97,47,32
97,47,33
97,47,34
97,47,35
97,47,36
97,47,37
97,47,38
97,48,32
97,48,33
97,48,34
97,48,35
97,48,36
97,48,37
97,49,32
97,49,33
97,49,34
97,49,35
97,49,36
97,50,32
97,50,33
97,50,34
97,50,35
97,50,36
97,51,33
97,51,34
97,51,35
97,52,34
97,52,35
97,53,34
98,28,42
98,28,43
98,29,41
98,29,42
98,29,43
98,29,44
98,29,48
98,29,49
98,30,41
98,30,42
98,30,43
98,30,47
98,30,48
98,30,49
98,31,40
98,31,41
98,31,42
98,31,43
98,31,44
98,31,46
98,31,47
98,31,48
98,32,39
98,32,40
98,32,41
98,32,42
98,32,43
98,32,44
98,32,45
98,32,46
98,32,47
98,33,35
98,33,36
98,33,37
98,33,38
98,33,39
98,33,40
98,33,41
98,33,42
98,33,43
98,33,44
98,33,45
98,33,46
98,34,34
98,34,35
98,34,36
98,34,37
98,34,38
98,34,39
98,34,40
98,34,41
98,34,42
98,34,43
98,34,44
98,34,45
98,35,34
98,35,35
98,35,36
98,35,37
98,35,38
98,35,39
98,35,40
98,35,41
98,35,42
98,35,43
98,35,44
98,35,45
98,36,35
98,36,36
98,36,37
98,36,38
98,36,39
98,36,40
98,36,41
98,36,42
98,36,43
98,36,44
98,37,35
98,37,36
98,37,37
98,37,38
98,37,39
98,37,40
98,37,41
98,37,42
98,37,43
98,38,35
98,38,36
98,38,37
98,38,38
98,38,39
98,38,40
98,38,41
98,38,42
98,38,43
98,39,36
98,39,37
98,39,38
98,39,39
98,39,40
98,39,41
98,39,42
98,39,43
98,40,36
98,40,37
98,40,38
98,40,39
98,40,40
98,40,41
98,40,42
98,40,43
98,41,36
98,41,37
98,41,38
98,41,39
98,41,40
98,41,41
98,41,42
98,42,36
98,42,37
98,42,38
98,42,39
98,42,40
98,42,41
98,43,35
98,43,36
98,43,37
98,43,38
98,43,39
98,43,40
98,43,41
98,44,35
98,44,36
98,44,37
98,44,38
98,44,39
98,44,40
98,45,34
98,45,35
98,45,36
98,45,37
98,45,38
98,45,39
98,46,33
98,46,34
98,46,35
98,46,36
98,46,37
98,46,38
98,46,39
98,47,32
98,47,33
98,47,34
98,47,35
98,47,36
98,47,37
98,47,38
98,48,31
98,48,32
98,48,33
98,48,34
98,48,35
98,48,36
98,48,37
98,49,28
98,49,29
98,49,30
98,49,31
98,49,32
98,49,33
98,49,34
98,49,35
98,49,36
98,50,29
98,50,30
98,50,31
98,50,32
98,50,33
98,50,34
98,50,35
98,51,29
98,51,30
98,51,31
98,51,32
98,51,33
98,51,34
98,52,30
98,52,31
98,52,32
98,52,33
98,52,34
98,53,30
98,53,31
98,53,32
98,53,33
98,54,30
99,29,41
99,29,42
99,30,41
99,30,42
99,30,48
99,30,49
99,31,41
99,31,42
99,31,46
99,31,47
99,31,48
99,32,38
99,32,39
99,32,40
99,32,41
99,32,42
99,32,43
99,32,44
99,32,45
99,32,46
99,32,47
99,33,37
99,33,38
99,33,39
99,33,40
99,33,41
99,33,42
99,33,43
99,33,44
99,33,45
99,33,46
99,34,34
99,34,35
99,34,36
99,34,37
99,34,38
99,34,39
99,34,40
99,34,41
99,34,42
99,34,43
99,34,44
99,34,45
99,35,34
99,35,35
99,35,36
99,35,37
99,35,38
99,35,39
99,35,40
99,35,41
99,35,42
99,35,43
99,35,44
99,36,34
99,36,35
99,36,36
99,36,37
99,36,38
99,36,39
99,36,40
99,36,41
99,36,42
99,36,43
99,36,44
99,37,35
99,37,36
99,37,37
99,37,38
99,37,39
99,37,40
99,37,41
99,37,42
99,37,43
99,38,35
99,38,36
99,38,37
99,38,38
99,38,39
99,38,40
99,38,41
99,38,42
99,39,35
99,39,36
99,39,37
99,39,38
99,39,39
99,39,40
99,39,41
99,39,42
99,40,36
99,40,37
99,40,38
99,40,39
99,40,40
99,40,41
99,40,42
99,41,36
99,41,37
99,41,38
99,41,39
99,41,40
99,41,41
99,42,35
99,42,36
99,42,37
99,42,38
99,42,39
99,42,40
99,42,41
99,43,35
99,43,36
99,43,37
99,43,38
99,43,39
99,43,40
99,44,34
99,44,35
99,44,36
99,44,37
99,44,38
99,44,39
99,45,33
99,45,34
99,45,35
99,45,36
99,45,37
99,45,38
99,45,39
99,46,33
99,46,34
99,46,35
99,46,36
99,46,37
99,46,38
99,47,32
99,47,33
99,47,34
99,47,35
99,47,36
99,47,37
99,48,31
99,48,32
99,48,33
99,48,34
99,48,35
99,48,36
99,49,30
99,49,31
99,49,32
99,49,33
99,49,34
99,49,35
99,49,36
99,50,29
99,50,30
99,50,31
99,50,32
99,50,33
99,50,34
99,50,35
99,51,29
99,51,30
99,51,31
99,51,32
99,51,33
99,51,34
99,52,30
99,52,31
99,52,32
99,52,33
99,53,32
100,30,41
100,30,48
100,31,45
100,31,46
100,31,47
100,31,48
100,32,38
100,32,39
100,32,40
100,32,41
100,32,42
100,32,43
100,32,44
100,32,45
100,32,46
100,32,47
100,33,37
100,33,38
100,33,39
100,33,40
100,33,41
100,33,42
100,33,43
100,33,44
100,33,45
100,33,46
100,34,35
100,34,36
100,34,37
100,34,38
100,34,39
100,34,40
100,34,41
100,34,42
100,34,43
100,34,44
100,34,45
100,35,34
100,35,35
100,35,36
100,35,37
100,35,38
100,35,39
100,35,40
100,35,41
100,35,42
100,35,43
100,35,44
100,36,34
100,36,35
100,36,36
100,36,37
100,36,38
100,36,39
100,36,40
100,36,41
100,36,42
100,36,43
100,37,34
100,37,35
100,37,36
100,37,37
100,37,38
100,37,39
100,37,40
100,37,41
100,37,42
100,38,34
100,38,35
100,38,36
100,38,37
100,38,38
100,38,39
100,38,40
100,38,41
100,38,42
100,39,35
100,39,36
100,39,37
100,39,38
100,39,39
100,39,40
100,39,41
100,40,35
100,40,36
100,40,37
100,40,38
100,40,39
100,40,40
100,40,41
100,41,35
100,41,36
100,41,37
100,41,38
100,41,39
100,41,40
100,42,35
100,42,36
100,42,37
100,42,38
100,42,39
100,42,40
100,43,34
100,43,35
100,43,36
100,43,37
100,43,38
100,43,39
100,44,34
100,44,35
100,44,36
100,44,37
100,44,38
100,44,39
100,45,33
100,45,34
100,45,35
100,45,36
100,45,37
100,45,38
100,46,33
100,46,34
100,46,35
100,46,36
100,46,37
100,47,32
100,47,33
100,47,34
100,47,35
100,47,36
100,47,37
100,48,31
100,48,32
100,48,33
100,48,34
100,48,35
100,48,36
100,49,31
100,49,32
100,49,33
100,49,34
100,49,35
100,50,30
100,50,31
100,50,32
100,50,33
100,50,34
100,51,31
100,51,32
101,30,47
101,30,48
101,31,41
101,31,44
101,31,45
101,31,46
101,31,47
101,32,41
101,32,43
101,32,44
101,32,45
101,32,46
101,32,47
101,33,39
101,33,40
101,33,41
101,33,42
101,33,43
101,33,44
101,33,45
101,34,37
101,34,38
101,34,39
101,34,40
101,34,41
101,34,42
101,34,43
101,34,44
101,35,34
101,35,35
101,35,36
101,35,37
101,35,38
101,35,39
101,35,40
101,35,41
101,35,42
101,35,43
101,35,44
101,36,34
101,36,35
101,36,36
101,36,37
101,36,38
101,36,39
101,36,40
101,36,41
101,36,42
101,36,43
101,37,34
101,37,35
101,37,36
101,37,37
101,37,38
101,37,39
101,37,40
101,37,41
101,37,42
101,38,34
101,38,35
101,38,36
101,38,37
101,38,38
101,38,39
101,38,40
101,38,41
101,39,34
101,39,35
101,39,36
101,39,37
101,39,38
101,39,39
101,39,40
101,39,41
101,40,34
101,40,35
101,40,36
101,40,37
101,40,38
101,40,39
101,40,40
101,41,34
101,41,35
101,41,36
101,41,37
101,41,38
101,41,39
101,41,40
101,42,34
101,42,35
101,42,36
101,42,37
101,42,38
101,42,39
101,43,34
101,43,35
101,43,36
101,43,37
101,43,38
101,43,39
101,44,34
101,44,35
101,44,36
101,44,37
101,44,38
101,45,33
101,45,34
101,45,35
101,45,36
101,45,37
101,46,32
101,46,33
101,46,34
101,46,35
101,46,36
101,47,32
101,47,33
101,47,34
101,47,35
101,47,36
101,48,32
101,48,33
101,48,34
101,48,35
101,49,32
101,49,33
101,49,34
102,30,47
102,31,46
102,31,47
102,32,44
102,32,45
102,32,46
102,33,42
102,33,43
102,33,44
102,33,45
102,34,41
102,34,42
102,34,43
102,34,44
102,35,38
102,35,39
102,35,40
102,35,41
102,35,42
102,35,43
102,36,34
102,36,35
102,36,36
102,36,37
102,36,38
102,36,39
102,36,40
102,36,41
102,36,42
102,37,33
102,37,34
102,37,35
102,37,36
102,37,37
102,37,38
102,37,39
102,37,40
102,37,41
102,37,42
102,38,34
102,38,35
102,38,36
102,38,37
102,38,38
102,38,39
102,38,40
102,38,41
102,39,34
102,39,35
102,39,36
102,39,37
102,39,38
102,39,39
102,39,40
102,40,34
102,40,35
102,40,36
102,40,37
102,40,38
102,40,39
102,40,40
102,41,34
102,41,35
102,41,36
102,41,37
102,41,38
102,41,39
102,42,34
102,42,35
102,42,36
102,42,37
102,42,38
102,43,34
102,43,35
102,43,36
102,43,37
102,43,38
102,44,34
102,44,35
102,44,36
102,44,37
102,45,33
102,45,34
102,45,35
102,45,36
102,46,33
102,46,34
102,46,35
102,46,36
102,47,34
102,47,35
103,31,46
103,31,47
103,31,48
103,32,45
103,32,46
103,32,47
103,33,43
103,33,44
103,33,45
103,33,46
103,34,42
103,34,43
103,34,44
103,35,41
103,35,42
103,35,43
103,36,41
103,36,42
103,37,33
103,37,34
103,37,35
103,37,36
103,37,38
103,37,40
103,37,41
103,38,33
103,38,34
103,38,35
103,38,36
103,38,37
103,38,38
103,38,39
103,38,40
103,39,33
103,39,34
103,39,35
103,39,36
103,39,37
103,39,38
103,39,39
103,40,34
103,40,35
103,40,36
103,40,37
103,40,38
103,40,39
103,41,34
103,41,35
103,41,36
103,41,37
103,41,38
103,42,34
103,42,35
103,42,36
103,42,37
103,43,34
103,43,35
103,43,36
103,43,37
103,44,34
103,44,35
103,44,36
103,45,34
103,45,35
103,46,34
103,46,35
104,31,47
104,32,44
104,32,45
104,32,46
104,33,43
104,33,44
104,33,45
104,34,42
104,34,43
104,34,44
104,35,41
104,35,42
104,35,43
104,36,41
104,36,42
104,37,34
104,37,40
104,37,41
104,38,33
104,38,34
104,38,35
104,38,36
104,38,40
104,39,33
104,39,34
104,39,35
104,39,36
104,39,37
104,39,38
104,39,39
104,40,33
104,40,34
104,40,35
104,40,36
104,40,37
104,41,33
104,41,34
104,41,35
104,41,36
104,41,37
104,42,34
104,42,35
104,42,36
104,43,34
104,43,35
104,43,36
104,44,34
104,44,35
105,32,44
105,32,45
105,32,46
105,33,43
105,33,44
105,33,45
105,34,42
105,34,43
105,35,41
105,35,42
105,35,43
105,36,41
105,38,33
105,38,34
105,39,33
105,39,34
105,39,35
105,39,37
105,40,33
105,40,34
105,40,35
105,41,33
105,41,34
105,41,35
105,42,33
105,42,34
105,42,35
105,43,33
105,43,34
105,43,35
106,32,44
106,33,42
106,33,43
106,33,44
106,34,42
106,34,43
106,35,41
106,35,42
106,38,33
106,38,34
106,38,35
106,39,33
106,39,34
106,39,35
106,40,33
106,41,33
106,41,34
106,42,33
106,42,34
106,43,33
106,43,34
107,33,42
107,33,43
