"x","y","z"
67,62,59
67,62,60
67,63,58
67,63,59
67,63,60
67,64,57
67,64,58
67,64,59
67,64,60
67,65,56
67,65,57
67,65,58
67,65,59
67,66,56
67,66,57
67,66,58
67,66,59
67,67,56
67,67,57
67,67,58
67,67,59
67,68,57
67,68,58
67,68,59
67,69,57
67,69,58
67,69,59
67,70,57
67,70,58
67,70,59
67,71,58
67,71,59
67,72,58
67,72,59
67,73,58
67,73,59
67,74,58
67,74,59
67,75,58
67,75,59
67,76,58
67,76,59
67,77,58
67,77,59
67,78,58
67,78,59
67,79,58
67,79,59
67,80,58
67,80,59
67,81,57
67,81,58
67,81,59
67,82,57
67,82,58
67,82,59
67,83,57
67,83,58
67,83,59
67,84,56
67,84,57
67,84,58
67,85,56
67,85,57
67,85,58
67,86,56
67,86,57
67,86,58
67,87,56
67,87,57
67,87,58
67,88,56
67,88,57
67,89,55
67,89,56
67,89,57
67,90,55
67,90,56
67,91,55
67,91,56
67,92,54
67,92,55
67,92,56
67,93,54
67,93,55
67,94,54
67,94,55
67,95,54
67,95,55
67,96,54
67,97,54
68,62,60
68,63,59
68,63,60
68,63,61
68,64,58
68,64,59
68,64,60
68,64,61
68,65,57
68,65,58
68,65,59
68,65,60
68,66,54
68,66,56
68,66,57
68,66,58
68,66,59
68,66,60
68,67,57
68,67,58
68,67,59
68,67,60
68,68,58
68,68,59
68,68,60
68,69,58
68,69,59
68,69,60
68,70,58
68,70,59
68,71,58
68,71,59
68,72,58
68,72,59
68,72,60
68,73,58
68,73,59
68,73,60
68,74,58
68,74,59
68,74,60
68,75,57
68,75,58
68,75,59
68,75,60
68,76,57
68,76,58
68,76,59
68,76,60
68,77,57
68,77,58
68,77,59
68,77,60
68,78,57
68,78,58
68,78,59
68,78,60
68,79,57
68,79,58
68,79,59
68,80,57
68,80,58
68,80,59
68,81,57
68,81,58
68,81,59
68,82,57
68,82,58
68,82,59
68,83,57
68,83,58
68,84,56
68,84,57
68,84,58
68,85,56
68,85,57
68,85,58
68,86,56
68,86,57
68,87,56
68,87,57
68,88,55
68,88,56
68,88,57
68,89,55
68,89,56
68,89,57
68,90,54
68,90,55
68,90,56
68,91,54
68,91,55
68,91,56
68,92,54
68,92,55
68,93,54
68,93,55
68,94,54
68,94,55
68,95,53
68,95,54
68,95,55
68,96,53
68,96,54
68,96,55
68,97,53
68,97,54
68,97,55
68,98,52
68,98,53
68,98,54
68,99,52
68,99,53
68,99,54
68,100,52
68,100,53
68,100,54
68,101,52
68,101,53
68,101,54
68,102,52
68,102,53
68,102,54
68,103,52
68,103,53
68,103,54
68,104,52
68,104,53
68,104,54
68,105,52
68,105,53
68,105,54
68,106,52
68,106,53
68,106,54
68,107,52
68,107,53
68,107,54
68,108,52
68,108,53
68,108,54
68,109,52
68,109,53
68,109,54
68,109,55
68,110,52
68,110,53
68,110,54
68,110,55
68,111,52
68,111,53
68,111,54
68,111,55
68,112,52
68,112,53
68,112,54
68,113,52
68,113,53
68,113,54
68,114,52
68,114,53
68,114,54
68,115,52
68,115,53
68,115,54
68,116,52
68,116,53
68,116,54
68,117,51
68,117,52
68,117,53
68,118,49
68,118,50
68,118,51
68,118,52
68,118,53
68,119,48
68,119,49
68,119,50
68,119,51
68,119,52
68,120,49
68,120,50
68,120,51
69,63,60
69,63,61
69,64,59
69,64,60
69,64,61
69,65,58
69,65,59
69,65,60
69,65,61
69,66,57
69,66,58
69,66,59
69,66,60
69,66,61
69,67,54
69,67,56
69,67,57
69,67,58
69,67,59
69,67,60
69,67,61
69,68,57
69,68,58
69,68,59
69,68,60
69,68,61
69,69,57
69,69,58
69,69,59
69,69,60
69,70,57
69,70,58
69,70,59
69,70,60
69,71,57
69,71,58
69,71,59
69,71,60
69,72,57
69,72,58
69,72,59
69,72,60
69,73,57
69,73,58
69,73,59
69,73,60
69,74,57
69,74,58
69,74,59
69,74,60
69,75,57
69,75,58
69,75,59
69,75,60
69,76,57
69,76,58
69,76,59
69,76,60
69,77,57
69,77,58
69,77,59
69,77,60
69,78,56
69,78,57
69,78,58
69,78,59
69,78,60
69,79,56
69,79,57
69,79,58
69,79,59
69,79,60
69,80,56
69,80,57
69,80,58
69,80,59
69,81,56
69,81,57
69,81,58
69,81,59
69,82,56
69,82,57
69,82,58
69,82,59
69,83,56
69,83,57
69,83,58
69,84,55
69,84,56
69,84,57
69,84,58
69,85,55
69,85,56
69,85,57
69,85,58
69,86,55
69,86,56
69,86,57
69,87,55
69,87,56
69,87,57
69,88,54
69,88,55
69,88,56
69,88,57
69,89,54
69,89,55
69,89,56
69,89,57
69,90,53
69,90,54
69,90,55
69,90,56
69,91,53
69,91,54
69,91,55
69,91,56
69,92,53
69,92,54
69,92,55
69,92,56
69,93,53
69,93,54
69,93,55
69,94,53
69,94,54
69,94,55
69,95,52
69,95,53
69,95,54
69,95,55
69,96,52
69,96,53
69,96,54
69,96,55
69,97,52
69,97,53
69,97,54
69,97,55
69,98,52
69,98,53
69,98,54
69,98,55
69,99,52
69,99,53
69,99,54
69,99,55
69,100,52
69,100,53
69,100,54
69,100,55
69,101,52
69,101,53
69,101,54
69,101,55
69,102,52
69,102,53
69,102,54
69,102,55
69,103,52
69,103,53
69,103,54
69,103,55
69,104,52
69,104,53
69,104,54
69,104,55
69,105,52
69,105,53
69,105,54
69,105,55
69,106,52
69,106,53
69,106,54
69,106,55
69,107,52
69,107,53
69,107,54
69,107,55
69,108,52
69,108,53
69,108,54
69,108,55
69,109,52
69,109,53
69,109,54
69,109,55
69,110,52
69,110,53
69,110,54
69,110,55
69,111,52
69,111,53
69,111,54
69,111,55
69,112,52
69,112,53
69,112,54
69,113,52
69,113,53
69,113,54
69,114,52
69,114,53
69,114,54
69,115,52
69,115,53
69,115,54
69,116,52
69,116,53
69,116,54
69,117,52
69,117,53
69,118,51
69,118,52
69,118,53
69,119,51
69,119,52
69,119,53
69,120,51
69,120,52
69,121,51
69,121,52
69,122,47
69,122,51
69,122,52
69,123,46
69,123,51
69,123,52
69,124,45
69,124,51
69,124,52
69,125,44
69,125,50
69,125,51
69,126,45
69,126,48
69,126,49
69,126,50
70,64,61
70,65,60
70,65,61
70,65,62
70,66,59
70,66,60
70,66,61
70,66,62
70,67,58
70,67,59
70,67,60
70,67,61
70,67,62
70,68,56
70,68,57
70,68,58
70,68,59
70,68,60
70,68,61
70,68,62
70,69,57
70,69,58
70,69,59
70,69,60
70,69,61
70,70,57
70,70,58
70,70,59
70,70,60
70,70,61
70,71,57
70,71,58
70,71,59
70,71,60
70,71,61
70,72,57
70,72,58
70,72,59
70,72,60
70,72,61
70,73,57
70,73,58
70,73,59
70,73,60
70,73,61
70,74,57
70,74,58
70,74,59
70,74,60
70,74,61
70,75,57
70,75,58
70,75,59
70,75,60
70,75,61
70,76,57
70,76,58
70,76,59
70,76,60
70,76,61
70,77,57
70,77,58
70,77,59
70,77,60
70,77,61
70,78,55
70,78,56
70,78,57
70,78,58
70,78,59
70,78,60
70,79,55
70,79,56
70,79,57
70,79,58
70,79,59
70,79,60
70,80,55
70,80,56
70,80,57
70,80,58
70,80,59
70,80,60
70,81,55
70,81,56
70,81,57
70,81,58
70,81,59
70,82,55
70,82,56
70,82,57
70,82,58
70,82,59
70,83,54
70,83,55
70,83,56
70,83,57
70,83,58
70,84,54
70,84,55
70,84,56
70,84,57
70,84,58
70,85,54
70,85,55
70,85,56
70,85,57
70,85,58
70,86,54
70,86,55
70,86,56
70,86,57
70,86,58
70,87,54
70,87,55
70,87,56
70,87,57
70,88,53
70,88,54
70,88,55
70,88,56
70,88,57
70,89,53
70,89,54
70,89,55
70,89,56
70,89,57
70,90,53
70,90,54
70,90,55
70,90,56
70,91,53
70,91,54
70,91,55
70,91,56
70,92,53
70,92,54
70,92,55
70,92,56
70,93,53
70,93,54
70,93,55
70,93,56
70,94,53
70,94,54
70,94,55
70,94,56
70,95,53
70,95,54
70,95,55
70,95,56
70,96,53
70,96,54
70,96,55
70,96,56
70,97,53
70,97,54
70,97,55
70,97,56
70,98,52
70,98,53
70,98,54
70,98,55
70,98,56
70,99,52
70,99,53
70,99,54
70,99,55
70,99,56
70,100,52
70,100,53
70,100,54
70,100,55
70,100,56
70,101,52
70,101,53
70,101,54
70,101,55
70,101,56
70,102,52
70,102,53
70,102,54
70,102,55
70,103,52
70,103,53
70,103,54
70,103,55
70,104,52
70,104,53
70,104,54
70,104,55
70,105,52
70,105,53
70,105,54
70,105,55
70,106,52
70,106,53
70,106,54
70,106,55
70,107,52
70,107,53
70,107,54
70,107,55
70,108,52
70,108,53
70,108,54
70,108,55
70,109,52
70,109,53
70,109,54
70,109,55
70,110,52
70,110,53
70,110,54
70,110,55
70,111,52
70,111,53
70,111,54
70,111,55
70,112,52
70,112,53
70,112,54
70,113,52
70,113,53
70,113,54
70,114,52
70,114,53
70,114,54
70,115,52
70,115,53
70,115,54
70,116,52
70,116,53
70,116,54
70,117,52
70,117,53
70,117,54
70,118,52
70,118,53
70,118,54
70,119,52
70,119,53
70,119,54
70,120,52
70,120,53
70,120,54
70,121,52
70,121,53
70,121,54
70,122,52
70,122,53
70,122,54
70,123,52
70,123,53
70,124,52
70,124,53
70,125,43
70,125,51
70,125,52
70,126,43
70,126,44
70,126,50
70,126,51
70,126,52
70,127,44
70,127,45
70,127,48
70,127,49
70,127,50
70,127,51
70,128,45
70,128,46
70,128,47
70,128,48
70,128,49
70,128,50
71,67,61
71,68,61
71,71,57
71,71,58
71,71,59
71,71,60
71,71,61
71,72,57
71,72,58
71,72,59
71,72,60
71,72,61
71,73,57
71,73,58
71,73,59
71,73,60
71,73,61
71,74,57
71,74,58
71,74,59
71,74,60
71,74,61
71,75,58
71,75,59
71,75,60
71,76,58
71,76,59
71,76,60
71,77,57
71,77,58
71,77,59
71,77,60
71,78,56
71,78,57
71,78,58
71,78,59
71,79,55
71,79,56
71,79,57
71,79,58
71,79,59
71,80,55
71,80,56
71,80,57
71,80,58
71,80,59
71,81,55
71,81,56
71,81,57
71,81,58
71,82,55
71,82,56
71,82,57
71,82,58
71,83,54
71,83,55
71,83,56
71,83,57
71,83,58
71,84,54
71,84,55
71,84,56
71,84,57
71,85,55
71,85,56
71,85,57
71,86,55
71,86,56
71,86,57
71,87,54
71,87,55
71,87,56
71,87,57
71,88,54
71,88,55
71,88,56
71,88,57
71,89,54
71,89,55
71,89,56
71,90,54
71,90,55
71,90,56
71,91,54
71,91,55
71,91,56
71,92,54
71,92,55
71,92,56
71,93,54
71,93,55
71,93,56
71,94,54
71,94,55
71,94,56
71,95,53
71,95,54
71,95,55
71,95,56
71,96,53
71,96,54
71,96,55
71,96,56
71,97,53
71,97,54
71,97,55
71,97,56
71,98,53
71,98,54
71,98,55
71,98,56
71,99,53
71,99,54
71,99,55
71,99,56
71,100,53
71,100,54
71,100,55
71,100,56
71,101,53
71,101,54
71,101,55
71,101,56
71,102,53
71,102,54
71,102,55
71,102,56
71,103,53
71,103,54
71,103,55
71,103,56
71,103,57
71,104,53
71,104,54
71,104,55
71,104,56
71,104,57
71,105,53
71,105,54
71,105,55
71,105,56
71,105,57
71,106,53
71,106,54
71,106,55
71,106,56
71,106,57
71,107,52
71,107,53
71,107,54
71,107,55
71,107,56
71,107,57
71,108,52
71,108,53
71,108,54
71,108,55
71,108,56
71,108,57
71,108,58
71,109,52
71,109,53
71,109,54
71,109,55
71,109,56
71,109,57
71,109,58
71,110,52
71,110,53
71,110,54
71,110,55
71,110,56
71,110,57
71,110,58
71,111,52
71,111,53
71,111,54
71,111,55
71,111,56
71,111,57
71,111,58
71,112,52
71,112,53
71,112,54
71,112,55
71,112,56
71,112,57
71,112,58
71,112,59
71,113,52
71,113,53
71,113,54
71,113,57
71,113,58
71,114,52
71,114,53
71,115,52
71,115,53
71,116,52
71,116,53
71,117,52
71,117,53
71,118,52
71,118,53
71,119,52
71,119,53
71,120,52
71,121,52
71,122,52
71,123,52
81,66,61
81,66,62
81,67,60
81,67,61
81,67,62
81,68,60
81,68,61
81,69,57
81,69,58
81,69,59
81,69,60
81,69,61
81,70,57
81,70,58
81,70,59
81,70,60
81,70,61
81,71,57
81,71,58
81,71,59
81,71,60
81,71,61
81,72,57
81,72,58
81,72,59
81,72,60
81,72,61
81,73,57
81,73,58
81,73,59
81,73,60
81,73,61
81,74,57
81,74,58
81,74,59
81,74,60
81,74,61
81,75,57
81,75,58
81,75,59
81,75,60
81,75,61
81,76,57
81,76,58
81,76,59
81,76,60
81,76,61
81,77,55
81,77,57
81,77,58
81,77,59
81,77,60
81,77,61
81,78,55
81,78,56
81,78,57
81,78,58
81,78,59
81,78,60
81,78,61
81,79,55
81,79,56
81,79,57
81,79,58
81,79,59
81,79,60
81,80,55
81,80,56
81,80,57
81,80,58
81,80,59
81,80,60
81,81,55
81,81,56
81,81,57
81,81,58
81,81,59
81,81,60
81,82,54
81,82,55
81,82,56
81,82,57
81,82,58
81,82,59
81,83,54
81,83,55
81,83,56
81,83,57
81,83,58
81,83,59
81,84,54
81,84,55
81,84,56
81,84,57
81,84,58
81,85,54
81,85,55
81,85,56
81,85,57
81,85,58
81,86,54
81,86,55
81,86,56
81,86,57
81,86,58
81,87,53
81,87,54
81,87,55
81,87,56
81,87,57
81,87,58
81,88,53
81,88,54
81,88,55
81,88,56
81,88,57
81,89,54
81,89,55
81,89,56
81,89,57
81,90,53
81,90,54
81,90,55
81,90,56
81,90,57
81,91,53
81,91,54
81,91,55
81,91,56
81,91,57
81,92,53
81,92,54
81,92,55
81,92,56
81,93,53
81,93,54
81,93,55
81,93,56
81,94,53
81,94,54
81,94,55
81,94,56
81,95,53
81,95,54
81,95,55
81,95,56
81,96,53
81,96,54
81,96,55
81,96,56
81,97,53
81,97,54
81,97,55
81,97,56
81,98,53
81,98,54
81,98,55
81,98,56
81,99,52
81,99,53
81,99,54
81,99,55
81,99,56
81,100,52
81,100,53
81,100,54
81,100,55
81,100,56
81,101,52
81,101,53
81,101,54
81,101,55
81,101,56
81,102,52
81,102,53
81,102,54
81,102,55
81,102,56
81,102,57
81,103,52
81,103,53
81,103,54
81,103,55
81,103,56
81,103,57
81,104,52
81,104,53
81,104,54
81,104,55
81,104,56
81,104,57
81,105,52
81,105,53
81,105,54
81,105,55
81,105,56
81,105,57
81,106,52
81,106,53
81,106,54
81,106,55
81,106,56
81,106,57
81,107,52
81,107,53
81,107,54
81,107,55
81,107,56
81,107,57
81,108,52
81,108,53
81,108,54
81,108,55
81,108,56
81,108,57
81,108,58
81,109,52
81,109,53
81,109,54
81,109,55
81,109,56
81,109,57
81,109,58
81,110,52
81,110,53
81,110,54
81,110,55
81,110,56
81,110,57
81,110,58
81,111,52
81,111,53
81,111,54
81,111,55
81,111,56
81,111,57
81,111,58
81,112,52
81,112,53
81,112,54
81,112,55
81,112,56
81,112,57
81,112,58
81,113,52
81,113,53
81,113,54
81,113,55
81,113,56
81,114,52
81,114,53
81,114,54
81,115,52
81,115,53
81,115,54
81,116,52
81,116,53
81,116,54
81,117,52
81,117,53
81,118,52
81,118,53
81,119,51
81,119,52
81,119,53
81,120,51
81,120,52
81,120,53
81,121,50
81,121,51
81,121,52
81,122,49
81,122,50
81,122,51
81,122,52
81,123,49
81,123,50
81,123,51
81,124,48
81,124,49
81,124,50
81,125,44
81,125,45
81,125,46
81,125,47
81,125,48
82,64,60
82,64,61
82,65,59
82,65,60
82,65,61
82,65,62
82,66,58
82,66,59
82,66,60
82,66,61
82,66,62
82,67,56
82,67,57
82,67,58
82,67,59
82,67,60
82,67,61
82,67,62
82,68,57
82,68,58
82,68,59
82,68,60
82,68,61
82,69,57
82,69,58
82,69,59
82,69,60
82,69,61
82,70,57
82,70,58
82,70,59
82,70,60
82,70,61
82,71,57
82,71,58
82,71,59
82,71,60
82,71,61
82,72,57
82,72,58
82,72,59
82,72,60
82,72,61
82,73,57
82,73,58
82,73,59
82,73,60
82,73,61
82,74,57
82,74,58
82,74,59
82,74,60
82,74,61
82,75,57
82,75,58
82,75,59
82,75,60
82,75,61
82,76,57
82,76,58
82,76,59
82,76,60
82,76,61
82,77,57
82,77,58
82,77,59
82,77,60
82,77,61
82,78,56
82,78,57
82,78,58
82,78,59
82,78,60
82,78,61
82,79,56
82,79,57
82,79,58
82,79,59
82,79,60
82,80,55
82,80,56
82,80,57
82,80,58
82,80,59
82,80,60
82,81,55
82,81,56
82,81,57
82,81,58
82,81,59
82,81,60
82,82,55
82,82,56
82,82,57
82,82,58
82,82,59
82,82,60
82,83,55
82,83,56
82,83,57
82,83,58
82,83,59
82,84,54
82,84,55
82,84,56
82,84,57
82,84,58
82,84,59
82,85,54
82,85,55
82,85,56
82,85,57
82,85,58
82,86,54
82,86,55
82,86,56
82,86,57
82,86,58
82,87,54
82,87,55
82,87,56
82,87,57
82,87,58
82,88,54
82,88,55
82,88,56
82,88,57
82,89,54
82,89,55
82,89,56
82,89,57
82,90,53
82,90,54
82,90,55
82,90,56
82,90,57
82,91,53
82,91,54
82,91,55
82,91,56
82,92,53
82,92,54
82,92,55
82,92,56
82,93,52
82,93,53
82,93,54
82,93,55
82,93,56
82,94,52
82,94,53
82,94,54
82,94,55
82,94,56
82,95,52
82,95,53
82,95,54
82,95,55
82,95,56
82,96,53
82,96,54
82,96,55
82,96,56
82,97,53
82,97,54
82,97,55
82,97,56
82,98,52
82,98,53
82,98,54
82,98,55
82,98,56
82,99,52
82,99,53
82,99,54
82,99,55
82,99,56
82,100,52
82,100,53
82,100,54
82,100,55
82,100,56
82,101,52
82,101,53
82,101,54
82,101,55
82,101,56
82,102,52
82,102,53
82,102,54
82,102,55
82,102,56
82,103,52
82,103,53
82,103,54
82,103,55
82,103,56
82,104,52
82,104,53
82,104,54
82,104,55
82,104,56
82,105,52
82,105,53
82,105,54
82,105,55
82,105,56
82,106,52
82,106,53
82,106,54
82,106,55
82,107,52
82,107,53
82,107,54
82,107,55
82,108,52
82,108,53
82,108,54
82,108,55
82,109,52
82,109,53
82,109,54
82,109,55
82,110,52
82,110,53
82,110,54
82,110,55
82,111,52
82,111,53
82,111,54
82,111,55
82,112,52
82,112,53
82,112,54
82,112,55
82,113,52
82,113,53
82,113,54
82,114,52
82,114,53
82,114,54
82,115,52
82,115,53
82,115,54
82,116,52
82,116,53
82,116,54
82,117,52
82,117,53
82,118,48
82,118,52
82,119,48
82,119,49
82,119,51
82,119,52
82,120,47
82,120,48
82,120,49
82,120,50
82,120,51
82,120,52
82,121,47
82,121,48
82,121,49
82,121,50
82,121,51
82,122,45
82,122,46
82,122,47
82,122,48
82,122,49
82,122,50
82,123,44
82,123,45
82,123,46
82,123,47
82,123,48
82,124,45
82,124,46
82,124,47
83,63,60
83,63,61
83,64,59
83,64,60
83,64,61
83,65,58
83,65,59
83,65,60
83,65,61
83,66,57
83,66,58
83,66,59
83,66,60
83,66,61
83,67,56
83,67,57
83,67,58
83,67,59
83,67,60
83,67,61
83,68,57
83,68,58
83,68,59
83,68,60
83,69,58
83,69,59
83,69,60
83,70,58
83,70,59
83,70,60
83,71,58
83,71,59
83,71,60
83,72,58
83,72,59
83,72,60
83,73,58
83,73,59
83,73,60
83,74,57
83,74,58
83,74,59
83,74,60
83,75,57
83,75,58
83,75,59
83,75,60
83,76,57
83,76,58
83,76,59
83,76,60
83,77,57
83,77,58
83,77,59
83,77,60
83,78,57
83,78,58
83,78,59
83,78,60
83,79,57
83,79,58
83,79,59
83,79,60
83,80,57
83,80,58
83,80,59
83,80,60
83,81,57
83,81,58
83,81,59
83,81,60
83,82,57
83,82,58
83,82,59
83,83,57
83,83,58
83,83,59
83,84,57
83,84,58
83,84,59
83,85,57
83,85,58
83,86,57
83,86,58
83,87,57
83,87,58
83,88,56
83,88,57
83,89,56
83,89,57
83,90,55
83,90,56
83,90,57
83,91,55
83,91,56
83,92,54
83,92,55
83,92,56
83,93,54
83,93,55
83,93,56
83,94,54
83,94,55
83,95,54
83,95,55
83,96,54
83,96,55
83,97,53
83,97,54
83,97,55
83,98,53
83,98,54
83,98,55
83,99,52
83,99,53
83,99,54
83,99,55
83,100,52
83,100,53
83,100,54
83,100,55
83,101,52
83,101,53
83,101,54
83,101,55
83,102,52
83,102,53
83,102,54
83,102,55
83,103,52
83,103,53
83,103,54
83,103,55
83,104,52
83,104,53
83,104,54
83,104,55
83,105,52
83,105,53
83,105,54
83,105,55
83,106,52
83,106,53
83,106,54
83,106,55
83,106,56
83,107,52
83,107,53
83,107,54
83,107,55
83,107,56
83,108,52
83,108,53
83,108,54
83,108,55
83,109,52
83,109,53
83,109,54
83,109,55
83,110,52
83,110,53
83,110,54
83,110,55
83,111,52
83,111,53
83,111,54
83,111,55
83,112,52
83,112,53
83,112,54
83,113,52
83,113,53
83,113,54
83,114,52
83,114,53
83,115,52
83,115,53
83,116,52
84,62,60
84,63,59
84,63,60
84,63,61
84,64,58
84,64,59
84,64,60
84,65,57
84,65,58
84,65,59
84,65,60
84,66,56
84,66,57
84,66,58
84,66,59
84,66,60
84,67,57
84,67,58
84,67,59
84,67,60
84,68,57
84,68,58
84,68,59
84,69,57
84,69,58
84,69,59
84,70,58
84,70,59
84,71,58
84,71,59
84,72,58
84,72,59
84,73,58
84,73,59
84,73,60
84,74,58
84,74,59
84,74,60
84,75,58
84,75,59
84,75,60
84,76,58
84,76,59
84,76,60
84,77,58
84,77,59
84,77,60
84,78,58
84,78,59
84,78,60
84,79,58
84,79,59
84,79,60
84,80,58
84,80,59
84,80,60
84,81,58
84,81,59
84,82,58
84,82,59
84,83,57
84,83,58
84,83,59
84,84,57
84,84,58
84,84,59
84,85,56
84,85,57
84,85,58
84,85,59
84,86,56
84,86,57
84,86,58
84,87,55
84,87,56
84,87,57
84,87,58
84,88,55
84,88,56
84,88,57
84,88,58
84,89,55
84,89,56
84,89,57
84,90,55
84,90,56
84,90,57
84,91,56
84,92,55
84,92,56
84,93,55
84,94,54
84,94,55
84,95,54
84,95,55
84,96,53
84,96,54
84,96,55
84,97,53
84,97,54
84,98,52
84,98,53
84,98,54
84,99,52
84,99,53
84,99,54
84,100,52
84,100,53
84,100,54
84,101,52
84,101,53
84,101,54
84,102,52
84,102,53
84,102,54
84,103,52
84,103,53
84,103,54
84,104,52
84,104,53
84,104,54
84,105,52
84,105,53
84,106,52
84,106,53
84,107,52
84,107,53
84,108,52
84,108,53
84,109,52
84,109,53
84,110,52
85,66,58
85,67,57
85,67,58
85,67,59
85,68,57
85,68,58
85,68,59
85,69,57
85,69,58
85,69,59
85,70,57
85,70,58
85,70,59
85,71,58
85,71,59
85,72,58
85,72,59
85,73,59
85,74,59
85,75,59
85,76,59
85,76,60
85,77,59
85,77,60
85,78,59
85,78,60
85,79,59
85,79,60
85,80,59
85,80,60
85,81,59
85,81,60
85,82,59
85,82,60
85,83,58
85,83,59
85,83,60
85,84,58
85,84,59
85,84,60
85,85,57
85,85,58
85,85,59
85,85,60
85,86,57
85,86,58
85,86,59
85,87,57
85,87,58
85,87,59
85,88,56
85,88,57
85,88,58
85,89,56
85,89,57
85,89,58
85,90,55
85,90,56
85,90,57
85,91,55
85,91,56
85,91,57
85,92,55
85,92,56
85,93,55
