"x","y","z"
38,99,52
38,99,53
38,99,54
38,100,52
38,101,52
38,102,49
38,102,50
38,102,51
38,103,49
38,103,50
38,103,51
38,104,49
38,104,50
38,104,51
38,105,49
38,105,50
38,105,51
38,106,49
38,106,50
38,107,51
38,108,48
38,108,49
39,93,56
39,94,55
39,94,56
39,94,57
39,95,53
39,95,54
39,95,55
39,95,56
39,95,57
39,96,52
39,96,53
39,96,54
39,96,55
39,96,56
39,96,57
39,97,52
39,97,53
39,97,54
39,97,55
39,97,56
39,97,57
39,98,51
39,98,52
39,98,53
39,98,54
39,98,55
39,98,56
39,98,57
39,99,50
39,99,51
39,99,52
39,99,53
39,99,54
39,99,55
39,99,56
39,99,57
39,100,49
39,100,50
39,100,51
39,100,52
39,100,53
39,100,54
39,100,55
39,100,56
39,100,57
39,101,49
39,101,50
39,101,51
39,101,52
39,101,53
39,101,54
39,101,55
39,101,56
39,102,48
39,102,49
39,102,50
39,102,51
39,102,52
39,102,53
39,102,54
39,103,44
39,103,47
39,103,48
39,103,49
39,103,50
39,103,51
39,103,52
39,103,53
39,103,54
39,104,47
39,104,48
39,104,49
39,104,50
39,104,51
39,104,52
39,104,53
39,104,54
39,104,55
39,105,46
39,105,47
39,105,48
39,105,49
39,105,50
39,105,51
39,105,52
39,105,53
39,105,54
39,106,46
39,106,47
39,106,48
39,106,49
39,106,50
39,106,51
39,106,52
39,106,53
39,107,46
39,107,47
39,107,48
39,107,49
39,107,50
39,107,51
39,107,52
39,107,53
39,108,46
39,108,47
39,108,48
39,108,49
39,108,50
39,108,51
39,108,52
39,108,53
39,109,46
39,109,47
39,109,48
39,109,49
39,109,50
39,109,51
39,109,52
39,110,47
39,110,48
39,110,49
39,110,50
39,110,51
39,110,52
39,111,47
39,111,48
39,111,49
39,111,50
39,111,51
39,111,52
39,112,48
39,112,49
39,112,50
40,90,57
40,90,58
40,90,59
40,91,56
40,91,57
40,91,58
40,91,59
40,92,55
40,92,56
40,92,57
40,92,58
40,92,59
40,92,60
40,93,55
40,93,56
40,93,57
40,93,58
40,93,59
40,94,54
40,94,55
40,94,56
40,94,57
40,94,58
40,94,59
40,95,53
40,95,54
40,95,55
40,95,56
40,95,57
40,95,58
40,95,59
40,96,51
40,96,52
40,96,53
40,96,54
40,96,55
40,96,56
40,96,57
40,96,58
40,96,59
40,97,50
40,97,51
40,97,52
40,97,53
40,97,54
40,97,55
40,97,56
40,97,57
40,97,58
40,97,59
40,98,49
40,98,50
40,98,51
40,98,52
40,98,53
40,98,54
40,98,55
40,98,56
40,98,57
40,98,58
40,99,49
40,99,50
40,99,51
40,99,52
40,99,53
40,99,54
40,99,55
40,99,56
40,99,57
40,99,58
40,100,48
40,100,49
40,100,50
40,100,51
40,100,52
40,100,53
40,100,54
40,100,55
40,100,56
40,100,57
40,100,58
40,101,48
40,101,49
40,101,50
40,101,51
40,101,52
40,101,53
40,101,54
40,101,55
40,101,56
40,101,57
40,101,58
40,102,47
40,102,48
40,102,49
40,102,50
40,102,51
40,102,52
40,102,53
40,102,54
40,102,55
40,102,56
40,102,57
40,102,58
40,103,46
40,103,47
40,103,48
40,103,49
40,103,50
40,103,51
40,103,52
40,103,53
40,103,54
40,103,55
40,103,56
40,103,57
40,104,46
40,104,47
40,104,48
40,104,49
40,104,50
40,104,51
40,104,52
40,104,53
40,104,54
40,104,55
40,104,56
40,104,57
40,105,45
40,105,46
40,105,47
40,105,48
40,105,49
40,105,50
40,105,51
40,105,52
40,105,53
40,105,54
40,105,55
40,105,56
40,106,45
40,106,46
40,106,47
40,106,48
40,106,49
40,106,50
40,106,51
40,106,52
40,106,53
40,106,54
40,106,55
40,106,56
40,107,45
40,107,46
40,107,47
40,107,48
40,107,49
40,107,50
40,107,51
40,107,52
40,107,53
40,107,54
40,107,55
40,108,45
40,108,46
40,108,47
40,108,48
40,108,49
40,108,50
40,108,51
40,108,52
40,108,53
40,108,54
40,109,45
40,109,46
40,109,47
40,109,48
40,109,49
40,109,50
40,109,51
40,109,52
40,109,53
40,109,54
40,110,45
40,110,46
40,110,47
40,110,48
40,110,49
40,110,50
40,110,51
40,110,52
40,110,53
40,110,54
40,111,44
40,111,45
40,111,46
40,111,47
40,111,48
40,111,49
40,111,50
40,111,51
40,111,52
40,111,53
40,112,45
40,112,46
40,112,47
40,112,48
40,112,49
40,112,50
40,112,51
40,112,52
40,112,53
40,113,45
40,113,46
40,113,47
40,113,48
40,113,49
40,113,50
40,113,51
40,113,52
40,113,53
40,114,45
40,114,46
40,114,47
40,114,48
40,114,49
40,114,50
40,114,51
40,114,52
40,115,44
40,115,45
40,115,46
40,115,47
40,115,48
40,115,49
40,115,50
40,115,51
40,116,44
40,116,45
40,116,46
40,116,47
40,116,48
40,116,49
40,117,44
40,118,44
40,118,45
41,90,56
41,90,57
41,90,58
41,91,55
41,91,56
41,91,57
41,91,58
41,91,59
41,91,60
41,91,61
41,92,54
41,92,55
41,92,56
41,92,57
41,92,58
41,92,59
41,92,60
41,92,61
41,93,53
41,93,54
41,93,55
41,93,56
41,93,57
41,93,58
41,93,59
41,93,60
41,93,61
41,94,53
41,94,54
41,94,55
41,94,56
41,94,57
41,94,58
41,94,59
41,94,60
41,94,61
41,95,52
41,95,53
41,95,54
41,95,55
41,95,56
41,95,57
41,95,58
41,95,59
41,95,60
41,95,61
41,96,51
41,96,52
41,96,53
41,96,54
41,96,55
41,96,56
41,96,57
41,96,58
41,96,59
41,96,60
41,97,50
41,97,51
41,97,52
41,97,53
41,97,54
41,97,55
41,97,56
41,97,57
41,97,58
41,97,59
41,97,60
41,98,49
41,98,50
41,98,51
41,98,52
41,98,53
41,98,54
41,98,55
41,98,56
41,98,57
41,98,58
41,98,59
41,98,60
41,98,61
41,99,49
41,99,50
41,99,51
41,99,52
41,99,53
41,99,54
41,99,55
41,99,56
41,99,57
41,99,58
41,99,59
41,100,48
41,100,49
41,100,50
41,100,51
41,100,52
41,100,53
41,100,54
41,100,55
41,100,56
41,100,57
41,100,58
41,100,59
41,100,60
41,101,48
41,101,49
41,101,50
41,101,51
41,101,52
41,101,53
41,101,54
41,101,55
41,101,56
41,101,57
41,101,58
41,101,59
41,102,47
41,102,48
41,102,49
41,102,50
41,102,51
41,102,52
41,102,53
41,102,54
41,102,55
41,102,56
41,102,57
41,102,58
41,102,59
41,103,46
41,103,47
41,103,48
41,103,49
41,103,50
41,103,51
41,103,52
41,103,53
41,103,54
41,103,55
41,103,56
41,103,57
41,103,58
41,104,46
41,104,47
41,104,48
41,104,49
41,104,50
41,104,51
41,104,52
41,104,53
41,104,54
41,104,55
41,104,56
41,104,57
41,104,58
41,105,45
41,105,46
41,105,47
41,105,48
41,105,49
41,105,50
41,105,51
41,105,52
41,105,53
41,105,54
41,105,55
41,105,56
41,105,57
41,106,45
41,106,46
41,106,47
41,106,48
41,106,49
41,106,50
41,106,51
41,106,52
41,106,53
41,106,54
41,106,55
41,106,56
41,106,57
41,107,45
41,107,46
41,107,47
41,107,48
41,107,49
41,107,50
41,107,51
41,107,52
41,107,53
41,107,54
41,107,55
41,107,56
41,108,45
41,108,46
41,108,47
41,108,48
41,108,49
41,108,50
41,108,51
41,108,52
41,108,53
41,108,54
41,108,55
41,108,56
41,109,44
41,109,45
41,109,46
41,109,47
41,109,48
41,109,49
41,109,50
41,109,51
41,109,52
41,109,53
41,109,54
41,109,55
41,110,44
41,110,45
41,110,46
41,110,47
41,110,48
41,110,49
41,110,50
41,110,51
41,110,52
41,110,53
41,110,54
41,110,55
41,111,44
41,111,45
41,111,46
41,111,47
41,111,48
41,111,49
41,111,50
41,111,51
41,111,52
41,111,53
41,111,54
41,111,55
41,112,44
41,112,45
41,112,46
41,112,47
41,112,48
41,112,49
41,112,50
41,112,51
41,112,52
41,112,53
41,112,54
41,113,44
41,113,45
41,113,46
41,113,47
41,113,48
41,113,49
41,113,50
41,113,51
41,113,52
41,113,53
41,113,54
41,114,42
41,114,43
41,114,44
41,114,45
41,114,46
41,114,47
41,114,48
41,114,49
41,114,50
41,114,51
41,114,52
41,114,53
41,115,43
41,115,44
41,115,45
41,115,46
41,115,47
41,115,48
41,115,49
41,115,50
41,115,51
41,115,52
41,115,53
41,116,43
41,116,44
41,116,45
41,116,46
41,116,47
41,116,48
41,116,49
41,116,50
41,116,51
41,116,52
41,117,43
41,117,44
41,117,45
41,117,46
41,117,47
41,117,48
41,117,49
41,117,50
41,117,51
41,117,52
41,118,42
41,118,43
41,118,44
41,118,45
41,118,46
41,118,47
41,118,48
41,118,49
41,118,50
41,119,41
41,119,42
41,119,43
41,119,44
41,119,45
41,119,46
41,119,47
41,119,48
41,119,49
41,120,40
41,120,41
41,120,42
41,120,43
41,120,44
41,120,45
41,120,46
41,120,47
41,120,48
41,121,38
41,121,39
41,121,40
41,121,41
41,121,42
41,121,43
41,121,44
41,121,45
41,121,46
41,122,39
41,122,40
41,122,41
41,122,42
41,122,43
41,123,42
42,90,55
42,90,56
42,90,57
42,90,58
42,91,55
42,91,56
42,91,57
42,91,58
42,91,59
42,91,60
42,91,61
42,91,62
42,92,54
42,92,55
42,92,56
42,92,57
42,92,58
42,92,59
42,92,60
42,92,61
42,92,62
42,93,53
42,93,54
42,93,55
42,93,56
42,93,57
42,93,58
42,93,59
42,93,60
42,93,61
42,93,62
42,94,53
42,94,54
42,94,55
42,94,56
42,94,57
42,94,58
42,94,59
42,94,60
42,94,61
42,94,62
42,95,52
42,95,53
42,95,54
42,95,55
42,95,56
42,95,57
42,95,58
42,95,59
42,95,60
42,95,61
42,95,62
42,96,51
42,96,52
42,96,53
42,96,54
42,96,55
42,96,56
42,96,57
42,96,58
42,96,59
42,96,60
42,96,61
42,96,62
42,97,50
42,97,51
42,97,52
42,97,53
42,97,54
42,97,55
42,97,56
42,97,57
42,97,58
42,97,59
42,97,60
42,97,61
42,97,62
42,98,49
42,98,50
42,98,51
42,98,52
42,98,53
42,98,54
42,98,55
42,98,56
42,98,57
42,98,58
42,98,59
42,98,60
42,98,61
42,99,49
42,99,50
42,99,51
42,99,52
42,99,53
42,99,54
42,99,55
42,99,56
42,99,57
42,99,58
42,99,59
42,99,60
42,99,61
42,100,48
42,100,49
42,100,50
42,100,51
42,100,52
42,100,53
42,100,54
42,100,55
42,100,56
42,100,57
42,100,58
42,100,59
42,100,60
42,100,61
42,101,48
42,101,49
42,101,50
42,101,51
42,101,52
42,101,53
42,101,54
42,101,55
42,101,56
42,101,57
42,101,58
42,101,59
42,101,60
42,102,47
42,102,48
42,102,49
42,102,50
42,102,51
42,102,52
42,102,53
42,102,54
42,102,55
42,102,56
42,102,57
42,102,58
42,102,59
42,102,60
42,103,47
42,103,48
42,103,49
42,103,50
42,103,51
42,103,52
42,103,53
42,103,54
42,103,55
42,103,56
42,103,57
42,103,58
42,103,59
42,104,46
42,104,47
42,104,48
42,104,49
42,104,50
42,104,51
42,104,52
42,104,53
42,104,54
42,104,55
42,104,56
42,104,57
42,104,58
42,104,59
42,105,46
42,105,47
42,105,48
42,105,49
42,105,50
42,105,51
42,105,52
42,105,53
42,105,54
42,105,55
42,105,56
42,105,57
42,105,58
42,105,59
42,106,45
42,106,46
42,106,47
42,106,48
42,106,49
42,106,50
42,106,51
42,106,52
42,106,53
42,106,54
42,106,55
42,106,56
42,106,57
42,106,58
42,107,45
42,107,46
42,107,47
42,107,48
42,107,49
42,107,50
42,107,51
42,107,52
42,107,53
42,107,54
42,107,55
42,107,56
42,107,57
42,108,45
42,108,46
42,108,47
42,108,48
42,108,49
42,108,50
42,108,51
42,108,52
42,108,53
42,108,54
42,108,55
42,108,56
42,108,57
42,109,44
42,109,45
42,109,46
42,109,47
42,109,48
42,109,49
42,109,50
42,109,51
42,109,52
42,109,53
42,109,54
42,109,55
42,109,56
42,110,44
42,110,45
42,110,46
42,110,47
42,110,48
42,110,49
42,110,50
42,110,51
42,110,52
42,110,53
42,110,54
42,110,55
42,110,56
42,111,44
42,111,45
42,111,46
42,111,47
42,111,48
42,111,49
42,111,50
42,111,51
42,111,52
42,111,53
42,111,54
42,111,55
42,111,56
42,112,44
42,112,45
42,112,46
42,112,47
42,112,48
42,112,49
42,112,50
42,112,51
42,112,52
42,112,53
42,112,54
42,112,55
42,113,44
42,113,45
42,113,46
42,113,47
42,113,48
42,113,49
42,113,50
42,113,51
42,113,52
42,113,53
42,113,54
42,113,55
42,114,42
42,114,43
42,114,44
42,114,45
42,114,46
42,114,47
42,114,48
42,114,49
42,114,50
42,114,51
42,114,52
42,114,53
42,114,54
42,115,43
42,115,44
42,115,45
42,115,46
42,115,47
42,115,48
42,115,49
42,115,50
42,115,51
42,115,52
42,115,53
42,115,54
42,116,43
42,116,44
42,116,45
42,116,46
42,116,47
42,116,48
42,116,49
42,116,50
42,116,51
42,116,52
42,116,53
42,116,54
42,117,43
42,117,44
42,117,45
42,117,46
42,117,47
42,117,48
42,117,49
42,117,50
42,117,51
42,117,52
42,117,53
42,118,42
42,118,43
42,118,44
42,118,45
42,118,46
42,118,47
42,118,48
42,118,49
42,118,50
42,118,51
42,118,52
42,118,53
42,119,42
42,119,43
42,119,44
42,119,45
42,119,46
42,119,47
42,119,48
42,119,49
42,119,50
42,119,51
42,119,52
42,120,40
42,120,41
42,120,42
42,120,43
42,120,44
42,120,45
42,120,46
42,120,47
42,120,48
42,120,49
42,120,50
42,120,51
42,121,40
42,121,41
42,121,42
42,121,43
42,121,44
42,121,45
42,121,46
42,121,47
42,121,48
42,121,49
42,121,50
42,122,38
42,122,39
42,122,40
42,122,41
42,122,42
42,122,43
42,122,44
42,122,45
42,122,46
42,122,47
42,122,48
42,122,49
42,123,37
42,123,38
42,123,39
42,123,40
42,123,41
42,123,42
42,123,43
42,123,44
42,123,45
42,123,46
42,123,47
42,124,38
42,124,39
42,124,40
42,124,41
42,124,42
42,124,43
42,124,44
42,124,45
42,124,46
42,125,40
42,125,41
42,125,42
42,125,43
42,125,44
42,125,45
42,125,46
43,90,55
43,90,56
43,90,57
43,90,58
43,90,59
43,91,55
43,91,56
43,91,57
43,91,58
43,91,59
43,91,60
43,91,61
43,91,62
43,91,63
43,91,64
43,92,54
43,92,55
43,92,56
43,92,57
43,92,58
43,92,59
43,92,60
43,92,61
43,92,62
43,92,63
43,92,64
43,93,53
43,93,54
43,93,55
43,93,56
43,93,57
43,93,58
43,93,59
43,93,60
43,93,61
43,93,62
43,93,63
43,93,64
43,94,52
43,94,53
43,94,54
43,94,55
43,94,56
43,94,57
43,94,58
43,94,59
43,94,60
43,94,61
43,94,62
43,94,63
43,94,64
43,95,52
43,95,53
43,95,54
43,95,55
43,95,56
43,95,57
43,95,58
43,95,59
43,95,60
43,95,61
43,95,62
43,95,63
43,96,51
43,96,52
43,96,53
43,96,54
43,96,55
43,96,56
43,96,57
43,96,58
43,96,59
43,96,60
43,96,61
43,96,62
43,96,63
43,97,50
43,97,51
43,97,52
43,97,53
43,97,54
43,97,55
43,97,56
43,97,57
43,97,58
43,97,59
43,97,60
43,97,61
43,97,62
43,97,63
43,98,49
43,98,50
43,98,51
43,98,52
43,98,53
43,98,54
43,98,55
43,98,56
43,98,57
43,98,58
43,98,59
43,98,60
43,98,61
43,98,62
43,99,49
43,99,50
43,99,51
43,99,52
43,99,53
43,99,54
43,99,55
43,99,56
43,99,57
43,99,58
43,99,59
43,99,60
43,99,61
43,99,62
43,100,48
43,100,49
43,100,50
43,100,51
43,100,52
43,100,53
43,100,54
43,100,55
43,100,56
43,100,57
43,100,58
43,100,59
43,100,60
43,100,61
43,100,62
43,101,48
43,101,49
43,101,50
43,101,51
43,101,52
43,101,53
43,101,54
43,101,55
43,101,56
43,101,57
43,101,58
43,101,59
43,101,60
43,101,61
43,102,47
43,102,48
43,102,49
43,102,50
43,102,51
43,102,52
43,102,53
43,102,54
43,102,55
43,102,56
43,102,57
43,102,58
43,102,59
43,102,60
43,102,61
43,103,47
43,103,48
43,103,49
43,103,50
43,103,51
43,103,52
43,103,53
43,103,54
43,103,55
43,103,56
43,103,57
43,103,58
43,103,59
43,103,60
43,104,46
43,104,47
43,104,48
43,104,49
43,104,50
43,104,51
43,104,52
43,104,53
43,104,54
43,104,55
43,104,56
43,104,57
43,104,58
43,104,59
43,104,60
43,105,46
43,105,47
43,105,48
43,105,49
43,105,50
43,105,51
43,105,52
43,105,53
43,105,54
43,105,55
43,105,56
43,105,57
43,105,58
43,105,59
43,106,45
43,106,46
43,106,47
43,106,48
43,106,49
43,106,50
43,106,51
43,106,52
43,106,53
43,106,54
43,106,55
43,106,56
43,106,57
43,106,58
43,106,59
43,107,45
43,107,46
43,107,47
43,107,48
43,107,49
43,107,50
43,107,51
43,107,52
43,107,53
43,107,54
43,107,55
43,107,56
43,107,57
43,107,58
43,108,45
43,108,46
43,108,47
43,108,48
43,108,49
43,108,50
43,108,51
43,108,52
43,108,53
43,108,54
43,108,55
43,108,56
43,108,57
43,108,58
43,109,44
43,109,45
43,109,46
43,109,47
43,109,48
43,109,49
43,109,50
43,109,51
43,109,52
43,109,53
43,109,54
43,109,55
43,109,56
43,109,57
43,110,43
43,110,44
43,110,45
43,110,46
43,110,47
43,110,48
43,110,49
43,110,50
43,110,51
43,110,52
43,110,53
43,110,54
43,110,55
43,110,56
43,110,57
43,111,43
43,111,44
43,111,45
43,111,46
43,111,47
43,111,48
43,111,49
43,111,50
43,111,51
43,111,52
43,111,53
43,111,54
43,111,55
43,111,56
43,112,42
43,112,43
43,112,44
43,112,45
43,112,46
43,112,47
43,112,48
43,112,49
43,112,50
43,112,51
43,112,52
43,112,53
43,112,54
43,112,55
43,112,56
43,113,41
43,113,42
43,113,43
43,113,44
43,113,45
43,113,46
43,113,47
43,113,48
43,113,49
43,113,50
43,113,51
43,113,52
43,113,53
43,113,54
43,113,55
43,113,56
43,114,42
43,114,43
43,114,44
43,114,45
43,114,46
43,114,47
43,114,48
43,114,49
43,114,50
43,114,51
43,114,52
43,114,53
43,114,54
43,114,55
43,115,43
43,115,44
43,115,45
43,115,46
43,115,47
43,115,48
43,115,49
43,115,50
43,115,51
43,115,52
43,115,53
43,115,54
43,115,55
43,116,43
43,116,44
43,116,45
43,116,46
43,116,47
43,116,48
43,116,49
43,116,50
43,116,51
43,116,52
43,116,53
43,116,54
43,117,43
43,117,44
43,117,45
43,117,46
43,117,47
43,117,48
43,117,49
43,117,50
43,117,51
43,117,52
43,117,53
43,117,54
43,118,42
43,118,43
43,118,44
43,118,45
43,118,46
43,118,47
43,118,48
43,118,49
43,118,50
43,118,51
43,118,52
43,118,53
43,119,42
43,119,43
43,119,44
43,119,45
43,119,46
43,119,47
43,119,48
43,119,49
43,119,50
43,119,51
43,119,52
43,119,53
43,120,41
43,120,42
43,120,43
43,120,44
43,120,45
43,120,46
43,120,47
43,120,48
43,120,49
43,120,50
43,120,51
43,120,52
43,121,41
43,121,42
43,121,43
43,121,44
43,121,45
43,121,46
43,121,47
43,121,48
43,121,49
43,121,50
43,121,51
43,121,52
43,122,39
43,122,40
43,122,41
43,122,42
43,122,43
43,122,44
43,122,45
43,122,46
43,122,47
43,122,48
43,122,49
43,122,50
43,122,51
43,123,37
43,123,38
43,123,39
43,123,40
43,123,41
43,123,42
43,123,43
43,123,44
43,123,45
43,123,46
43,123,47
43,123,48
43,123,49
43,124,38
43,124,39
43,124,40
43,124,41
43,124,42
43,124,43
43,124,44
43,124,45
43,124,46
43,124,47
43,124,48
43,124,49
43,125,38
43,125,39
43,125,40
43,125,41
43,125,42
43,125,43
43,125,44
43,125,45
43,125,46
43,125,47
43,125,48
43,126,39
43,126,40
43,126,41
43,126,42
43,126,43
43,126,44
43,126,45
43,126,46
43,126,47
43,127,42
43,127,43
43,127,44
43,127,45
43,127,46
44,89,56
44,90,55
44,90,56
44,90,57
44,90,58
44,91,54
44,91,55
44,91,56
44,91,57
44,91,58
44,91,59
44,91,60
44,91,61
44,91,62
44,91,63
44,92,53
44,92,54
44,92,55
44,92,56
44,92,57
44,92,58
44,92,59
44,92,60
44,92,61
44,92,62
44,92,63
44,92,64
44,92,65
44,93,53
44,93,54
44,93,55
44,93,56
44,93,57
44,93,58
44,93,59
44,93,60
44,93,61
44,93,62
44,93,63
44,93,64
44,93,65
44,94,52
44,94,53
44,94,54
44,94,55
44,94,56
44,94,57
44,94,58
44,94,59
44,94,60
44,94,61
44,94,62
44,94,63
44,94,64
44,95,51
44,95,52
44,95,53
44,95,54
44,95,55
44,95,56
44,95,57
44,95,58
44,95,59
44,95,60
44,95,61
44,95,62
44,95,63
44,95,64
44,96,51
44,96,52
44,96,53
44,96,54
44,96,55
44,96,56
44,96,57
44,96,58
44,96,59
44,96,60
44,96,61
44,96,62
44,96,63
44,97,50
44,97,51
44,97,52
44,97,53
44,97,54
44,97,55
44,97,56
44,97,57
44,97,58
44,97,59
44,97,60
44,97,61
44,97,62
44,97,63
44,98,49
44,98,50
44,98,51
44,98,52
44,98,53
44,98,54
44,98,55
44,98,56
44,98,57
44,98,58
44,98,59
44,98,60
44,98,61
44,98,62
44,98,63
44,99,49
44,99,50
44,99,51
44,99,52
44,99,53
44,99,54
44,99,55
44,99,56
44,99,57
44,99,58
44,99,59
44,99,60
44,99,61
44,99,62
44,100,49
44,100,50
44,100,51
44,100,52
44,100,53
44,100,54
44,100,55
44,100,56
44,100,57
44,100,58
44,100,59
44,100,60
44,100,61
44,100,62
44,101,48
44,101,49
44,101,50
44,101,51
44,101,52
44,101,53
44,101,54
44,101,55
44,101,56
44,101,57
44,101,58
44,101,59
44,101,60
44,101,61
44,101,62
44,102,47
44,102,48
44,102,49
44,102,50
44,102,51
44,102,52
44,102,53
44,102,54
44,102,55
44,102,56
44,102,57
44,102,58
44,102,59
44,102,60
44,102,61
44,102,62
44,103,47
44,103,48
44,103,49
44,103,50
44,103,51
44,103,52
44,103,53
44,103,54
44,103,55
44,103,56
44,103,57
44,103,58
44,103,59
44,103,60
44,103,61
44,104,47
44,104,48
44,104,49
44,104,50
44,104,51
44,104,52
44,104,53
44,104,54
44,104,55
44,104,56
44,104,57
44,104,58
44,104,59
44,104,60
44,104,61
44,105,46
44,105,47
44,105,48
44,105,49
44,105,50
44,105,51
44,105,52
44,105,53
44,105,54
44,105,55
44,105,56
44,105,57
44,105,58
44,105,59
44,105,60
44,106,45
44,106,46
44,106,47
44,106,48
44,106,49
44,106,50
44,106,51
44,106,52
44,106,53
44,106,54
44,106,55
44,106,56
44,106,57
44,106,58
44,106,59
44,107,45
44,107,46
44,107,47
44,107,48
44,107,49
44,107,50
44,107,51
44,107,52
44,107,53
44,107,54
44,107,55
44,107,56
44,107,57
44,107,58
44,107,59
44,108,44
44,108,45
44,108,46
44,108,47
44,108,48
44,108,49
44,108,50
44,108,51
44,108,52
44,108,53
44,108,54
44,108,55
44,108,56
44,108,57
44,108,58
44,109,44
44,109,45
44,109,46
44,109,47
44,109,48
44,109,49
44,109,50
44,109,51
44,109,52
44,109,53
44,109,54
44,109,55
44,109,56
44,109,57
44,110,44
44,110,45
44,110,46
44,110,47
44,110,48
44,110,49
44,110,50
44,110,51
44,110,52
44,110,53
44,110,54
44,110,55
44,110,56
44,110,57
44,111,43
44,111,44
44,111,45
44,111,46
44,111,47
44,111,48
44,111,49
44,111,50
44,111,51
44,111,52
44,111,53
44,111,54
44,111,55
44,111,56
44,111,57
44,112,42
44,112,43
44,112,44
44,112,45
44,112,46
44,112,47
44,112,48
44,112,49
44,112,50
44,112,51
44,112,52
44,112,53
44,112,54
44,112,55
44,112,56
44,113,41
44,113,42
44,113,43
44,113,44
44,113,45
44,113,46
44,113,47
44,113,48
44,113,49
44,113,50
44,113,51
44,113,52
44,113,53
44,113,54
44,113,55
44,113,56
44,114,42
44,114,43
44,114,44
44,114,45
44,114,46
44,114,47
44,114,48
44,114,49
44,114,50
44,114,51
44,114,52
44,114,53
44,114,54
44,114,55
44,115,43
44,115,44
44,115,45
44,115,46
44,115,47
44,115,48
44,115,49
44,115,50
44,115,51
44,115,52
44,115,53
44,115,54
44,115,55
44,116,43
44,116,44
44,116,45
44,116,46
44,116,47
44,116,48
44,116,49
44,116,50
44,116,51
44,116,52
44,116,53
44,116,54
44,117,43
44,117,44
44,117,45
44,117,46
44,117,47
44,117,48
44,117,49
44,117,50
44,117,51
44,117,52
44,117,53
44,117,54
44,118,42
44,118,43
44,118,44
44,118,45
44,118,46
44,118,47
44,118,48
44,118,49
44,118,50
44,118,51
44,118,52
44,118,53
44,118,54
44,119,42
44,119,43
44,119,44
44,119,45
44,119,46
44,119,47
44,119,48
44,119,49
44,119,50
44,119,51
44,119,52
44,119,53
44,120,41
44,120,42
44,120,43
44,120,44
44,120,45
44,120,46
44,120,47
44,120,48
44,120,49
44,120,50
44,120,51
44,120,52
44,120,53
44,121,42
44,121,43
44,121,44
44,121,45
44,121,46
44,121,47
44,121,48
44,121,49
44,121,50
44,121,51
44,121,52
44,122,40
44,122,41
44,122,42
44,122,43
44,122,44
44,122,45
44,122,46
44,122,47
44,122,48
44,122,49
44,122,50
44,122,51
44,123,37
44,123,38
44,123,39
44,123,40
44,123,41
44,123,42
44,123,43
44,123,44
44,123,45
44,123,46
44,123,47
44,123,48
44,123,49
44,124,38
44,124,39
44,124,40
44,124,41
44,124,42
44,124,43
44,124,44
44,124,45
44,124,46
44,124,47
44,124,48
44,124,49
44,125,38
44,125,39
44,125,40
44,125,41
44,125,42
44,125,43
44,125,44
44,125,45
44,125,46
44,125,47
44,125,48
44,126,38
44,126,39
44,126,40
44,126,41
44,126,42
44,126,43
44,126,44
44,126,45
44,126,46
44,126,47
44,126,50
44,127,39
44,127,40
44,127,41
44,127,42
44,127,43
44,127,44
44,127,45
44,127,46
44,127,47
44,127,48
44,127,49
44,128,41
44,128,42
44,128,43
44,128,44
44,128,45
44,128,46
44,128,47
44,129,45
45,89,55
45,89,56
45,90,54
45,90,55
45,90,56
45,90,57
45,90,58
45,91,54
45,91,55
45,91,56
45,91,57
45,91,58
45,91,59
45,91,60
45,91,61
45,91,62
45,91,63
45,92,53
45,92,54
45,92,55
45,92,56
45,92,57
45,92,58
45,92,59
45,92,60
45,92,61
45,92,62
45,92,63
45,92,64
45,92,65
45,93,52
45,93,53
45,93,54
45,93,55
45,93,56
45,93,57
45,93,58
45,93,59
45,93,60
45,93,61
45,93,62
45,93,63
45,93,64
45,93,65
45,94,52
45,94,53
45,94,54
45,94,55
45,94,56
45,94,57
45,94,58
45,94,59
45,94,60
45,94,61
45,94,62
45,94,63
45,94,64
45,94,65
45,95,51
45,95,52
45,95,53
45,95,54
45,95,55
45,95,56
45,95,57
45,95,58
45,95,59
45,95,60
45,95,61
45,95,62
45,95,63
45,95,64
45,96,51
45,96,52
45,96,53
45,96,54
45,96,55
45,96,56
45,96,57
45,96,58
45,96,59
45,96,60
45,96,61
45,96,62
45,96,63
45,96,64
45,97,50
45,97,51
45,97,52
45,97,53
45,97,54
45,97,55
45,97,57
45,97,58
45,97,59
45,97,60
45,97,61
45,97,62
45,97,63
45,97,64
45,98,49
45,98,50
45,98,51
45,98,52
45,98,53
45,98,54
45,98,57
45,98,58
45,98,59
45,98,60
45,98,61
45,98,62
45,98,63
45,98,64
45,99,49
45,99,50
45,99,51
45,99,52
45,99,53
45,99,54
45,99,56
45,99,57
45,99,58
45,99,59
45,99,60
45,99,61
45,99,62
45,99,63
45,100,49
45,100,50
45,100,51
45,100,52
45,100,53
45,100,56
45,100,57
45,100,58
45,100,59
45,100,60
45,100,61
45,100,62
45,100,63
45,101,48
45,101,49
45,101,50
45,101,51
45,101,52
45,101,53
45,101,55
45,101,56
45,101,57
45,101,58
45,101,59
45,101,60
45,101,61
45,101,62
45,101,63
45,102,47
45,102,48
45,102,49
45,102,50
45,102,51
45,102,52
45,102,55
45,102,56
45,102,57
45,102,58
45,102,59
45,102,60
45,102,61
45,102,62
45,103,47
45,103,48
45,103,49
45,103,50
45,103,51
45,103,54
45,103,55
45,103,56
45,103,57
45,103,58
45,103,59
45,103,60
45,103,61
45,103,62
45,104,47
45,104,48
45,104,49
45,104,50
45,104,53
45,104,54
45,104,55
45,104,56
45,104,57
45,104,58
45,104,59
45,104,60
45,104,61
45,105,44
45,105,45
45,105,46
45,105,47
45,105,48
45,105,49
45,105,50
45,105,53
45,105,54
45,105,55
45,105,56
45,105,57
45,105,58
45,105,59
45,105,60
45,106,45
45,106,46
45,106,47
45,106,48
45,106,49
45,106,52
45,106,53
45,106,54
45,106,55
45,106,56
45,106,57
45,106,58
45,106,59
45,106,60
45,107,43
45,107,44
45,107,45
45,107,46
45,107,47
45,107,48
45,107,49
45,107,52
45,107,53
45,107,54
45,107,55
45,107,56
45,107,57
45,107,58
45,107,59
45,108,44
45,108,45
45,108,46
45,108,47
45,108,48
45,108,51
45,108,52
45,108,53
45,108,54
45,108,55
45,108,56
45,108,57
45,108,58
45,109,44
45,109,45
45,109,46
45,109,47
45,109,48
45,109,51
45,109,52
45,109,53
45,109,54
45,109,55
45,109,56
45,109,57
45,110,44
45,110,45
45,110,46
45,110,47
45,110,48
45,110,50
45,110,51
45,110,52
45,110,53
45,110,54
45,110,55
45,110,56
45,110,57
45,111,43
45,111,44
45,111,45
45,111,46
45,111,47
45,111,48
45,111,49
45,111,50
45,111,51
45,111,52
45,111,53
45,111,54
45,111,55
45,111,56
45,111,57
45,112,41
45,112,42
45,112,43
45,112,44
45,112,45
45,112,46
45,112,47
45,112,48
45,112,49
45,112,50
45,112,51
45,112,52
45,112,53
45,112,54
45,112,55
45,112,56
45,113,40
45,113,41
45,113,42
45,113,43
45,113,44
45,113,45
45,113,46
45,113,47
45,113,48
45,113,49
45,113,50
45,113,51
45,113,52
45,113,53
45,113,54
45,113,55
45,114,42
45,114,43
45,114,44
45,114,45
45,114,46
45,114,47
45,114,48
45,114,49
45,114,50
45,114,51
45,114,52
45,114,53
45,114,54
45,114,55
45,115,43
45,115,44
45,115,45
45,115,46
45,115,47
45,115,48
45,115,49
45,115,50
45,115,51
45,115,52
45,115,53
45,115,54
45,116,43
45,116,44
45,116,45
45,116,46
45,116,47
45,116,48
45,116,49
45,116,50
45,116,51
45,116,52
45,116,53
45,117,42
45,117,43
45,117,44
45,117,45
45,117,46
45,117,47
45,117,48
45,117,49
45,117,50
45,117,51
45,117,52
45,117,53
45,118,42
45,118,43
45,118,44
45,118,45
45,118,46
45,118,47
45,118,48
45,118,49
45,118,50
45,118,51
45,118,52
45,118,53
45,119,42
45,119,43
45,119,44
45,119,45
45,119,46
45,119,47
45,119,48
45,119,49
45,119,50
45,119,51
45,119,52
45,120,41
45,120,42
45,120,43
45,120,44
45,120,45
45,120,46
45,120,47
45,120,48
45,120,49
45,120,50
45,120,51
45,120,52
45,121,43
45,121,44
45,121,45
45,121,46
45,121,47
45,121,48
45,121,49
45,121,50
45,121,51
45,121,52
45,122,41
45,122,42
45,122,43
45,122,44
45,122,45
45,122,46
45,122,47
45,122,48
45,122,49
45,122,50
45,122,51
45,123,38
45,123,39
45,123,40
45,123,41
45,123,42
45,123,43
45,123,44
45,123,45
45,123,46
45,123,47
45,123,48
45,123,49
45,124,39
45,124,40
45,124,41
45,124,42
45,124,43
45,124,44
45,124,45
45,124,46
45,124,47
45,124,48
45,124,49
45,125,38
45,125,39
45,125,40
45,125,41
45,125,42
45,125,43
45,125,44
45,125,45
45,125,46
45,125,47
45,125,48
45,125,49
45,126,38
45,126,39
45,126,40
45,126,41
45,126,42
45,126,43
45,126,44
45,126,45
45,126,46
45,126,47
45,126,48
45,126,49
45,126,50
45,127,38
45,127,39
45,127,40
45,127,41
45,127,42
45,127,43
45,127,44
45,127,45
45,127,46
45,127,47
45,127,48
45,127,49
45,128,39
45,128,40
45,128,41
45,128,42
45,128,43
45,128,44
45,128,45
45,128,46
45,128,47
45,128,48
45,128,49
45,128,50
45,129,41
45,129,42
45,129,43
45,129,44
45,129,45
45,129,46
45,129,47
45,130,44
45,130,45
45,130,46
46,88,55
46,89,55
46,89,56
46,89,57
46,90,54
46,90,55
46,90,56
46,90,57
46,90,58
46,90,59
46,91,54
46,91,55
46,91,56
46,91,57
46,91,58
46,91,60
46,91,61
46,91,62
46,92,52
46,92,53
46,92,54
46,92,55
46,92,56
46,92,57
46,92,60
46,92,61
46,92,62
46,92,63
46,92,64
46,92,65
46,92,66
46,93,52
46,93,53
46,93,54
46,93,55
46,93,56
46,93,57
46,93,60
46,93,61
46,93,62
46,93,63
46,93,64
46,93,65
46,93,66
46,94,52
46,94,53
46,94,54
46,94,55
46,94,56
46,94,59
46,94,60
46,94,61
46,94,62
46,94,63
46,94,64
46,94,65
46,95,51
46,95,52
46,95,53
46,95,54
46,95,55
46,95,59
46,95,60
46,95,61
46,95,62
46,95,63
46,95,64
46,95,65
46,96,51
46,96,52
46,96,53
46,96,54
46,96,55
46,96,59
46,96,60
46,96,61
46,96,62
46,96,63
46,96,64
46,97,49
46,97,50
46,97,51
46,97,52
46,97,53
46,97,54
46,97,58
46,97,59
46,97,60
46,97,61
46,97,62
46,97,63
46,97,64
46,98,49
46,98,50
46,98,51
46,98,52
46,98,53
46,98,54
46,98,58
46,98,59
46,98,60
46,98,61
46,98,62
46,98,63
46,98,64
46,99,48
46,99,49
46,99,50
46,99,51
46,99,52
46,99,53
46,99,57
46,99,58
46,99,59
46,99,60
46,99,61
46,99,62
46,99,63
46,99,64
46,100,48
46,100,49
46,100,50
46,100,51
46,100,52
46,100,57
46,100,58
46,100,59
46,100,60
46,100,61
46,100,62
46,100,63
46,101,48
46,101,49
46,101,50
46,101,51
46,101,52
46,101,56
46,101,57
46,101,58
46,101,59
46,101,60
46,101,61
46,101,62
46,101,63
46,102,47
46,102,48
46,102,49
46,102,50
46,102,51
46,102,55
46,102,56
46,102,57
46,102,58
46,102,59
46,102,60
46,102,61
46,102,62
46,102,63
46,103,47
46,103,48
46,103,49
46,103,50
46,103,55
46,103,56
46,103,57
46,103,58
46,103,59
46,103,60
46,103,61
46,103,62
46,104,47
46,104,48
46,104,49
46,104,54
46,104,55
46,104,56
46,104,57
46,104,58
46,104,59
46,104,60
46,104,61
46,105,44
46,105,45
46,105,46
46,105,47
46,105,48
46,105,49
46,105,53
46,105,54
46,105,55
46,105,56
46,105,57
46,105,58
46,105,59
46,105,60
46,106,43
46,106,44
46,106,45
46,106,46
46,106,47
46,106,48
46,106,53
46,106,54
46,106,55
46,106,56
46,106,57
46,106,58
46,106,59
46,106,60
46,107,43
46,107,44
46,107,45
46,107,46
46,107,47
46,107,48
46,107,52
46,107,53
46,107,54
46,107,55
46,107,56
46,107,57
46,107,58
46,108,45
46,108,46
46,108,47
46,108,51
46,108,52
46,108,53
46,108,54
46,108,55
46,108,56
46,108,57
46,108,58
46,109,44
46,109,45
46,109,46
46,109,47
46,109,51
46,109,52
46,109,53
46,109,54
46,109,55
46,110,45
46,110,46
46,110,47
46,110,51
46,110,52
46,110,53
46,110,54
46,110,55
46,111,44
46,111,45
46,111,46
46,111,50
46,111,51
46,111,52
46,111,53
46,111,54
46,111,55
46,112,41
46,112,42
46,112,43
46,112,44
46,112,45
46,112,46
46,112,50
46,112,51
46,112,52
46,112,53
46,112,54
46,112,55
46,113,40
46,113,41
46,113,42
46,113,43
46,113,44
46,113,45
46,113,46
46,113,47
46,113,49
46,113,50
46,113,51
46,113,52
46,113,53
46,113,54
46,114,42
46,114,43
46,114,44
46,114,45
46,114,46
46,114,47
46,114,48
46,114,49
46,114,50
46,114,51
46,114,52
46,114,53
46,115,43
46,115,44
46,115,45
46,115,46
46,115,47
46,115,48
46,115,49
46,115,50
46,115,51
46,115,52
46,115,53
46,116,43
46,116,44
46,116,45
46,116,46
46,116,47
46,116,48
46,116,49
46,116,50
46,116,51
46,116,52
46,117,42
46,117,43
46,117,44
46,117,45
46,117,46
46,117,47
46,117,48
46,117,49
46,117,50
46,117,51
46,117,52
46,118,41
46,118,42
46,118,43
46,118,44
46,118,45
46,118,46
46,118,47
46,118,48
46,118,49
46,118,50
46,118,51
46,118,52
46,119,42
46,119,43
46,119,44
46,119,45
46,119,46
46,119,47
46,119,48
46,119,49
46,119,50
46,119,51
46,119,52
46,120,41
46,120,42
46,120,43
46,120,44
46,120,45
46,120,46
46,120,47
46,120,48
46,120,49
46,120,50
46,120,51
46,120,52
46,121,45
46,121,46
46,121,47
46,121,48
46,121,49
46,121,50
46,121,51
46,122,41
46,122,42
46,122,43
46,122,44
46,122,45
46,122,46
46,122,47
46,122,48
46,122,49
46,122,50
46,122,51
46,122,52
46,123,38
46,123,39
46,123,40
46,123,41
46,123,42
46,123,43
46,123,44
46,123,45
46,123,46
46,123,47
46,123,48
46,123,49
46,124,39
46,124,40
46,124,41
46,124,42
46,124,43
46,124,44
46,124,45
46,124,46
46,124,47
46,124,48
46,124,49
46,125,38
46,125,39
46,125,40
46,125,41
46,125,42
46,125,43
46,125,44
46,125,45
46,125,46
46,125,47
46,125,48
46,125,49
46,126,38
46,126,39
46,126,40
46,126,41
46,126,42
46,126,43
46,126,44
46,126,45
46,126,46
46,126,47
46,126,48
46,126,49
46,127,37
46,127,38
46,127,39
46,127,40
46,127,41
46,127,42
46,127,43
46,127,44
46,127,45
46,127,46
46,127,47
46,127,48
46,127,49
46,128,38
46,128,39
46,128,40
46,128,41
46,128,42
46,128,43
46,128,44
46,128,45
46,128,46
46,128,47
46,128,48
46,128,49
46,128,50
46,128,51
46,129,40
46,129,41
46,129,42
46,129,43
46,129,44
46,129,45
46,129,46
46,129,47
46,130,42
46,130,43
46,130,44
46,130,45
46,130,46
46,131,45
46,131,46
47,88,55
47,89,54
47,89,55
47,89,56
47,89,57
47,90,53
47,90,54
47,90,55
47,90,56
47,90,57
47,90,58
47,91,54
47,91,55
47,91,56
47,91,57
47,91,61
47,92,52
47,92,53
47,92,54
47,92,55
47,92,56
47,92,57
47,92,61
47,92,62
47,92,63
47,92,64
47,92,65
47,92,66
47,93,52
47,93,53
47,93,54
47,93,55
47,93,56
47,93,60
47,93,61
47,93,62
47,93,63
47,93,64
47,93,65
47,93,66
47,94,51
47,94,52
47,94,53
47,94,54
47,94,55
47,94,60
47,94,61
47,94,62
47,94,63
47,94,64
47,94,65
47,94,66
47,95,50
47,95,51
47,95,52
47,95,53
47,95,54
47,95,55
47,95,60
47,95,61
47,95,62
47,95,63
47,95,64
47,95,65
47,96,50
47,96,51
47,96,52
47,96,53
47,96,54
47,96,59
47,96,60
47,96,61
47,96,62
47,96,63
47,96,64
47,96,65
47,97,49
47,97,50
47,97,51
47,97,52
47,97,53
47,97,59
47,97,60
47,97,61
47,97,62
47,97,63
47,97,64
47,98,49
47,98,50
47,98,51
47,98,52
47,98,53
47,98,58
47,98,59
47,98,60
47,98,61
47,98,62
47,98,63
47,98,64
47,99,48
47,99,49
47,99,50
47,99,51
47,99,52
47,99,58
47,99,59
47,99,60
47,99,61
47,99,62
47,99,63
47,99,64
47,100,48
47,100,49
47,100,50
47,100,51
47,100,52
47,100,57
47,100,58
47,100,59
47,100,60
47,100,61
47,100,62
47,100,63
47,100,64
47,101,47
47,101,48
47,101,49
47,101,50
47,101,51
47,101,56
47,101,57
47,101,58
47,101,59
47,101,60
47,101,61
47,101,62
47,101,63
47,101,64
47,102,47
47,102,48
47,102,49
47,102,50
47,102,55
47,102,56
47,102,57
47,102,58
47,102,59
47,102,60
47,102,61
47,102,62
47,102,63
47,103,47
47,103,48
47,103,49
47,103,54
47,103,55
47,103,56
47,103,57
47,103,58
47,103,59
47,103,60
47,103,61
47,103,62
47,104,47
47,104,48
47,104,53
47,104,54
47,104,55
47,104,56
47,104,57
47,104,58
47,104,59
47,105,44
47,105,45
47,105,46
47,105,47
47,105,48
47,105,53
47,105,54
47,105,55
47,105,56
47,105,57
47,105,58
47,105,59
47,105,60
47,106,43
47,106,44
47,106,45
47,106,46
47,106,47
47,106,52
47,106,53
47,106,54
47,106,55
47,106,56
47,106,57
47,106,58
47,106,59
47,106,60
47,107,43
47,107,44
47,107,45
47,107,46
47,107,47
47,107,51
47,107,52
47,107,53
47,107,54
47,107,55
47,107,56
47,108,45
47,108,46
47,108,51
47,108,52
47,108,53
47,108,54
47,108,55
47,108,56
47,109,44
47,109,45
47,109,46
47,109,51
47,109,52
47,109,53
47,109,54
47,110,45
47,110,46
47,110,50
47,110,51
47,110,52
47,110,53
47,110,54
47,111,44
47,111,45
47,111,46
47,111,50
47,111,51
47,111,52
47,111,53
47,111,54
47,112,42
47,112,43
47,112,44
47,112,45
47,112,46
47,112,50
47,112,51
47,112,52
47,112,53
47,112,54
47,113,42
47,113,43
47,113,44
47,113,45
47,113,46
47,113,49
47,113,50
47,113,51
47,113,52
47,114,42
47,114,43
47,114,44
47,114,45
47,114,46
47,114,49
47,114,50
47,114,51
47,114,52
47,115,43
47,115,44
47,115,45
47,115,46
47,115,49
47,115,50
47,115,51
47,115,52
47,116,43
47,116,44
47,116,45
47,116,46
47,116,48
47,116,49
47,116,50
47,116,51
47,117,43
47,117,44
47,117,45
47,117,46
47,117,48
47,117,49
47,117,50
47,117,51
47,117,52
47,118,44
47,118,45
47,118,46
47,118,47
47,118,48
47,118,49
47,118,50
47,118,51
47,119,44
47,119,45
47,119,46
47,119,47
47,119,48
47,119,49
47,119,50
47,119,51
47,120,44
47,120,45
47,120,46
47,120,47
47,120,48
47,120,49
47,120,50
47,120,51
47,121,45
47,121,46
47,121,47
47,121,48
47,121,49
47,121,50
47,121,51
47,122,42
47,122,43
47,122,44
47,122,45
47,122,46
47,122,47
47,122,48
47,122,49
47,122,50
47,122,51
47,123,39
47,123,40
47,123,41
47,123,42
47,123,43
47,123,44
47,123,45
47,123,46
47,123,47
47,123,48
47,124,41
47,124,42
47,124,43
47,124,44
47,124,45
47,124,46
47,124,47
47,124,48
47,124,49
47,125,41
47,125,42
47,125,43
47,125,44
47,125,45
47,125,46
47,125,47
47,125,48
47,125,49
47,126,38
47,126,39
47,126,40
47,126,41
47,126,42
47,126,43
47,126,44
47,126,45
47,126,46
47,126,47
47,126,48
47,126,49
47,127,37
47,127,38
47,127,39
47,127,40
47,127,41
47,127,42
47,127,43
47,127,44
47,127,45
47,127,46
47,127,47
47,127,48
47,127,49
47,128,38
47,128,39
47,128,40
47,128,41
47,128,42
47,128,43
47,128,44
47,128,45
47,128,46
47,128,47
47,128,48
47,128,49
47,128,50
47,128,51
47,129,39
47,129,40
47,129,41
47,129,42
47,129,43
47,129,44
47,129,45
47,129,46
47,129,47
47,130,41
47,130,42
47,130,43
47,130,44
47,130,45
47,130,46
47,131,43
47,131,44
47,131,45
47,131,46
47,131,47
48,88,54
48,88,55
48,88,56
48,88,57
48,89,54
48,89,55
48,89,56
48,89,57
48,89,58
48,90,52
48,90,53
48,90,54
48,90,55
48,90,56
48,90,57
48,91,52
48,91,53
48,91,54
48,91,55
48,91,56
48,92,51
48,92,52
48,92,53
48,92,54
48,92,55
48,92,56
48,92,61
48,92,62
48,92,63
48,92,64
48,92,65
48,92,66
48,93,52
48,93,53
48,93,54
48,93,55
48,93,60
48,93,61
48,93,62
48,93,63
48,93,64
48,93,65
48,93,66
48,93,67
48,94,51
48,94,52
48,94,53
48,94,54
48,94,60
48,94,61
48,94,62
48,94,63
48,94,64
48,94,65
48,94,66
48,95,50
48,95,51
48,95,52
48,95,53
48,95,54
48,95,59
48,95,60
48,95,61
48,95,62
48,95,63
48,95,64
48,95,65
48,95,66
48,96,50
48,96,51
48,96,52
48,96,53
48,96,58
48,96,59
48,96,60
48,96,61
48,96,62
48,96,63
48,96,64
48,96,65
48,97,49
48,97,50
48,97,51
48,97,52
48,97,53
48,97,58
48,97,59
48,97,60
48,97,61
48,97,62
48,97,63
48,97,64
48,97,65
48,98,49
48,98,50
48,98,51
48,98,52
48,98,57
48,98,58
48,98,59
48,98,60
48,98,61
48,98,62
48,98,63
48,98,64
48,99,48
48,99,49
48,99,50
48,99,51
48,99,57
48,99,58
48,99,59
48,99,60
48,99,61
48,99,62
48,99,63
48,99,64
48,100,48
48,100,49
48,100,50
48,100,51
48,100,56
48,100,57
48,100,58
48,100,59
48,100,60
48,100,61
48,100,62
48,100,63
48,101,47
48,101,48
48,101,49
48,101,50
48,101,56
48,101,57
48,101,58
48,101,59
48,101,60
48,101,61
48,101,62
48,101,63
48,102,47
48,102,48
48,102,49
48,102,55
48,102,56
48,102,57
48,102,58
48,102,59
48,102,60
48,102,61
48,102,62
48,103,47
48,103,48
48,103,54
48,103,55
48,103,56
48,103,57
48,103,58
48,103,59
48,103,60
48,103,61
48,104,47
48,104,53
48,104,54
48,104,55
48,104,56
48,104,57
48,104,58
48,105,44
48,105,45
48,105,46
48,105,47
48,105,52
48,105,53
48,105,54
48,105,55
48,105,56
48,105,57
48,105,58
48,106,44
48,106,45
48,106,46
48,106,51
48,106,52
48,106,53
48,106,54
48,106,55
48,106,56
48,106,57
48,106,58
48,107,44
48,107,45
48,107,46
48,107,51
48,107,52
48,107,53
48,107,54
48,107,55
48,108,45
48,108,46
48,108,50
48,108,51
48,108,52
48,108,53
48,108,54
48,109,45
48,109,46
48,109,50
48,109,51
48,109,52
48,109,53
48,109,54
48,110,44
48,110,45
48,110,46
48,110,50
48,110,51
48,110,52
48,111,45
48,111,46
48,111,49
48,111,50
48,111,51
48,111,52
48,112,43
48,112,44
48,112,45
48,112,46
48,112,49
48,112,50
48,112,51
48,112,52
48,113,43
48,113,44
48,113,45
48,113,49
48,113,50
48,113,51
48,114,44
48,114,49
48,114,50
48,114,51
48,114,52
48,115,49
48,115,50
48,116,49
48,116,50
48,116,51
48,117,48
48,117,49
48,117,50
48,117,51
48,117,52
48,118,48
48,118,49
48,118,50
48,118,51
48,119,48
48,119,49
48,119,50
48,120,48
48,120,49
48,120,50
48,120,51
48,121,48
48,121,49
48,121,50
48,121,51
48,122,48
48,122,49
48,122,50
48,122,51
48,123,43
48,123,46
48,123,47
48,123,48
48,124,42
48,124,43
48,124,44
48,124,45
48,124,46
48,124,47
48,124,48
48,125,43
48,125,44
48,125,45
48,125,46
48,125,47
48,125,48
48,126,38
48,126,39
48,126,40
48,126,41
48,126,42
48,126,43
48,126,44
48,126,45
48,126,46
48,126,47
48,126,48
48,126,49
48,127,39
48,127,40
48,127,41
48,127,42
48,127,43
48,127,44
48,127,45
48,127,46
48,127,47
48,127,48
48,128,39
48,128,40
48,128,41
48,128,42
48,128,43
48,128,44
48,128,45
48,128,46
48,128,47
48,128,48
48,128,49
48,128,50
48,128,51
48,129,39
48,129,40
48,129,41
48,129,42
48,129,43
48,129,44
48,129,45
48,129,46
48,129,47
48,130,40
48,130,41
48,130,42
48,130,43
48,130,44
48,130,45
48,131,42
48,131,43
48,131,44
48,131,45
48,131,46
48,131,47
49,88,52
49,88,53
49,88,54
49,88,55
49,88,56
49,88,57
49,88,58
49,89,52
49,89,53
49,89,54
49,89,55
49,89,56
49,89,57
49,90,52
49,90,53
49,90,54
49,90,55
49,90,56
49,91,51
49,91,52
49,91,53
49,91,54
49,91,55
49,92,50
49,92,51
49,92,52
49,92,53
49,92,54
49,92,55
49,92,61
49,92,62
49,92,63
49,92,64
49,92,65
49,92,66
49,92,67
49,93,51
49,93,52
49,93,53
49,93,54
49,93,59
49,93,60
49,93,61
49,93,62
49,93,63
49,93,64
49,93,65
49,93,66
49,94,51
49,94,52
49,94,53
49,94,58
49,94,59
49,94,60
49,94,61
49,94,62
49,94,63
49,94,64
49,94,65
49,94,66
49,95,50
49,95,51
49,95,52
49,95,53
49,95,58
49,95,59
49,95,60
49,95,61
49,95,62
49,95,63
49,95,64
49,95,65
49,95,66
49,96,49
49,96,50
49,96,51
49,96,52
49,96,57
49,96,58
49,96,59
49,96,60
49,96,61
49,96,62
49,96,63
49,96,64
49,96,65
49,97,49
49,97,50
49,97,51
49,97,52
49,97,57
49,97,58
49,97,59
49,97,60
49,97,61
49,97,62
49,97,63
49,97,64
49,97,65
49,98,49
49,98,50
49,98,51
49,98,57
49,98,58
49,98,59
49,98,60
49,98,61
49,98,62
49,98,63
49,98,64
49,99,48
49,99,49
49,99,50
49,99,56
49,99,57
49,99,58
49,99,59
49,99,60
49,99,61
49,99,62
49,99,63
49,99,64
49,100,48
49,100,49
49,100,56
49,100,57
49,100,58
49,100,59
49,100,60
49,100,61
49,100,62
49,101,47
49,101,48
49,101,55
49,101,56
49,101,57
49,101,58
49,101,59
49,101,60
49,101,61
49,101,62
49,102,54
49,102,55
49,102,56
49,102,57
49,102,58
49,102,59
49,102,60
49,103,53
49,103,54
49,103,55
49,103,56
49,103,57
49,103,58
49,103,59
49,103,60
49,104,52
49,104,53
49,104,54
49,104,55
49,104,56
49,104,57
49,105,46
49,105,52
49,105,53
49,105,54
49,105,55
49,105,56
49,106,46
49,106,51
49,106,52
49,106,53
49,106,54
49,106,55
49,107,46
49,107,50
49,107,51
49,107,52
49,107,53
49,107,54
49,108,46
49,108,50
49,108,51
49,108,52
49,109,45
49,109,46
49,109,50
49,109,51
49,109,52
49,109,53
49,110,45
49,110,46
49,110,49
49,110,50
49,110,51
49,110,52
49,111,49
49,111,50
49,111,51
49,111,52
49,112,49
49,112,50
49,112,51
49,112,52
49,113,49
49,113,50
49,113,51
49,114,49
49,114,50
49,114,51
49,115,49
49,115,50
49,116,49
49,116,50
49,116,51
49,117,49
49,117,50
49,118,49
49,118,50
49,118,51
49,119,49
49,119,50
49,120,49
49,120,50
49,121,49
49,121,50
49,122,49
49,122,50
49,123,48
49,124,48
49,125,43
49,126,39
49,126,40
49,126,41
49,126,42
49,126,43
49,126,44
49,126,45
49,126,46
49,126,47
49,126,48
49,127,40
49,127,41
49,127,42
49,127,43
49,127,44
49,127,45
49,127,46
49,127,47
49,127,48
49,128,40
49,128,41
49,128,42
49,128,43
49,128,44
49,128,45
49,128,46
49,128,47
49,128,48
49,128,49
49,128,50
49,129,40
49,129,41
49,129,42
49,129,43
49,129,44
49,129,45
49,129,46
49,129,47
49,130,41
49,130,42
49,130,43
49,130,44
49,130,45
49,131,41
49,131,42
49,131,43
49,131,44
49,131,45
49,131,46
49,131,47
50,88,51
50,88,52
50,88,53
50,88,54
50,88,55
50,88,56
50,88,57
50,89,51
50,89,52
50,89,53
50,89,54
50,89,55
50,89,56
50,90,51
50,90,52
50,90,53
50,90,54
50,90,55
50,91,51
50,91,52
50,91,53
50,91,54
50,92,50
50,92,51
50,92,52
50,92,53
50,92,54
50,92,61
50,92,62
50,92,63
50,92,64
50,92,65
50,92,66
50,92,67
50,93,51
50,93,52
50,93,53
50,93,58
50,93,59
50,93,60
50,93,61
50,93,62
50,93,63
50,93,64
50,93,65
50,93,66
50,93,67
50,94,51
50,94,52
50,94,57
50,94,58
50,94,59
50,94,60
50,94,61
50,94,62
50,94,63
50,94,64
50,94,65
50,94,66
50,95,50
50,95,51
50,95,52
50,95,57
50,95,58
50,95,59
50,95,60
50,95,61
50,95,62
50,95,63
50,95,64
50,95,65
50,96,49
50,96,50
50,96,51
50,96,57
50,96,58
50,96,59
50,96,60
50,96,61
50,96,62
50,96,63
50,96,64
50,97,49
50,97,50
50,97,56
50,97,57
50,97,58
50,97,59
50,97,60
50,97,61
50,97,62
50,97,63
50,97,64
50,98,56
50,98,57
50,98,58
50,98,59
50,98,60
50,98,61
50,98,62
50,98,63
50,98,64
50,99,56
50,99,57
50,99,58
50,99,59
50,99,60
50,99,61
50,99,62
50,100,55
50,100,56
50,100,57
50,100,58
50,100,59
50,100,60
50,100,61
50,101,54
50,101,55
50,101,56
50,101,57
50,101,58
50,101,59
50,101,60
50,101,61
50,102,54
50,102,55
50,102,56
50,102,57
50,102,58
50,102,59
50,103,53
50,103,54
50,103,55
50,103,56
50,103,57
50,103,58
50,104,52
50,104,53
50,104,54
50,104,55
50,104,56
50,105,51
50,105,52
50,105,53
50,105,54
50,105,55
50,105,56
50,106,51
50,106,52
50,106,53
50,106,54
50,107,46
50,107,50
50,107,51
50,107,52
50,107,53
50,107,54
50,108,46
50,108,50
50,108,51
50,108,52
50,109,46
50,109,50
50,109,51
50,109,52
50,110,45
50,110,46
50,110,49
50,110,50
50,110,51
50,110,52
50,111,46
50,111,49
50,111,50
50,111,51
50,111,52
50,112,49
50,112,50
50,112,51
50,112,52
50,113,49
50,113,50
50,113,51
50,114,49
50,114,50
50,115,49
50,116,49
50,116,50
50,117,49
50,118,49
50,118,50
50,119,49
50,126,40
50,126,41
50,126,42
50,126,43
50,126,44
50,126,45
50,126,46
50,126,47
50,127,41
50,127,42
50,127,43
50,127,44
50,127,45
50,127,46
50,127,47
50,128,41
50,128,42
50,128,43
50,128,44
50,128,45
50,128,46
50,128,47
50,128,48
50,128,49
50,128,50
50,129,42
50,129,43
50,129,44
50,129,45
50,129,46
50,129,47
50,130,42
50,130,43
50,130,44
50,130,45
50,131,42
50,131,43
50,131,44
50,131,45
50,131,46
50,131,47
51,88,51
51,88,52
51,88,53
51,88,54
51,88,55
51,88,56
51,89,51
51,89,52
51,89,53
51,89,54
51,89,55
51,90,51
51,90,52
51,90,53
51,90,54
51,91,50
51,91,51
51,91,52
51,91,53
51,92,50
51,92,51
51,92,52
51,92,61
51,92,62
51,92,63
51,92,64
51,92,65
51,92,66
51,92,67
51,93,50
51,93,51
51,93,52
51,93,57
51,93,58
51,93,59
51,93,60
51,93,61
51,93,62
51,93,63
51,93,64
51,93,65
51,93,66
51,94,51
51,94,57
51,94,58
51,94,59
51,94,60
51,94,61
51,94,62
51,94,63
51,94,64
51,94,65
51,95,56
51,95,57
51,95,58
51,95,59
51,95,60
51,95,61
51,95,62
51,95,63
51,95,64
51,96,56
51,96,57
51,96,58
51,96,59
51,96,60
51,96,61
51,96,62
51,96,63
51,96,64
51,97,56
51,97,57
51,97,58
51,97,59
51,98,55
51,98,56
51,98,57
51,98,58
51,98,59
51,98,60
51,99,55
51,99,56
51,99,57
51,99,58
51,99,59
51,99,60
51,100,55
51,100,56
51,100,57
51,100,58
51,100,59
51,100,60
51,101,54
51,101,55
51,101,56
51,101,57
51,101,58
51,101,59
51,102,53
51,102,54
51,102,55
51,102,56
51,102,57
51,103,53
51,103,54
51,103,55
51,103,56
51,104,52
51,104,53
51,104,54
51,104,55
51,104,56
51,105,51
51,105,52
51,105,53
51,105,54
51,105,55
51,105,56
51,106,51
51,106,52
51,106,53
51,107,50
51,107,51
51,107,52
51,108,46
51,108,50
51,108,51
51,108,52
51,109,46
51,109,50
51,109,51
51,109,52
51,110,46
51,110,50
51,110,51
51,111,49
51,111,50
51,111,51
51,111,52
51,112,49
51,112,50
51,112,51
51,113,49
51,113,50
51,114,49
51,126,42
51,126,43
51,126,44
51,126,45
51,126,46
51,126,47
51,127,42
51,127,43
51,127,44
51,127,45
51,127,46
51,127,47
51,128,43
51,128,44
51,128,45
51,128,46
51,128,47
51,128,48
51,128,49
51,128,50
51,129,43
51,129,44
51,129,45
51,129,46
51,130,43
51,130,44
51,130,45
51,131,43
51,131,44
51,131,45
51,131,46
52,88,51
52,88,52
52,88,53
52,88,54
52,88,55
52,89,51
52,89,52
52,89,53
52,90,51
52,90,52
52,91,58
52,92,61
52,92,62
52,92,63
52,92,64
52,92,65
52,92,66
52,92,67
52,93,56
52,93,57
52,93,58
52,93,59
52,93,60
52,93,61
52,93,62
52,93,63
52,93,64
52,93,65
52,94,56
52,94,57
52,94,58
52,94,59
52,94,60
52,94,61
52,94,62
52,94,63
52,94,64
52,94,65
52,95,60
52,95,61
52,96,55
52,96,56
52,96,57
52,97,55
52,97,56
52,97,57
52,98,55
52,98,56
52,99,55
52,99,56
52,99,57
52,99,58
52,100,54
52,100,55
52,100,56
52,100,57
52,100,58
52,101,54
52,101,55
52,101,56
52,101,57
52,101,58
52,102,53
52,102,54
52,102,55
52,102,56
52,103,53
52,103,54
52,103,55
52,103,56
52,104,52
52,104,53
52,104,54
52,104,55
52,105,52
52,105,53
52,105,54
52,105,55
52,106,51
52,106,52
52,107,51
52,108,51
52,109,51
52,109,52
52,110,50
52,110,51
52,111,50
52,111,51
52,112,50
52,126,44
52,126,45
52,126,46
52,126,47
52,127,44
52,127,45
52,127,46
52,128,44
52,128,45
52,128,46
52,128,47
52,128,48
52,128,49
52,129,44
52,129,45
52,130,44
52,130,45
52,131,44
52,131,45
52,131,46
53,92,62
53,92,63
53,92,64
53,92,65
53,92,66
53,93,56
53,93,57
53,93,58
53,93,59
53,93,60
53,93,61
53,93,62
53,94,56
53,94,57
53,94,58
53,94,59
53,94,60
53,94,61
53,94,62
53,96,55
53,96,56
53,97,55
53,97,56
53,97,57
53,98,55
53,98,56
53,99,55
53,99,56
53,100,54
53,100,55
53,100,56
53,100,57
53,101,54
53,101,55
53,101,56
53,101,57
53,102,53
53,102,54
53,102,55
53,103,53
53,103,54
53,103,55
53,104,53
53,104,54
53,105,52
53,105,53
53,105,54
53,126,45
53,126,46
53,127,44
53,127,45
53,128,46
53,128,47
53,128,48
53,131,45
54,93,56
54,93,57
54,93,58
54,93,59
54,94,55
54,94,56
54,94,57
54,96,55
54,97,55
54,97,56
54,98,55
54,99,55
54,99,56
54,100,55
54,100,56
54,101,54
54,101,55
54,101,56
54,102,54
54,103,54
54,104,53
54,104,54
54,105,53
55,93,55
55,93,56
55,93,57
55,93,58
55,94,55
55,99,55
55,100,55
55,101,55
55,104,54
56,93,55
56,93,56
56,93,57
56,93,58
57,93,56
57,93,57
58,93,56
85,125,65
88,125,65
97,93,55
97,98,55
98,93,55
98,93,56
98,96,55
98,97,55
98,98,55
98,98,56
98,99,54
98,99,55
98,100,54
98,101,54
98,102,53
98,103,53
98,103,54
98,105,52
98,127,45
98,127,46
99,88,52
99,88,53
99,92,63
99,92,64
99,92,65
99,92,66
99,93,56
99,93,57
99,93,58
99,96,55
99,96,56
99,97,55
99,97,56
99,98,54
99,98,55
99,98,56
99,98,57
99,99,54
99,99,55
99,99,56
99,100,54
99,100,55
99,101,53
99,101,54
99,101,55
99,102,53
99,102,54
99,103,52
99,103,53
99,103,54
99,103,55
99,104,52
99,104,53
99,105,51
99,105,52
99,105,53
99,106,51
99,106,52
99,109,50
99,109,51
99,110,50
99,126,43
99,126,44
99,126,45
99,127,43
99,127,44
99,127,45
99,127,46
99,127,47
100,88,50
100,88,51
100,88,52
100,88,53
100,88,54
100,89,50
100,89,51
100,89,52
100,89,53
100,90,51
100,90,52
100,91,51
100,92,61
100,92,62
100,92,63
100,92,64
100,92,65
100,92,66
100,93,56
100,93,57
100,93,58
100,93,59
100,94,57
100,96,55
100,96,56
100,96,57
100,97,55
100,97,56
100,97,57
100,98,54
100,98,55
100,98,56
100,98,57
100,99,54
100,99,55
100,99,56
100,99,57
100,100,53
100,100,54
100,100,55
100,100,56
100,101,53
100,101,54
100,101,55
100,101,56
100,101,57
100,102,52
100,102,53
100,102,54
100,102,55
100,103,52
100,103,53
100,103,54
100,103,55
100,103,56
100,104,51
100,104,52
100,104,53
100,104,54
100,105,51
100,105,52
100,105,53
100,105,54
100,106,50
100,106,51
100,106,52
100,106,53
100,107,50
100,107,51
100,108,50
100,108,51
100,109,49
100,109,50
100,109,51
100,109,52
100,110,49
100,110,50
100,110,51
100,111,49
100,112,49
100,112,50
100,114,49
100,114,50
100,115,49
100,126,43
100,126,44
100,126,45
100,126,46
100,127,42
100,127,43
100,127,44
100,127,45
100,127,46
100,127,47
100,127,48
100,128,44
100,128,45
100,128,46
100,128,47
100,129,45
100,129,46
101,88,51
101,88,52
101,88,53
101,88,54
101,88,55
101,89,49
101,89,50
101,89,51
101,89,52
101,89,53
101,89,54
101,90,50
101,90,51
101,90,52
101,90,53
101,91,49
101,91,50
101,91,51
101,91,52
101,91,53
101,92,50
101,92,51
101,92,52
101,92,60
101,92,61
101,92,62
101,92,63
101,92,64
101,92,65
101,92,66
101,93,49
101,93,50
101,93,51
101,93,52
101,93,57
101,93,58
101,93,59
101,93,60
101,93,61
101,93,62
101,93,63
101,93,64
101,93,65
101,94,50
101,94,51
101,94,56
101,94,57
101,94,58
101,94,59
101,94,60
101,96,55
101,96,56
101,96,57
101,96,58
101,96,59
101,96,60
101,97,55
101,97,56
101,97,57
101,98,55
101,98,56
101,98,57
101,98,58
101,99,54
101,99,55
101,99,56
101,99,57
101,99,58
101,100,54
101,100,55
101,100,56
101,100,57
101,101,53
101,101,54
101,101,55
101,101,56
101,101,57
101,101,58
101,102,52
101,102,53
101,102,54
101,102,55
101,102,56
101,103,52
101,103,53
101,103,54
101,103,55
101,103,56
101,104,51
101,104,52
101,104,53
101,104,54
101,104,55
101,105,50
101,105,51
101,105,52
101,105,53
101,105,54
101,106,46
101,106,50
101,106,51
101,106,52
101,106,53
101,106,54
101,106,55
101,107,46
101,107,50
101,107,51
101,107,52
101,108,46
101,108,49
101,108,50
101,108,51
101,108,52
101,109,49
101,109,50
101,109,51
101,109,52
101,109,53
101,110,49
101,110,50
101,110,51
101,111,48
101,111,49
101,111,50
101,111,51
101,112,48
101,112,49
101,112,50
101,112,51
101,113,48
101,114,48
101,114,49
101,114,50
101,114,51
101,115,48
101,115,49
101,115,50
101,116,49
101,117,49
101,120,49
101,121,50
101,123,50
101,126,41
101,126,42
101,126,43
101,126,44
101,126,45
101,126,46
101,126,47
101,127,40
101,127,41
101,127,42
101,127,43
101,127,44
101,127,45
101,127,46
101,127,47
101,127,48
101,128,42
101,128,43
101,128,44
101,128,45
101,128,46
101,128,47
101,128,48
101,129,44
101,129,45
101,129,46
101,129,47
101,130,44
101,130,45
101,130,46
101,131,46
102,88,51
102,88,52
102,88,53
102,88,54
102,88,55
102,88,56
102,89,50
102,89,51
102,89,52
102,89,53
102,89,54
102,89,55
102,90,51
102,90,52
102,90,53
102,90,54
102,91,50
102,91,51
102,91,52
102,91,53
102,91,54
102,92,50
102,92,51
102,92,52
102,92,53
102,92,60
102,92,61
102,92,62
102,92,63
102,92,64
102,92,65
102,92,66
102,93,48
102,93,49
102,93,50
102,93,51
102,93,52
102,93,53
102,93,57
102,93,58
102,93,59
102,93,60
102,93,61
102,93,62
102,93,63
102,93,64
102,93,65
102,93,66
102,94,49
102,94,50
102,94,51
102,94,52
102,94,57
102,94,58
102,94,59
102,94,60
102,94,61
102,94,62
102,94,63
102,94,64
102,94,65
102,95,50
102,95,51
102,95,56
102,95,57
102,95,58
102,95,59
102,95,60
102,95,61
102,95,62
102,95,63
102,95,64
102,96,50
102,96,51
102,96,56
102,96,57
102,96,58
102,96,59
102,96,60
102,96,61
102,96,62
102,97,50
102,97,56
102,97,57
102,97,58
102,97,59
102,98,55
102,98,56
102,98,57
102,98,58
102,98,59
102,98,60
102,98,61
102,98,62
102,99,55
102,99,56
102,99,57
102,99,58
102,99,59
102,99,60
102,100,54
102,100,55
102,100,56
102,100,57
102,100,58
102,100,59
102,101,53
102,101,54
102,101,55
102,101,56
102,101,57
102,101,58
102,101,59
102,102,53
102,102,54
102,102,55
102,102,56
102,102,57
102,102,58
102,103,52
102,103,53
102,103,54
102,103,55
102,103,56
102,103,57
102,103,58
102,104,51
102,104,52
102,104,53
102,104,54
102,104,55
102,104,56
102,105,51
102,105,52
102,105,53
102,105,54
102,105,55
102,106,50
102,106,51
102,106,52
102,106,53
102,106,54
102,106,55
102,107,50
102,107,51
102,107,52
102,107,53
102,107,54
102,108,49
102,108,50
102,108,51
102,108,52
102,108,53
102,109,49
102,109,50
102,109,51
102,109,52
102,109,53
102,110,48
102,110,49
102,110,50
102,110,51
102,111,48
102,111,49
102,111,50
102,111,51
102,112,48
102,112,49
102,112,50
102,112,51
102,113,48
102,113,49
102,114,48
102,114,49
102,114,50
102,114,51
102,115,48
102,115,49
102,115,50
102,115,51
102,116,48
102,116,49
102,116,50
102,117,48
102,117,49
102,117,50
102,118,48
102,118,49
102,119,48
102,119,49
102,120,48
102,120,49
102,120,50
102,121,49
102,121,50
102,121,51
102,122,49
102,123,49
102,123,50
102,124,48
102,124,49
102,125,48
102,126,40
102,126,41
102,126,42
102,126,43
102,126,44
102,126,45
102,126,46
102,126,47
102,127,39
102,127,40
102,127,41
102,127,42
102,127,43
102,127,44
102,127,45
102,127,46
102,127,47
102,127,48
102,127,49
102,128,41
102,128,42
102,128,43
102,128,44
102,128,45
102,128,46
102,128,47
102,128,48
102,129,43
102,129,44
102,129,45
102,129,46
102,129,47
102,129,48
102,130,44
102,130,45
102,130,46
102,130,47
102,131,46
102,131,47
103,88,52
103,88,53
103,88,54
103,88,55
103,89,51
103,89,52
103,89,53
103,89,54
103,89,55
103,89,56
103,90,52
103,90,53
103,90,54
103,90,55
103,91,50
103,91,51
103,91,52
103,91,53
103,91,54
103,91,55
103,92,50
103,92,51
103,92,52
103,92,53
103,92,54
103,92,59
103,92,60
103,92,61
103,92,62
103,92,63
103,92,64
103,92,65
103,92,66
103,93,49
103,93,50
103,93,51
103,93,52
103,93,53
103,93,58
103,93,59
103,93,60
103,93,61
103,93,62
103,93,63
103,93,64
103,93,65
103,93,66
103,94,50
103,94,51
103,94,52
103,94,53
103,94,57
103,94,58
103,94,59
103,94,60
103,94,61
103,94,62
103,94,63
103,94,64
103,94,65
103,95,50
103,95,51
103,95,52
103,95,57
103,95,58
103,95,59
103,95,60
103,95,61
103,95,62
103,95,63
103,95,64
103,95,65
103,96,50
103,96,51
103,96,52
103,96,57
103,96,58
103,96,59
103,96,60
103,96,61
103,96,62
103,96,63
103,96,64
103,97,49
103,97,50
103,97,51
103,97,56
103,97,57
103,97,58
103,97,59
103,97,60
103,97,61
103,98,50
103,98,56
103,98,57
103,98,58
103,98,59
103,98,60
103,98,61
103,98,62
103,98,63
103,99,48
103,99,49
103,99,50
103,99,55
103,99,56
103,99,57
103,99,58
103,99,59
103,99,60
103,99,61
103,100,48
103,100,49
103,100,55
103,100,56
103,100,57
103,100,58
103,100,59
103,100,60
103,100,61
103,101,47
103,101,48
103,101,54
103,101,55
103,101,56
103,101,57
103,101,58
103,101,59
103,101,60
103,102,46
103,102,47
103,102,53
103,102,54
103,102,55
103,102,56
103,102,57
103,102,58
103,102,59
103,103,46
103,103,52
103,103,53
103,103,54
103,103,55
103,103,56
103,103,57
103,103,58
103,103,59
103,104,46
103,104,52
103,104,53
103,104,54
103,104,55
103,104,56
103,104,57
103,104,58
103,105,46
103,105,51
103,105,52
103,105,53
103,105,54
103,105,55
103,105,56
103,106,45
103,106,46
103,106,50
103,106,51
103,106,52
103,106,53
103,106,54
103,106,55
103,106,56
103,107,45
103,107,50
103,107,51
103,107,52
103,107,53
103,107,54
103,108,45
103,108,50
103,108,51
103,108,52
103,108,53
103,108,54
103,109,49
103,109,50
103,109,51
103,109,52
103,109,53
103,110,49
103,110,50
103,110,51
103,110,52
103,111,48
103,111,49
103,111,50
103,111,51
103,111,52
103,112,48
103,112,49
103,112,50
103,112,51
103,113,48
103,113,49
103,113,50
103,113,51
103,114,48
103,114,49
103,114,50
103,114,51
103,115,48
103,115,49
103,115,50
103,115,51
103,116,48
103,116,49
103,116,50
103,116,51
103,117,48
103,117,49
103,117,50
103,117,51
103,118,48
103,118,49
103,119,48
103,119,49
103,119,50
103,120,48
103,120,49
103,120,50
103,120,51
103,121,48
103,121,49
103,121,50
103,121,51
103,121,52
103,122,47
103,122,48
103,122,49
103,122,50
103,123,47
103,123,48
103,123,49
103,123,50
103,124,44
103,124,47
103,124,48
103,124,49
103,125,45
103,125,46
103,125,47
103,125,48
103,125,49
103,126,40
103,126,41
103,126,42
103,126,43
103,126,44
103,126,45
103,126,46
103,126,47
103,127,39
103,127,40
103,127,41
103,127,42
103,127,43
103,127,44
103,127,45
103,127,46
103,127,47
103,127,48
103,127,49
103,128,40
103,128,41
103,128,42
103,128,43
103,128,44
103,128,45
103,128,46
103,128,47
103,128,48
103,128,49
103,129,42
103,129,43
103,129,44
103,129,45
103,129,46
103,129,47
103,129,48
103,130,43
103,130,44
103,130,45
103,130,46
103,130,47
103,130,48
103,131,42
103,131,43
103,131,44
103,131,45
103,131,46
103,131,47
104,88,52
104,88,53
104,89,51
104,89,52
104,89,53
104,89,54
104,89,55
104,89,56
104,89,57
104,90,52
104,90,53
104,90,54
104,90,55
104,90,56
104,91,50
104,91,51
104,91,52
104,91,53
104,91,54
104,91,55
104,91,56
104,92,50
104,92,51
104,92,52
104,92,53
104,92,54
104,92,55
104,92,60
104,92,61
104,92,62
104,92,63
104,92,64
104,92,65
104,92,66
104,93,50
104,93,51
104,93,52
104,93,53
104,93,54
104,93,59
104,93,60
104,93,61
104,93,62
104,93,63
104,93,64
104,93,65
104,93,66
104,94,50
104,94,51
104,94,52
104,94,53
104,94,54
104,94,58
104,94,59
104,94,60
104,94,61
104,94,62
104,94,63
104,94,64
104,94,65
104,95,50
104,95,51
104,95,52
104,95,53
104,95,58
104,95,59
104,95,60
104,95,61
104,95,62
104,95,63
104,95,64
104,95,65
104,96,50
104,96,51
104,96,52
104,96,53
104,96,57
104,96,58
104,96,59
104,96,60
104,96,61
104,96,62
104,96,63
104,96,64
104,97,49
104,97,50
104,97,51
104,97,52
104,97,57
104,97,58
104,97,59
104,97,60
104,97,61
104,97,62
104,97,63
104,97,64
104,98,49
104,98,50
104,98,51
104,98,56
104,98,57
104,98,58
104,98,59
104,98,60
104,98,61
104,98,62
104,98,63
104,99,48
104,99,49
104,99,50
104,99,51
104,99,56
104,99,57
104,99,58
104,99,59
104,99,60
104,99,61
104,99,62
104,99,63
104,100,48
104,100,49
104,100,50
104,100,55
104,100,56
104,100,57
104,100,58
104,100,59
104,100,60
104,100,61
104,100,62
104,101,48
104,101,49
104,101,54
104,101,55
104,101,56
104,101,57
104,101,58
104,101,59
104,101,60
104,101,61
104,102,46
104,102,47
104,102,48
104,102,54
104,102,55
104,102,56
104,102,57
104,102,58
104,102,59
104,102,60
104,102,61
104,103,45
104,103,46
104,103,47
104,103,48
104,103,53
104,103,54
104,103,55
104,103,56
104,103,57
104,103,58
104,103,59
104,103,60
104,104,45
104,104,46
104,104,47
104,104,52
104,104,53
104,104,54
104,104,55
104,104,56
104,104,57
104,104,58
104,104,59
104,105,44
104,105,45
104,105,46
104,105,47
104,105,52
104,105,53
104,105,54
104,105,55
104,105,56
104,105,57
104,106,45
104,106,46
104,106,51
104,106,52
104,106,53
104,106,54
104,106,55
104,106,56
104,106,57
104,107,44
104,107,45
104,107,46
104,107,51
104,107,52
104,107,53
104,107,54
104,107,55
104,108,44
104,108,45
104,108,46
104,108,50
104,108,51
104,108,52
104,108,53
104,108,54
104,108,55
104,109,43
104,109,44
104,109,45
104,109,50
104,109,51
104,109,52
104,109,53
104,109,54
104,109,55
104,110,43
104,110,44
104,110,45
104,110,49
104,110,50
104,110,51
104,110,52
104,110,53
104,111,44
104,111,45
104,111,49
104,111,50
104,111,51
104,111,52
104,111,53
104,112,42
104,112,43
104,112,44
104,112,45
104,112,49
104,112,50
104,112,51
104,112,52
104,112,53
104,113,43
104,113,44
104,113,45
104,113,48
104,113,49
104,113,50
104,113,51
104,114,48
104,114,49
104,114,50
104,114,51
104,114,52
104,115,48
104,115,49
104,115,50
104,115,51
104,115,52
104,116,48
104,116,49
104,116,50
104,116,51
104,117,47
104,117,48
104,117,49
104,117,50
104,117,51
104,118,47
104,118,48
104,118,49
104,119,47
104,119,48
104,119,49
104,119,50
104,120,47
104,120,48
104,120,49
104,120,50
104,120,51
104,121,46
104,121,47
104,121,48
104,121,49
104,121,50
104,121,51
104,122,46
104,122,47
104,122,48
104,122,49
104,122,50
104,123,44
104,123,45
104,123,46
104,123,47
104,123,48
104,123,49
104,123,50
104,124,43
104,124,44
104,124,45
104,124,46
104,124,47
104,124,48
104,124,49
104,124,50
104,125,45
104,125,46
104,125,47
104,125,48
104,125,49
104,126,40
104,126,41
104,126,42
104,126,43
104,126,44
104,126,45
104,126,46
104,126,47
104,127,38
104,127,39
104,127,40
104,127,41
104,127,42
104,127,43
104,127,44
104,127,45
104,127,46
104,127,47
104,127,48
104,127,49
104,128,39
104,128,40
104,128,41
104,128,42
104,128,43
104,128,44
104,128,45
104,128,46
104,128,47
104,128,48
104,128,49
104,129,42
104,129,43
104,129,44
104,129,45
104,129,46
104,129,47
104,129,48
104,130,41
104,130,42
104,130,43
104,130,44
104,130,45
104,130,46
104,130,47
104,130,48
104,130,49
104,131,42
104,131,43
104,131,44
104,131,45
104,131,46
104,131,47
104,131,48
105,89,53
105,89,54
105,89,55
105,89,56
105,89,57
105,89,58
105,90,53
105,90,54
105,90,55
105,90,56
105,90,57
105,91,50
105,91,51
105,91,52
105,91,53
105,91,54
105,91,55
105,91,56
105,91,57
105,91,60
105,92,51
105,92,52
105,92,53
105,92,54
105,92,55
105,92,56
105,92,60
105,92,61
105,92,62
105,92,63
105,92,64
105,92,65
105,92,66
105,93,50
105,93,51
105,93,52
105,93,53
105,93,54
105,93,55
105,93,60
105,93,61
105,93,62
105,93,63
105,93,64
105,93,65
105,94,51
105,94,52
105,94,53
105,94,54
105,94,55
105,94,59
105,94,60
105,94,61
105,94,62
105,94,63
105,94,64
105,94,65
105,95,50
105,95,51
105,95,52
105,95,53
105,95,54
105,95,58
105,95,59
105,95,60
105,95,61
105,95,62
105,95,63
105,95,64
105,95,65
105,96,49
105,96,50
105,96,51
105,96,52
105,96,53
105,96,54
105,96,58
105,96,59
105,96,60
105,96,61
105,96,62
105,96,63
105,96,64
105,96,65
105,97,48
105,97,49
105,97,50
105,97,51
105,97,52
105,97,53
105,97,57
105,97,58
105,97,59
105,97,60
105,97,61
105,97,62
105,97,63
105,97,64
105,98,49
105,98,50
105,98,51
105,98,52
105,98,57
105,98,58
105,98,59
105,98,60
105,98,61
105,98,62
105,98,63
105,98,64
105,99,48
105,99,49
105,99,50
105,99,51
105,99,52
105,99,56
105,99,57
105,99,58
105,99,59
105,99,60
105,99,61
105,99,62
105,99,63
105,100,48
105,100,49
105,100,50
105,100,51
105,100,55
105,100,56
105,100,57
105,100,58
105,100,59
105,100,60
105,100,61
105,100,62
105,100,63
105,101,48
105,101,49
105,101,50
105,101,55
105,101,56
105,101,57
105,101,58
105,101,59
105,101,60
105,101,61
105,101,62
105,102,46
105,102,47
105,102,48
105,102,49
105,102,54
105,102,55
105,102,56
105,102,57
105,102,58
105,102,59
105,102,60
105,102,61
105,102,62
105,103,45
105,103,46
105,103,47
105,103,48
105,103,49
105,103,53
105,103,54
105,103,55
105,103,56
105,103,57
105,103,58
105,103,59
105,103,60
105,103,61
105,104,45
105,104,46
105,104,47
105,104,48
105,104,53
105,104,54
105,104,55
105,104,56
105,104,57
105,104,58
105,104,59
105,104,60
105,105,44
105,105,45
105,105,46
105,105,47
105,105,48
105,105,52
105,105,53
105,105,54
105,105,55
105,105,56
105,105,57
105,105,58
105,105,59
105,106,45
105,106,46
105,106,47
105,106,51
105,106,52
105,106,53
105,106,54
105,106,55
105,106,56
105,106,57
105,106,58
105,107,44
105,107,45
105,107,46
105,107,47
105,107,51
105,107,52
105,107,53
105,107,54
105,107,55
105,107,56
105,107,57
105,108,44
105,108,45
105,108,46
105,108,47
105,108,50
105,108,51
105,108,52
105,108,53
105,108,54
105,108,55
105,108,56
105,109,43
105,109,44
105,109,45
105,109,46
105,109,50
105,109,51
105,109,52
105,109,53
105,109,54
105,109,55
105,109,56
105,110,43
105,110,44
105,110,45
105,110,46
105,110,50
105,110,51
105,110,52
105,110,53
105,110,54
105,111,44
105,111,45
105,111,46
105,111,49
105,111,50
105,111,51
105,111,52
105,111,53
105,111,54
105,111,55
105,112,42
105,112,43
105,112,44
105,112,45
105,112,46
105,112,49
105,112,50
105,112,51
105,112,52
105,112,53
105,112,54
105,113,41
105,113,42
105,113,43
105,113,44
105,113,45
105,113,46
105,113,49
105,113,50
105,113,51
105,113,52
105,114,44
105,114,45
105,114,46
105,114,48
105,114,49
105,114,50
105,114,51
105,114,52
105,114,53
105,115,43
105,115,44
105,115,45
105,115,46
105,115,47
105,115,48
105,115,49
105,115,50
105,115,51
105,115,52
105,115,53
105,116,42
105,116,43
105,116,44
105,116,45
105,116,46
105,116,47
105,116,48
105,116,49
105,116,50
105,116,51
105,116,52
105,117,43
105,117,44
105,117,45
105,117,46
105,117,47
105,117,48
105,117,49
105,117,50
105,117,51
105,118,43
105,118,44
105,118,45
105,118,46
105,118,47
105,118,48
105,118,49
105,118,50
105,119,44
105,119,45
105,119,46
105,119,47
105,119,48
105,119,49
105,119,50
105,119,51
105,120,43
105,120,44
105,120,45
105,120,46
105,120,47
105,120,48
105,120,49
105,120,50
105,120,51
105,121,45
105,121,46
105,121,47
105,121,48
105,121,49
105,121,50
105,121,51
105,122,44
105,122,45
105,122,46
105,122,47
105,122,48
105,122,49
105,122,50
105,123,44
105,123,45
105,123,46
105,123,47
105,123,48
105,123,49
105,123,50
105,124,43
105,124,44
105,124,45
105,124,46
105,124,47
105,124,48
105,124,49
105,124,50
105,125,43
105,125,44
105,125,45
105,125,46
105,125,47
105,125,48
105,125,49
105,126,39
105,126,40
105,126,41
105,126,42
105,126,43
105,126,44
105,126,45
105,126,46
105,126,47
105,127,38
105,127,39
105,127,40
105,127,41
105,127,42
105,127,43
105,127,44
105,127,45
105,127,46
105,127,47
105,127,48
105,127,49
105,128,39
105,128,40
105,128,41
105,128,42
105,128,43
105,128,44
105,128,45
105,128,46
105,128,47
105,128,48
105,128,49
105,129,41
105,129,42
105,129,43
105,129,44
105,129,45
105,129,46
105,129,47
105,129,48
105,129,49
105,130,41
105,130,42
105,130,43
105,130,44
105,130,45
105,130,46
105,130,47
105,130,48
105,130,49
105,131,44
105,131,45
105,131,46
105,131,47
105,131,48
106,89,54
106,89,55
106,89,56
106,89,57
106,89,58
106,90,53
106,90,54
106,90,55
106,90,56
106,90,57
106,90,58
106,91,50
106,91,51
106,91,52
106,91,53
106,91,54
106,91,55
106,91,56
106,91,57
106,91,58
106,91,59
106,91,60
106,91,61
106,91,62
106,92,52
106,92,53
106,92,54
106,92,55
106,92,56
106,92,57
106,92,59
106,92,60
106,92,61
106,92,62
106,92,63
106,92,64
106,92,65
106,93,51
106,93,52
106,93,53
106,93,54
106,93,55
106,93,56
106,93,59
106,93,60
106,93,61
106,93,62
106,93,63
106,93,64
106,93,65
106,94,51
106,94,52
106,94,53
106,94,54
106,94,55
106,94,59
106,94,60
106,94,61
106,94,62
106,94,63
106,94,64
106,94,65
106,95,50
106,95,51
106,95,52
106,95,53
106,95,54
106,95,55
106,95,58
106,95,59
106,95,60
106,95,61
106,95,62
106,95,63
106,95,64
106,95,65
106,96,49
106,96,50
106,96,51
106,96,52
106,96,53
106,96,54
106,96,58
106,96,59
106,96,60
106,96,61
106,96,62
106,96,63
106,96,64
106,97,48
106,97,49
106,97,50
106,97,51
106,97,52
106,97,53
106,97,54
106,97,57
106,97,58
106,97,59
106,97,60
106,97,61
106,97,62
106,97,63
106,97,64
106,98,49
106,98,50
106,98,51
106,98,52
106,98,53
106,98,57
106,98,58
106,98,59
106,98,60
106,98,61
106,98,62
106,98,63
106,99,48
106,99,49
106,99,50
106,99,51
106,99,52
106,99,53
106,99,56
106,99,57
106,99,58
106,99,59
106,99,60
106,99,61
106,99,62
106,99,63
106,100,48
106,100,49
106,100,50
106,100,51
106,100,52
106,100,55
106,100,56
106,100,57
106,100,58
106,100,59
106,100,60
106,100,61
106,100,62
106,100,63
106,101,48
106,101,49
106,101,50
106,101,51
106,101,55
106,101,56
106,101,57
106,101,58
106,101,59
106,101,60
106,101,61
106,101,62
106,102,45
106,102,46
106,102,47
106,102,48
106,102,49
106,102,50
106,102,54
106,102,55
106,102,56
106,102,57
106,102,58
106,102,59
106,102,60
106,102,61
106,102,62
106,103,45
106,103,46
106,103,47
106,103,48
106,103,49
106,103,50
106,103,53
106,103,54
106,103,55
106,103,56
106,103,57
106,103,58
106,103,59
106,103,60
106,103,61
106,104,45
106,104,46
106,104,47
106,104,48
106,104,49
106,104,53
106,104,54
106,104,55
106,104,56
106,104,57
106,104,58
106,104,59
106,104,60
106,104,61
106,105,44
106,105,45
106,105,46
106,105,47
106,105,48
106,105,49
106,105,52
106,105,53
106,105,54
106,105,55
106,105,56
106,105,57
106,105,58
106,105,59
106,106,45
106,106,46
106,106,47
106,106,48
106,106,52
106,106,53
106,106,54
106,106,55
106,106,56
106,106,57
106,106,58
106,106,59
106,107,45
106,107,46
106,107,47
106,107,48
106,107,51
106,107,52
106,107,53
106,107,54
106,107,55
106,107,56
106,107,57
106,107,58
106,108,44
106,108,45
106,108,46
106,108,47
106,108,48
106,108,51
106,108,52
106,108,53
106,108,54
106,108,55
106,108,56
106,108,57
106,109,43
106,109,44
106,109,45
106,109,46
106,109,47
106,109,50
106,109,51
106,109,52
106,109,53
106,109,54
106,109,55
106,109,56
106,109,57
106,110,43
106,110,44
106,110,45
106,110,46
106,110,47
106,110,49
106,110,50
106,110,51
106,110,52
106,110,53
106,110,54
106,110,55
106,110,56
106,111,44
106,111,45
106,111,46
106,111,47
106,111,49
106,111,50
106,111,51
106,111,52
106,111,53
106,111,54
106,111,55
106,111,56
106,112,42
106,112,43
106,112,44
106,112,45
106,112,46
106,112,47
106,112,48
106,112,49
106,112,50
106,112,51
106,112,52
106,112,53
106,112,54
106,112,55
106,113,42
106,113,43
106,113,44
106,113,45
106,113,46
106,113,47
106,113,48
106,113,49
106,113,50
106,113,51
106,113,52
106,113,53
106,113,54
106,114,44
106,114,45
106,114,46
106,114,47
106,114,48
106,114,49
106,114,50
106,114,51
106,114,52
106,114,53
106,114,54
106,115,43
106,115,44
106,115,45
106,115,46
106,115,47
106,115,48
106,115,49
106,115,50
106,115,51
106,115,52
106,115,53
106,116,42
106,116,43
106,116,44
106,116,45
106,116,46
106,116,47
106,116,48
106,116,49
106,116,50
106,116,51
106,116,52
106,116,53
106,117,42
106,117,43
106,117,44
106,117,45
106,117,46
106,117,47
106,117,48
106,117,49
106,117,50
106,117,51
106,117,52
106,118,42
106,118,43
106,118,44
106,118,45
106,118,46
106,118,47
106,118,48
106,118,49
106,118,50
106,118,51
106,119,41
106,119,42
106,119,43
106,119,44
106,119,45
106,119,46
106,119,47
106,119,48
106,119,49
106,119,50
106,119,51
106,120,43
106,120,44
106,120,45
106,120,46
106,120,47
106,120,48
106,120,49
106,120,50
106,120,51
106,120,52
106,121,44
106,121,45
106,121,46
106,121,47
106,121,48
106,121,49
106,121,50
106,121,51
106,122,43
106,122,44
106,122,45
106,122,46
106,122,47
106,122,48
106,122,49
106,122,50
106,123,43
106,123,44
106,123,45
106,123,46
106,123,47
106,123,48
106,123,49
106,123,50
106,124,42
106,124,43
106,124,44
106,124,45
106,124,46
106,124,47
106,124,48
106,124,49
106,124,50
106,125,42
106,125,43
106,125,44
106,125,45
106,125,46
106,125,47
106,125,48
106,126,37
106,126,38
106,126,39
106,126,40
106,126,41
106,126,42
106,126,43
106,126,44
106,126,45
106,126,46
106,126,47
106,126,48
106,127,38
106,127,39
106,127,40
106,127,41
106,127,42
106,127,43
106,127,44
106,127,45
106,127,46
106,127,47
106,127,48
106,127,49
106,127,50
106,128,39
106,128,40
106,128,41
106,128,42
106,128,43
106,128,44
106,128,45
106,128,46
106,128,47
106,128,48
106,128,49
106,129,40
106,129,41
106,129,42
106,129,43
106,129,44
106,129,45
106,129,46
106,129,47
106,129,48
106,129,49
106,130,43
106,130,44
106,130,45
106,130,46
106,130,47
106,130,48
106,130,49
107,89,54
107,89,55
107,89,56
107,89,57
107,90,54
107,90,55
107,90,56
107,90,57
107,91,50
107,91,51
107,91,52
107,91,53
107,91,54
107,91,55
107,91,56
107,91,57
107,91,58
107,91,59
107,91,60
107,91,61
107,91,62
107,91,63
107,91,64
107,92,52
107,92,53
107,92,54
107,92,55
107,92,56
107,92,57
107,92,58
107,92,59
107,92,60
107,92,61
107,92,62
107,92,63
107,92,64
107,92,65
107,93,52
107,93,53
107,93,54
107,93,55
107,93,56
107,93,57
107,93,58
107,93,59
107,93,60
107,93,61
107,93,62
107,93,63
107,93,64
107,93,65
107,94,51
107,94,52
107,94,53
107,94,54
107,94,55
107,94,56
107,94,57
107,94,58
107,94,59
107,94,60
107,94,61
107,94,62
107,94,63
107,94,64
107,95,51
107,95,52
107,95,53
107,95,54
107,95,55
107,95,56
107,95,57
107,95,58
107,95,59
107,95,60
107,95,61
107,95,62
107,95,63
107,95,64
107,96,50
107,96,51
107,96,52
107,96,53
107,96,54
107,96,55
107,96,56
107,96,57
107,96,58
107,96,59
107,96,60
107,96,61
107,96,62
107,96,63
107,96,64
107,97,49
107,97,50
107,97,51
107,97,52
107,97,53
107,97,54
107,97,55
107,97,56
107,97,57
107,97,58
107,97,59
107,97,60
107,97,61
107,97,62
107,97,63
107,98,49
107,98,50
107,98,51
107,98,52
107,98,53
107,98,54
107,98,55
107,98,56
107,98,57
107,98,58
107,98,59
107,98,60
107,98,61
107,98,62
107,98,63
107,99,48
107,99,49
107,99,50
107,99,51
107,99,52
107,99,53
107,99,54
107,99,55
107,99,56
107,99,57
107,99,58
107,99,59
107,99,60
107,99,61
107,99,62
107,99,63
107,100,48
107,100,49
107,100,50
107,100,51
107,100,52
107,100,53
107,100,54
107,100,55
107,100,56
107,100,57
107,100,58
107,100,59
107,100,60
107,100,61
107,100,62
107,101,48
107,101,49
107,101,50
107,101,51
107,101,52
107,101,53
107,101,54
107,101,55
107,101,56
107,101,57
107,101,58
107,101,59
107,101,60
107,101,61
107,101,62
107,102,45
107,102,46
107,102,47
107,102,48
107,102,49
107,102,50
107,102,51
107,102,52
107,102,53
107,102,54
107,102,55
107,102,56
107,102,57
107,102,58
107,102,59
107,102,60
107,102,61
107,103,45
107,103,46
107,103,47
107,103,48
107,103,49
107,103,50
107,103,51
107,103,52
107,103,53
107,103,54
107,103,55
107,103,56
107,103,57
107,103,58
107,103,59
107,103,60
107,103,61
107,104,45
107,104,46
107,104,47
107,104,48
107,104,49
107,104,50
107,104,51
107,104,52
107,104,53
107,104,54
107,104,55
107,104,56
107,104,57
107,104,58
107,104,59
107,104,60
107,105,44
107,105,45
107,105,46
107,105,47
107,105,48
107,105,49
107,105,50
107,105,51
107,105,52
107,105,53
107,105,54
107,105,55
107,105,56
107,105,57
107,105,58
107,105,59
107,105,60
107,106,45
107,106,46
107,106,47
107,106,48
107,106,49
107,106,51
107,106,52
107,106,53
107,106,54
107,106,55
107,106,56
107,106,57
107,106,58
107,106,59
107,107,45
107,107,46
107,107,47
107,107,48
107,107,49
107,107,50
107,107,51
107,107,52
107,107,53
107,107,54
107,107,55
107,107,56
107,107,57
107,107,58
107,108,44
107,108,45
107,108,46
107,108,47
107,108,48
107,108,49
107,108,50
107,108,51
107,108,52
107,108,53
107,108,54
107,108,55
107,108,56
107,108,57
107,109,43
107,109,44
107,109,45
107,109,46
107,109,47
107,109,48
107,109,49
107,109,50
107,109,51
107,109,52
107,109,53
107,109,54
107,109,55
107,109,56
107,109,57
107,110,43
107,110,44
107,110,45
107,110,46
107,110,47
107,110,48
107,110,49
107,110,50
107,110,51
107,110,52
107,110,53
107,110,54
107,110,55
107,110,56
107,110,57
107,111,44
107,111,45
107,111,46
107,111,47
107,111,48
107,111,49
107,111,50
107,111,51
107,111,52
107,111,53
107,111,54
107,111,55
107,111,56
107,112,42
107,112,43
107,112,44
107,112,45
107,112,46
107,112,47
107,112,48
107,112,49
107,112,50
107,112,51
107,112,52
107,112,53
107,112,54
107,112,55
107,112,56
107,113,42
107,113,43
107,113,44
107,113,45
107,113,46
107,113,47
107,113,48
107,113,49
107,113,50
107,113,51
107,113,52
107,113,53
107,113,54
107,113,55
107,114,44
107,114,45
107,114,46
107,114,47
107,114,48
107,114,49
107,114,50
107,114,51
107,114,52
107,114,53
107,114,54
107,114,55
107,115,43
107,115,44
107,115,45
107,115,46
107,115,47
107,115,48
107,115,49
107,115,50
107,115,51
107,115,52
107,115,53
107,115,54
107,116,42
107,116,43
107,116,44
107,116,45
107,116,46
107,116,47
107,116,48
107,116,49
107,116,50
107,116,51
107,116,52
107,116,53
107,116,54
107,117,41
107,117,42
107,117,43
107,117,44
107,117,45
107,117,46
107,117,47
107,117,48
107,117,49
107,117,50
107,117,51
107,117,52
107,117,53
107,118,41
107,118,42
107,118,43
107,118,44
107,118,45
107,118,46
107,118,47
107,118,48
107,118,49
107,118,50
107,118,51
107,118,52
107,119,41
107,119,42
107,119,43
107,119,44
107,119,45
107,119,46
107,119,47
107,119,48
107,119,49
107,119,50
107,119,51
107,119,52
107,120,42
107,120,43
107,120,44
107,120,45
107,120,46
107,120,47
107,120,48
107,120,49
107,120,50
107,120,51
107,120,52
107,121,44
107,121,45
107,121,46
107,121,47
107,121,48
107,121,49
107,121,50
107,121,51
107,121,52
107,122,43
107,122,44
107,122,45
107,122,46
107,122,47
107,122,48
107,122,49
107,122,50
107,122,51
107,123,42
107,123,43
107,123,44
107,123,45
107,123,46
107,123,47
107,123,48
107,123,49
107,123,50
107,123,51
107,124,42
107,124,43
107,124,44
107,124,45
107,124,46
107,124,47
107,124,48
107,124,49
107,125,40
107,125,41
107,125,42
107,125,43
107,125,44
107,125,45
107,125,46
107,125,47
107,125,48
107,126,37
107,126,38
107,126,39
107,126,40
107,126,41
107,126,42
107,126,43
107,126,44
107,126,45
107,126,46
107,126,47
107,127,38
107,127,39
107,127,40
107,127,41
107,127,42
107,127,43
107,127,44
107,127,45
107,127,46
107,127,47
107,127,48
107,127,49
107,128,39
107,128,40
107,128,41
107,128,42
107,128,43
107,128,44
107,128,45
107,128,46
107,128,47
107,128,48
107,129,42
107,129,43
107,129,44
107,129,45
107,129,46
107,129,47
107,129,48
108,89,54
108,89,55
108,89,56
108,89,57
108,90,54
108,90,55
108,90,56
108,90,57
108,91,53
108,91,54
108,91,55
108,91,56
108,91,57
108,91,58
108,91,59
108,91,60
108,91,61
108,91,62
108,91,63
108,91,64
108,92,52
108,92,53
108,92,54
108,92,55
108,92,56
108,92,57
108,92,58
108,92,59
108,92,60
108,92,61
108,92,62
108,92,63
108,92,64
108,93,52
108,93,53
108,93,54
108,93,55
108,93,56
108,93,57
108,93,58
108,93,59
108,93,60
108,93,61
108,93,62
108,93,63
108,93,64
108,94,51
108,94,52
108,94,53
108,94,54
108,94,55
108,94,56
108,94,57
108,94,58
108,94,59
108,94,60
108,94,61
108,94,62
108,94,63
108,94,64
108,95,51
108,95,52
108,95,53
108,95,54
108,95,55
108,95,56
108,95,57
108,95,58
108,95,59
108,95,60
108,95,61
108,95,62
108,95,63
108,95,64
108,96,50
108,96,51
108,96,52
108,96,53
108,96,54
108,96,55
108,96,56
108,96,57
108,96,58
108,96,59
108,96,60
108,96,61
108,96,62
108,96,63
108,97,49
108,97,50
108,97,51
108,97,52
108,97,53
108,97,54
108,97,55
108,97,56
108,97,57
108,97,58
108,97,59
108,97,60
108,97,61
108,97,62
108,97,63
108,98,49
108,98,50
108,98,51
108,98,52
108,98,53
108,98,54
108,98,55
108,98,56
108,98,57
108,98,58
108,98,59
108,98,60
108,98,61
108,98,62
108,98,63
108,99,48
108,99,49
108,99,50
108,99,51
108,99,52
108,99,53
108,99,54
108,99,55
108,99,56
108,99,57
108,99,58
108,99,59
108,99,60
108,99,61
108,99,62
108,100,48
108,100,49
108,100,50
108,100,51
108,100,52
108,100,53
108,100,54
108,100,55
108,100,56
108,100,57
108,100,58
108,100,59
108,100,60
108,100,61
108,100,62
108,101,47
108,101,48
108,101,49
108,101,50
108,101,51
108,101,52
108,101,53
108,101,54
108,101,55
108,101,56
108,101,57
108,101,58
108,101,59
108,101,60
108,101,61
108,102,46
108,102,47
108,102,48
108,102,49
108,102,50
108,102,51
108,102,52
108,102,53
108,102,54
108,102,55
108,102,56
108,102,57
108,102,58
108,102,59
108,102,60
108,102,61
108,103,46
108,103,47
108,103,48
108,103,49
108,103,50
108,103,51
108,103,52
108,103,53
108,103,54
108,103,55
108,103,56
108,103,57
108,103,58
108,103,59
108,103,60
108,103,61
108,104,45
108,104,46
108,104,47
108,104,48
108,104,49
108,104,50
108,104,51
108,104,52
108,104,53
108,104,54
108,104,55
108,104,56
108,104,57
108,104,58
108,104,59
108,104,60
108,105,44
108,105,45
108,105,46
108,105,47
108,105,48
108,105,49
108,105,50
108,105,51
108,105,52
108,105,53
108,105,54
108,105,55
108,105,56
108,105,57
108,105,58
108,105,59
108,106,44
108,106,45
108,106,46
108,106,47
108,106,48
108,106,49
108,106,50
108,106,51
108,106,52
108,106,53
108,106,54
108,106,55
108,106,56
108,106,57
108,106,58
108,106,59
108,107,44
108,107,45
108,107,46
108,107,47
108,107,48
108,107,49
108,107,50
108,107,51
108,107,52
108,107,53
108,107,54
108,107,55
108,107,56
108,107,57
108,107,58
108,108,45
108,108,46
108,108,47
108,108,48
108,108,49
108,108,50
108,108,51
108,108,52
108,108,53
108,108,54
108,108,55
108,108,56
108,108,57
108,108,58
108,109,44
108,109,45
108,109,46
108,109,47
108,109,48
108,109,49
108,109,50
108,109,51
108,109,52
108,109,53
108,109,54
108,109,55
108,109,56
108,109,57
108,110,43
108,110,44
108,110,45
108,110,46
108,110,47
108,110,48
108,110,49
108,110,50
108,110,51
108,110,52
108,110,53
108,110,54
108,110,55
108,110,56
108,110,57
108,111,44
108,111,45
108,111,46
108,111,47
108,111,48
108,111,49
108,111,50
108,111,51
108,111,52
108,111,53
108,111,54
108,111,55
108,111,56
108,112,42
108,112,43
108,112,44
108,112,45
108,112,46
108,112,47
108,112,48
108,112,49
108,112,50
108,112,51
108,112,52
108,112,53
108,112,54
108,112,55
108,112,56
108,113,42
108,113,43
108,113,44
108,113,45
108,113,46
108,113,47
108,113,48
108,113,49
108,113,50
108,113,51
108,113,52
108,113,53
108,113,54
108,113,55
108,114,44
108,114,45
108,114,46
108,114,47
108,114,48
108,114,49
108,114,50
108,114,51
108,114,52
108,114,53
108,114,54
108,114,55
108,115,42
108,115,43
108,115,44
108,115,45
108,115,46
108,115,47
108,115,48
108,115,49
108,115,50
108,115,51
108,115,52
108,115,53
108,115,54
108,115,55
108,116,42
108,116,43
108,116,44
108,116,45
108,116,46
108,116,47
108,116,48
108,116,49
108,116,50
108,116,51
108,116,52
108,116,53
108,116,54
108,117,41
108,117,42
108,117,43
108,117,44
108,117,45
108,117,46
108,117,47
108,117,48
108,117,49
108,117,50
108,117,51
108,117,52
108,117,53
108,117,54
108,118,41
108,118,42
108,118,43
108,118,44
108,118,45
108,118,46
108,118,47
108,118,48
108,118,49
108,118,50
108,118,51
108,118,52
108,118,53
108,119,39
108,119,40
108,119,41
108,119,42
108,119,43
108,119,44
108,119,45
108,119,46
108,119,47
108,119,48
108,119,49
108,119,50
108,119,51
108,119,52
108,120,40
108,120,41
108,120,42
108,120,43
108,120,44
108,120,45
108,120,46
108,120,47
108,120,48
108,120,49
108,120,50
108,120,51
108,120,52
108,121,43
108,121,44
108,121,45
108,121,46
108,121,47
108,121,48
108,121,49
108,121,50
108,121,51
108,122,42
108,122,43
108,122,44
108,122,45
108,122,46
108,122,47
108,122,48
108,122,49
108,122,50
108,122,51
108,123,42
108,123,43
108,123,44
108,123,45
108,123,46
108,123,47
108,123,48
108,123,49
108,123,50
108,124,41
108,124,42
108,124,43
108,124,44
108,124,45
108,124,46
108,124,47
108,124,48
108,124,49
108,125,39
108,125,40
108,125,41
108,125,42
108,125,43
108,125,44
108,125,45
108,125,46
108,125,47
108,125,48
108,125,49
108,126,38
108,126,39
108,126,40
108,126,41
108,126,42
108,126,43
108,126,44
108,126,45
108,126,46
108,126,47
108,127,40
108,127,41
108,127,42
108,127,43
108,127,44
108,127,45
108,127,46
108,127,47
108,128,41
108,128,42
108,128,43
108,128,44
108,128,45
108,128,46
109,89,55
109,90,54
109,90,55
109,90,56
109,90,57
109,90,58
109,91,53
109,91,54
109,91,55
109,91,56
109,91,57
109,91,58
109,91,59
109,91,60
109,91,61
109,91,62
109,91,63
109,91,64
109,92,52
109,92,53
109,92,54
109,92,55
109,92,56
109,92,57
109,92,58
109,92,59
109,92,60
109,92,61
109,92,62
109,92,63
109,93,52
109,93,53
109,93,54
109,93,55
109,93,56
109,93,57
109,93,58
109,93,59
109,93,60
109,93,61
109,93,62
109,93,63
109,94,51
109,94,52
109,94,53
109,94,54
109,94,55
109,94,56
109,94,57
109,94,58
109,94,59
109,94,60
109,94,61
109,94,62
109,94,63
109,95,51
109,95,52
109,95,53
109,95,54
109,95,55
109,95,56
109,95,57
109,95,58
109,95,59
109,95,60
109,95,61
109,95,62
109,95,63
109,96,50
109,96,51
109,96,52
109,96,53
109,96,54
109,96,55
109,96,56
109,96,57
109,96,58
109,96,59
109,96,60
109,96,61
109,96,62
109,96,63
109,97,49
109,97,50
109,97,51
109,97,52
109,97,53
109,97,54
109,97,55
109,97,56
109,97,57
109,97,58
109,97,59
109,97,60
109,97,61
109,97,62
109,98,49
109,98,50
109,98,51
109,98,52
109,98,53
109,98,54
109,98,55
109,98,56
109,98,57
109,98,58
109,98,59
109,98,60
109,98,61
109,98,62
109,99,48
109,99,49
109,99,50
109,99,51
109,99,52
109,99,53
109,99,54
109,99,55
109,99,56
109,99,57
109,99,58
109,99,59
109,99,60
109,99,61
109,100,48
109,100,49
109,100,50
109,100,51
109,100,52
109,100,53
109,100,54
109,100,55
109,100,56
109,100,57
109,100,58
109,100,59
109,100,60
109,100,61
109,101,47
109,101,48
109,101,49
109,101,50
109,101,51
109,101,52
109,101,53
109,101,54
109,101,55
109,101,56
109,101,57
109,101,58
109,101,59
109,101,60
109,102,46
109,102,47
109,102,48
109,102,49
109,102,50
109,102,51
109,102,52
109,102,53
109,102,54
109,102,55
109,102,56
109,102,57
109,102,58
109,102,59
109,102,60
109,103,46
109,103,47
109,103,48
109,103,49
109,103,50
109,103,51
109,103,52
109,103,53
109,103,54
109,103,55
109,103,56
109,103,57
109,103,58
109,103,59
109,103,60
109,104,45
109,104,46
109,104,47
109,104,48
109,104,49
109,104,50
109,104,51
109,104,52
109,104,53
109,104,54
109,104,55
109,104,56
109,104,57
109,104,58
109,104,59
109,105,45
109,105,46
109,105,47
109,105,48
109,105,49
109,105,50
109,105,51
109,105,52
109,105,53
109,105,54
109,105,55
109,105,56
109,105,57
109,105,58
109,105,59
109,106,44
109,106,45
109,106,46
109,106,47
109,106,48
109,106,49
109,106,50
109,106,51
109,106,52
109,106,53
109,106,54
109,106,55
109,106,56
109,106,57
109,106,58
109,107,44
109,107,45
109,107,46
109,107,47
109,107,48
109,107,49
109,107,50
109,107,51
109,107,52
109,107,53
109,107,54
109,107,55
109,107,56
109,107,57
109,107,58
109,108,45
109,108,46
109,108,47
109,108,48
109,108,49
109,108,50
109,108,51
109,108,52
109,108,53
109,108,54
109,108,55
109,108,56
109,108,57
109,109,44
109,109,45
109,109,46
109,109,47
109,109,48
109,109,49
109,109,50
109,109,51
109,109,52
109,109,53
109,109,54
109,109,55
109,109,56
109,109,57
109,110,43
109,110,44
109,110,45
109,110,46
109,110,47
109,110,48
109,110,49
109,110,50
109,110,51
109,110,52
109,110,53
109,110,54
109,110,55
109,110,56
109,111,44
109,111,45
109,111,46
109,111,47
109,111,48
109,111,49
109,111,50
109,111,51
109,111,52
109,111,53
109,111,54
109,111,55
109,111,56
109,112,43
109,112,44
109,112,45
109,112,46
109,112,47
109,112,48
109,112,49
109,112,50
109,112,51
109,112,52
109,112,53
109,112,54
109,112,55
109,113,42
109,113,43
109,113,44
109,113,45
109,113,46
109,113,47
109,113,48
109,113,49
109,113,50
109,113,51
109,113,52
109,113,53
109,113,54
109,113,55
109,114,45
109,114,46
109,114,47
109,114,48
109,114,49
109,114,50
109,114,51
109,114,52
109,114,53
109,114,54
109,114,55
109,115,42
109,115,43
109,115,44
109,115,45
109,115,46
109,115,47
109,115,48
109,115,49
109,115,50
109,115,51
109,115,52
109,115,53
109,115,54
109,116,42
109,116,43
109,116,44
109,116,45
109,116,46
109,116,47
109,116,48
109,116,49
109,116,50
109,116,51
109,116,52
109,116,53
109,117,41
109,117,42
109,117,43
109,117,44
109,117,45
109,117,46
109,117,47
109,117,48
109,117,49
109,117,50
109,117,51
109,117,52
109,117,53
109,118,40
109,118,41
109,118,42
109,118,43
109,118,44
109,118,45
109,118,46
109,118,47
109,118,48
109,118,49
109,118,50
109,118,51
109,118,52
109,118,53
109,119,39
109,119,40
109,119,41
109,119,42
109,119,43
109,119,44
109,119,45
109,119,46
109,119,47
109,119,48
109,119,49
109,119,50
109,119,51
109,119,52
109,120,39
109,120,40
109,120,41
109,120,42
109,120,43
109,120,44
109,120,45
109,120,46
109,120,47
109,120,48
109,120,49
109,120,50
109,120,51
109,121,43
109,121,44
109,121,45
109,121,46
109,121,47
109,121,48
109,121,49
109,121,50
109,122,41
109,122,42
109,122,43
109,122,44
109,122,45
109,122,46
109,122,47
109,122,48
109,122,49
109,122,50
109,123,41
109,123,42
109,123,43
109,123,44
109,123,45
109,123,46
109,123,47
109,123,48
109,123,49
109,124,40
109,124,41
109,124,42
109,124,43
109,124,44
109,124,45
109,124,46
109,124,47
109,124,48
109,125,38
109,125,39
109,125,40
109,125,41
109,125,42
109,125,43
109,125,44
109,125,45
109,125,46
109,125,47
109,126,40
109,126,41
109,126,42
109,126,43
109,126,44
109,126,45
109,126,46
109,127,42
109,127,43
109,127,44
110,90,54
110,90,55
110,90,56
110,90,57
110,90,58
110,91,53
110,91,54
110,91,55
110,91,56
110,91,57
110,91,58
110,91,59
110,91,60
110,91,61
110,91,62
110,91,63
110,92,52
110,92,53
110,92,54
110,92,55
110,92,56
110,92,57
110,92,58
110,92,59
110,92,60
110,92,61
110,92,62
110,93,52
110,93,53
110,93,54
110,93,55
110,93,56
110,93,57
110,93,58
110,93,59
110,93,60
110,93,61
110,93,62
110,94,51
110,94,52
110,94,53
110,94,54
110,94,55
110,94,56
110,94,57
110,94,58
110,94,59
110,94,60
110,94,61
110,94,62
110,95,51
110,95,52
110,95,53
110,95,54
110,95,55
110,95,56
110,95,57
110,95,58
110,95,59
110,95,60
110,95,61
110,95,62
110,96,50
110,96,51
110,96,52
110,96,53
110,96,54
110,96,55
110,96,56
110,96,57
110,96,58
110,96,59
110,96,60
110,96,61
110,97,49
110,97,50
110,97,51
110,97,52
110,97,53
110,97,54
110,97,55
110,97,56
110,97,57
110,97,58
110,97,59
110,97,60
110,97,61
110,98,49
110,98,50
110,98,51
110,98,52
110,98,53
110,98,54
110,98,55
110,98,56
110,98,57
110,98,58
110,98,59
110,98,60
110,98,61
110,99,48
110,99,49
110,99,50
110,99,51
110,99,52
110,99,53
110,99,54
110,99,55
110,99,56
110,99,57
110,99,58
110,99,59
110,99,60
110,100,48
110,100,49
110,100,50
110,100,51
110,100,52
110,100,53
110,100,54
110,100,55
110,100,56
110,100,57
110,100,58
110,100,59
110,100,60
110,101,47
110,101,48
110,101,49
110,101,50
110,101,51
110,101,52
110,101,53
110,101,54
110,101,55
110,101,56
110,101,57
110,101,58
110,101,59
110,102,46
110,102,47
110,102,48
110,102,49
110,102,50
110,102,51
110,102,52
110,102,53
110,102,54
110,102,55
110,102,56
110,102,57
110,102,58
110,102,59
110,103,46
110,103,47
110,103,48
110,103,49
110,103,50
110,103,51
110,103,52
110,103,53
110,103,54
110,103,55
110,103,56
110,103,57
110,103,58
110,103,59
110,104,45
110,104,46
110,104,47
110,104,48
110,104,49
110,104,50
110,104,51
110,104,52
110,104,53
110,104,54
110,104,55
110,104,56
110,104,57
110,104,58
110,104,59
110,105,46
110,105,47
110,105,48
110,105,49
110,105,50
110,105,51
110,105,52
110,105,53
110,105,54
110,105,55
110,105,56
110,105,57
110,105,58
110,106,45
110,106,46
110,106,47
110,106,48
110,106,49
110,106,50
110,106,51
110,106,52
110,106,53
110,106,54
110,106,55
110,106,56
110,106,57
110,106,58
110,107,45
110,107,46
110,107,47
110,107,48
110,107,49
110,107,50
110,107,51
110,107,52
110,107,53
110,107,54
110,107,55
110,107,56
110,107,57
110,108,45
110,108,46
110,108,47
110,108,48
110,108,49
110,108,50
110,108,51
110,108,52
110,108,53
110,108,54
110,108,55
110,108,56
110,109,44
110,109,45
110,109,46
110,109,47
110,109,48
110,109,49
110,109,50
110,109,51
110,109,52
110,109,53
110,109,54
110,109,55
110,109,56
110,110,44
110,110,45
110,110,46
110,110,47
110,110,48
110,110,49
110,110,50
110,110,51
110,110,52
110,110,53
110,110,54
110,110,55
110,111,44
110,111,45
110,111,46
110,111,47
110,111,48
110,111,49
110,111,50
110,111,51
110,111,52
110,111,53
110,111,54
110,111,55
110,112,44
110,112,45
110,112,46
110,112,47
110,112,48
110,112,49
110,112,50
110,112,51
110,112,52
110,112,53
110,112,54
110,113,44
110,113,45
110,113,46
110,113,47
110,113,48
110,113,49
110,113,50
110,113,51
110,113,52
110,113,53
110,113,54
110,114,45
110,114,46
110,114,47
110,114,48
110,114,49
110,114,50
110,114,51
110,114,52
110,114,53
110,114,54
110,115,42
110,115,43
110,115,44
110,115,45
110,115,46
110,115,47
110,115,48
110,115,49
110,115,50
110,115,51
110,115,52
110,115,53
110,116,42
110,116,43
110,116,44
110,116,45
110,116,46
110,116,47
110,116,48
110,116,49
110,116,50
110,116,51
110,116,52
110,116,53
110,117,42
110,117,43
110,117,44
110,117,45
110,117,46
110,117,47
110,117,48
110,117,49
110,117,50
110,117,51
110,117,52
110,118,40
110,118,41
110,118,42
110,118,43
110,118,44
110,118,45
110,118,46
110,118,47
110,118,48
110,118,49
110,118,50
110,118,51
110,119,39
110,119,40
110,119,41
110,119,42
110,119,43
110,119,44
110,119,45
110,119,46
110,119,47
110,119,48
110,119,49
110,119,50
110,120,39
110,120,40
110,120,41
110,120,42
110,120,43
110,120,44
110,120,45
110,120,46
110,120,47
110,120,48
110,120,49
110,121,41
110,121,42
110,121,43
110,121,44
110,121,45
110,121,46
110,121,47
110,121,48
110,121,49
110,122,41
110,122,42
110,122,43
110,122,44
110,122,45
110,122,46
110,122,47
110,122,48
110,123,40
110,123,41
110,123,42
110,123,43
110,123,44
110,123,45
110,123,46
110,123,47
110,124,39
110,124,40
110,124,41
110,124,42
110,124,43
110,124,44
110,124,45
110,124,46
110,125,41
110,125,42
110,125,43
110,125,44
110,125,45
111,90,54
111,90,55
111,90,56
111,90,57
111,90,58
111,91,54
111,91,55
111,91,56
111,91,57
111,91,58
111,91,59
111,91,60
111,91,61
111,92,52
111,92,53
111,92,54
111,92,55
111,92,56
111,92,57
111,92,58
111,92,59
111,92,60
111,92,61
111,93,52
111,93,53
111,93,54
111,93,55
111,93,56
111,93,57
111,93,58
111,93,59
111,93,60
111,93,61
111,94,51
111,94,52
111,94,53
111,94,54
111,94,55
111,94,56
111,94,57
111,94,58
111,94,59
111,94,60
111,94,61
111,95,51
111,95,52
111,95,53
111,95,54
111,95,55
111,95,56
111,95,57
111,95,58
111,95,59
111,95,60
111,96,50
111,96,51
111,96,52
111,96,53
111,96,54
111,96,55
111,96,56
111,96,57
111,96,58
111,96,59
111,96,60
111,97,49
111,97,50
111,97,51
111,97,52
111,97,53
111,97,54
111,97,55
111,97,56
111,97,57
111,97,58
111,97,59
111,97,60
111,98,49
111,98,50
111,98,51
111,98,52
111,98,53
111,98,54
111,98,55
111,98,56
111,98,57
111,98,58
111,98,59
111,99,48
111,99,49
111,99,50
111,99,51
111,99,52
111,99,53
111,99,54
111,99,55
111,99,56
111,99,57
111,99,58
111,99,59
111,100,48
111,100,49
111,100,50
111,100,51
111,100,52
111,100,53
111,100,54
111,100,55
111,100,56
111,100,57
111,100,58
111,100,59
111,101,47
111,101,48
111,101,49
111,101,50
111,101,51
111,101,52
111,101,53
111,101,54
111,101,55
111,101,56
111,101,57
111,101,58
111,102,46
111,102,47
111,102,48
111,102,49
111,102,50
111,102,51
111,102,52
111,102,53
111,102,54
111,102,55
111,102,56
111,102,57
111,102,58
111,103,46
111,103,47
111,103,48
111,103,49
111,103,50
111,103,51
111,103,52
111,103,53
111,103,54
111,103,55
111,103,56
111,103,57
111,103,58
111,104,46
111,104,47
111,104,48
111,104,49
111,104,50
111,104,51
111,104,52
111,104,53
111,104,54
111,104,55
111,104,56
111,104,57
111,104,58
111,105,46
111,105,47
111,105,48
111,105,49
111,105,50
111,105,51
111,105,52
111,105,53
111,105,54
111,105,55
111,105,56
111,105,57
111,106,45
111,106,46
111,106,47
111,106,48
111,106,49
111,106,50
111,106,51
111,106,52
111,106,53
111,106,54
111,106,55
111,106,56
111,107,45
111,107,46
111,107,47
111,107,48
111,107,49
111,107,50
111,107,51
111,107,52
111,107,53
111,107,54
111,107,55
111,107,56
111,108,45
111,108,46
111,108,47
111,108,48
111,108,49
111,108,50
111,108,51
111,108,52
111,108,53
111,108,54
111,108,55
111,109,44
111,109,45
111,109,46
111,109,47
111,109,48
111,109,49
111,109,50
111,109,51
111,109,52
111,109,53
111,109,54
111,109,55
111,110,44
111,110,45
111,110,46
111,110,47
111,110,48
111,110,49
111,110,50
111,110,51
111,110,52
111,110,53
111,110,54
111,111,44
111,111,45
111,111,46
111,111,47
111,111,48
111,111,49
111,111,50
111,111,51
111,111,52
111,111,53
111,111,54
111,112,44
111,112,45
111,112,46
111,112,47
111,112,48
111,112,49
111,112,50
111,112,51
111,112,52
111,112,53
111,113,44
111,113,45
111,113,46
111,113,47
111,113,48
111,113,49
111,113,50
111,113,51
111,113,52
111,113,53
111,114,45
111,114,46
111,114,47
111,114,48
111,114,49
111,114,50
111,114,51
111,114,52
111,115,42
111,115,43
111,115,44
111,115,45
111,115,46
111,115,47
111,115,48
111,115,49
111,115,50
111,115,51
111,115,52
111,116,42
111,116,43
111,116,44
111,116,45
111,116,46
111,116,47
111,116,48
111,116,49
111,116,50
111,116,51
111,117,42
111,117,43
111,117,44
111,117,45
111,117,46
111,117,47
111,117,48
111,117,49
111,117,50
111,117,51
111,118,40
111,118,41
111,118,42
111,118,43
111,118,44
111,118,45
111,118,46
111,118,47
111,118,48
111,118,49
111,118,50
111,119,39
111,119,40
111,119,41
111,119,42
111,119,43
111,119,44
111,119,45
111,119,46
111,119,47
111,119,48
111,120,38
111,120,39
111,120,40
111,120,41
111,120,42
111,120,43
111,120,44
111,120,45
111,120,46
111,120,47
111,121,40
111,121,41
111,121,42
111,121,43
111,121,44
111,121,45
111,122,42
111,122,43
112,90,54
112,90,55
112,90,56
112,90,57
112,90,58
112,91,54
112,91,55
112,91,56
112,91,57
112,91,58
112,91,59
112,91,60
112,92,52
112,92,53
112,92,54
112,92,55
112,92,56
112,92,57
112,92,58
112,92,59
112,93,52
112,93,53
112,93,54
112,93,55
112,93,56
112,93,57
112,93,58
112,93,59
112,94,51
112,94,52
112,94,53
112,94,54
112,94,55
112,94,56
112,94,57
112,94,58
112,94,59
112,95,51
112,95,52
112,95,53
112,95,54
112,95,55
112,95,56
112,95,57
112,95,58
112,95,59
112,96,50
112,96,51
112,96,52
112,96,53
112,96,54
112,96,55
112,96,56
112,96,57
112,96,58
112,97,49
112,97,50
112,97,51
112,97,52
112,97,53
112,97,54
112,97,55
112,97,56
112,97,57
112,97,58
112,98,49
112,98,50
112,98,51
112,98,52
112,98,53
112,98,54
112,98,55
112,98,56
112,98,57
112,98,58
112,99,49
112,99,50
112,99,51
112,99,52
112,99,53
112,99,54
112,99,55
112,99,56
112,99,57
112,99,58
112,100,48
112,100,49
112,100,50
112,100,51
112,100,52
112,100,53
112,100,54
112,100,55
112,100,56
112,100,57
112,101,47
112,101,48
112,101,49
112,101,50
112,101,51
112,101,52
112,101,53
112,101,54
112,101,55
112,101,56
112,102,46
112,102,47
112,102,48
112,102,49
112,102,50
112,102,51
112,102,52
112,102,53
112,102,54
112,102,55
112,102,56
112,103,47
112,103,48
112,103,49
112,103,50
112,103,51
112,103,52
112,103,53
112,103,54
112,103,55
112,103,56
112,104,46
112,104,47
112,104,48
112,104,49
112,104,50
112,104,51
112,104,52
112,104,53
112,104,54
112,104,55
112,104,56
112,105,46
112,105,47
112,105,48
112,105,49
112,105,50
112,105,51
112,105,52
112,105,53
112,105,54
112,105,55
112,105,56
112,106,46
112,106,47
112,106,48
112,106,49
112,106,50
112,106,51
112,106,52
112,106,53
112,106,54
112,106,55
112,107,46
112,107,47
112,107,48
112,107,49
112,107,50
112,107,51
112,107,52
112,107,53
112,107,54
112,108,45
112,108,46
112,108,47
112,108,48
112,108,49
112,108,50
112,108,51
112,108,52
112,108,53
112,108,54
112,109,45
112,109,46
112,109,47
112,109,48
112,109,49
112,109,50
112,109,51
112,109,52
112,109,53
112,110,45
112,110,46
112,110,47
112,110,48
112,110,49
112,110,50
112,110,51
112,110,52
112,110,53
112,111,45
112,111,46
112,111,47
112,111,48
112,111,49
112,111,50
112,111,51
112,111,52
112,112,45
112,112,46
112,112,47
112,112,48
112,112,49
112,112,50
112,112,51
112,112,52
112,113,45
112,113,46
112,113,47
112,113,48
112,113,49
112,113,50
112,113,51
112,114,46
112,114,47
112,114,48
112,114,49
112,114,50
112,114,51
112,115,46
112,115,47
112,115,48
112,115,49
112,115,50
112,116,47
112,116,48
112,118,40
112,119,40
112,119,43
113,91,55
113,92,54
113,92,55
113,92,56
113,92,57
113,93,54
113,93,55
113,93,56
113,93,57
113,94,53
113,94,54
113,94,55
113,94,56
113,94,57
113,95,52
113,95,53
113,95,54
113,95,55
113,95,56
113,95,57
113,96,51
113,96,52
113,96,53
113,96,54
113,96,55
113,96,56
113,96,57
113,97,50
113,97,51
113,97,52
113,97,53
113,97,54
113,97,55
113,97,56
113,98,50
113,98,51
113,98,52
113,98,53
113,98,54
113,98,55
113,99,49
113,99,50
113,99,51
113,99,52
113,99,53
113,99,54
113,99,55
113,100,48
113,100,49
113,100,50
113,100,51
113,100,52
113,100,53
113,100,54
113,100,55
113,101,48
113,101,49
113,101,50
113,101,51
113,101,52
113,101,53
113,101,54
113,101,55
113,102,48
113,102,49
113,102,50
113,102,51
113,102,52
113,102,53
113,102,54
113,103,47
113,103,48
113,103,49
113,103,50
113,103,51
113,103,52
113,103,53
113,103,54
113,104,47
113,104,48
113,104,49
113,104,50
113,104,51
113,104,52
113,104,53
113,104,54
113,105,47
113,105,48
113,105,49
113,105,50
113,105,51
113,105,52
113,105,53
113,105,54
113,106,46
113,106,47
113,106,48
113,106,49
113,106,50
113,106,51
113,106,52
113,106,53
113,107,46
113,107,47
113,107,48
113,107,49
113,107,50
113,107,51
113,107,52
113,108,46
113,108,47
113,108,48
113,108,49
113,108,50
113,108,51
113,109,47
113,109,48
113,109,49
113,109,50
113,110,48
113,110,49
114,96,53
114,96,54
114,97,52
114,97,53
114,97,54
114,98,51
114,98,52
114,98,53
114,99,51
114,99,52
114,100,50
114,100,51
114,100,52
114,101,49
114,101,50
114,101,51
114,102,50
114,102,51
114,103,50
114,104,50
