"x","y","z"
53,127,60
53,127,61
53,127,62
53,127,63
53,127,64
54,123,57
54,124,58
54,124,59
54,124,60
54,124,61
54,124,62
54,124,63
54,125,58
54,125,59
54,125,60
54,125,61
54,125,62
54,125,63
54,125,64
54,125,65
54,126,59
54,126,60
54,126,61
54,126,62
54,126,63
54,126,64
54,126,65
54,127,60
54,127,61
54,127,62
54,127,63
54,127,64
55,122,56
55,122,57
55,122,58
55,122,59
55,122,60
55,122,61
55,122,62
55,122,63
55,122,64
55,122,65
55,123,57
55,123,58
55,123,59
55,123,60
55,123,61
55,123,62
55,123,63
55,123,64
55,123,65
55,124,58
55,124,59
55,124,60
55,124,61
55,124,62
55,124,63
55,124,64
55,124,65
55,124,66
55,125,58
55,125,59
55,125,60
55,125,61
55,125,62
55,125,63
55,125,64
55,125,65
55,125,66
55,126,59
55,126,60
55,126,61
55,126,62
55,126,63
55,126,64
55,126,65
56,120,57
56,121,56
56,121,57
56,121,58
56,121,59
56,121,60
56,121,61
56,121,62
56,121,63
56,121,64
56,121,65
56,122,56
56,122,57
56,122,58
56,122,59
56,122,60
56,122,61
56,122,62
56,122,63
56,122,64
56,122,65
56,123,57
56,123,58
56,123,59
56,123,60
56,123,61
56,123,62
56,123,63
56,123,64
56,123,65
56,123,66
56,123,67
57,118,56
57,118,57
57,118,58
57,119,57
57,119,58
57,119,59
57,119,60
57,119,61
57,119,62
57,119,63
57,120,56
57,120,57
57,120,58
57,120,59
57,120,60
57,120,61
57,120,62
57,120,63
57,120,64
57,120,65
57,121,56
57,121,57
57,121,58
57,121,59
57,121,60
57,121,61
57,121,62
57,121,63
57,121,64
57,121,65
57,121,66
57,121,67
58,118,57
58,118,58
58,119,57
58,119,58
58,119,59
58,119,60
58,119,61
58,119,62
58,119,63
58,119,64
58,119,65
58,120,56
58,120,57
58,120,58
58,120,59
58,120,60
58,120,61
58,120,62
58,120,63
58,120,64
59,115,55
59,115,56
59,116,56
59,116,57
59,116,58
59,116,59
59,117,56
59,117,57
59,117,58
59,118,58
59,118,59
59,118,60
59,118,61
59,119,60
59,119,61
59,119,62
59,119,63
59,119,64
59,119,65
59,119,66
60,113,56
60,113,57
60,113,58
60,114,56
60,114,57
60,115,55
60,115,56
60,115,57
60,115,58
60,116,56
60,116,57
60,116,58
60,116,59
60,117,56
60,117,57
60,117,58
60,117,59
60,117,60
60,117,61
60,117,62
60,117,63
60,117,64
60,118,58
60,118,59
60,118,60
60,118,61
60,118,62
60,118,63
60,118,64
60,118,65
60,118,66
60,119,64
60,119,65
60,119,66
60,119,67
61,112,56
61,112,57
61,112,58
61,112,59
61,113,56
61,113,57
61,113,58
61,113,59
61,114,56
61,114,57
61,114,58
61,114,59
61,115,55
61,115,56
61,115,57
61,115,58
61,115,59
61,116,58
61,116,59
61,116,60
61,116,61
61,117,57
61,117,58
61,117,59
61,117,60
61,117,61
61,117,62
61,117,63
61,117,64
61,117,65
61,117,66
61,118,60
61,118,61
61,118,62
61,118,63
61,118,64
61,118,65
61,118,66
61,118,67
62,111,57
62,111,58
62,111,59
62,112,56
62,112,57
62,112,58
62,112,59
62,112,60
62,113,57
62,113,58
62,113,59
62,113,60
62,114,56
62,114,57
62,114,58
62,114,59
62,114,60
62,115,58
62,115,59
62,115,60
62,115,61
62,116,58
62,116,59
62,116,60
62,116,61
62,116,62
62,116,63
62,117,61
62,117,62
62,117,63
62,117,64
62,117,65
62,117,66
63,111,57
63,111,58
63,111,59
63,111,60
63,111,61
63,112,58
63,112,59
63,112,60
63,112,61
63,113,58
63,113,59
63,113,60
63,113,61
63,114,58
63,114,59
63,114,60
63,114,61
63,114,62
63,115,59
63,115,60
63,115,61
63,115,62
63,115,63
63,116,60
63,116,61
63,116,62
63,116,63
63,116,64
63,116,65
63,116,66
63,116,67
63,117,66
63,117,67
64,111,58
64,111,59
64,111,60
64,111,61
64,111,62
64,112,59
64,112,60
64,112,61
64,112,62
64,112,63
64,113,59
64,113,60
64,113,61
64,113,62
64,113,63
64,113,64
64,113,65
64,114,59
64,114,60
64,114,61
64,114,62
64,114,63
64,115,60
64,115,61
64,115,62
64,115,63
64,115,64
64,115,65
64,115,66
64,115,67
64,115,68
64,116,62
64,116,63
64,116,64
64,116,65
64,116,66
64,116,67
64,116,68
65,111,60
65,111,61
65,111,62
65,111,63
65,112,60
65,112,61
65,112,62
65,112,63
65,112,64
65,113,60
65,113,61
65,113,62
65,113,63
65,113,64
65,113,65
65,113,66
65,113,67
65,113,68
65,114,61
65,114,62
65,114,63
65,114,64
65,114,65
65,114,66
65,114,67
65,114,68
65,114,69
65,115,62
65,115,63
65,115,64
65,115,65
65,115,66
65,115,67
65,115,68
65,115,69
66,111,61
66,111,62
66,111,63
66,111,64
66,112,62
66,112,63
66,112,64
66,112,65
66,112,66
66,113,63
66,113,64
66,113,65
66,113,66
66,113,67
66,113,68
66,113,69
66,114,62
66,114,63
66,114,64
66,114,65
66,114,66
66,114,67
66,114,68
66,114,69
67,111,62
67,111,63
67,111,64
67,111,65
67,111,66
67,112,63
67,112,64
67,112,65
67,112,66
67,112,67
67,113,66
67,113,67
67,113,68
67,113,69
67,113,70
68,111,63
68,111,64
68,111,65
68,111,66
68,111,67
68,112,65
68,112,66
68,112,67
68,112,68
68,112,69
68,113,68
68,113,69
68,113,70
69,111,65
69,111,66
69,111,67
69,111,68
69,112,66
69,112,67
69,112,68
69,112,69
69,112,70
69,112,71
70,111,66
70,111,67
70,111,68
70,111,69
70,111,70
70,112,68
70,112,69
70,112,70
71,111,67
71,111,68
71,111,69
71,111,70
72,111,69
81,111,68
81,111,69
81,111,70
82,111,66
82,111,67
82,111,68
82,111,69
82,111,70
82,111,71
83,111,64
83,111,65
83,111,66
83,111,67
83,111,68
83,111,69
83,112,70
84,111,63
84,111,64
84,111,65
84,111,66
84,111,67
84,112,67
84,112,68
84,112,69
84,112,70
85,111,62
85,111,63
85,111,64
85,111,65
85,112,65
85,112,66
85,112,67
85,112,68
85,112,69
85,112,70
85,112,71
85,113,67
85,113,68
85,113,69
85,113,70
86,111,61
86,111,62
86,111,63
86,111,64
86,112,63
86,112,64
86,112,65
86,112,66
86,112,67
86,112,68
86,113,65
86,113,66
86,113,67
86,113,68
86,113,69
86,113,70
87,111,60
87,111,61
87,111,62
87,111,63
87,112,62
87,112,63
87,112,64
87,112,65
87,112,66
87,113,63
87,113,64
87,113,65
87,113,66
87,113,67
87,113,68
88,111,57
88,111,58
88,111,59
88,111,60
88,111,61
88,111,62
88,112,60
88,112,61
88,112,62
88,112,63
88,112,64
88,113,60
88,113,61
88,113,62
88,113,63
88,113,64
88,113,65
88,113,66
88,114,63
88,114,64
88,114,65
88,114,66
88,114,67
88,114,68
88,114,69
88,114,70
89,111,56
89,111,57
89,111,58
89,111,59
89,111,60
89,111,61
89,112,57
89,112,58
89,112,59
89,112,60
89,112,61
89,112,62
89,112,63
89,113,58
89,113,59
89,113,60
89,113,61
89,113,62
89,113,63
89,113,64
89,114,59
89,114,60
89,114,61
89,114,62
89,114,63
89,114,64
89,114,65
89,114,66
89,114,67
89,114,68
89,114,69
89,115,62
89,115,63
89,115,64
89,115,65
89,115,66
89,115,67
90,111,56
90,111,57
90,111,58
90,112,57
90,112,58
90,112,59
90,112,60
90,112,61
90,113,57
90,113,58
90,113,59
90,113,60
90,113,61
90,114,57
90,114,58
90,114,59
90,114,60
90,114,61
90,114,62
90,114,63
90,114,64
90,115,59
90,115,60
90,115,61
90,115,62
90,115,63
90,115,64
90,115,65
90,115,66
90,116,60
90,116,61
90,116,62
90,116,63
90,116,64
90,116,65
90,116,66
91,112,57
91,112,58
91,113,57
91,113,58
91,113,59
91,114,57
91,114,58
91,114,59
91,114,60
91,115,56
91,115,57
91,115,58
91,115,59
91,115,60
91,115,61
91,115,62
91,115,63
91,116,59
91,116,60
91,116,61
91,116,62
91,116,63
91,116,64
91,116,65
91,116,66
91,117,66
92,114,57
92,114,58
92,115,56
92,115,57
92,116,58
92,116,59
92,116,60
92,116,61
92,116,62
92,117,58
92,117,59
92,117,60
92,117,61
92,117,62
92,117,63
92,117,64
92,117,65
92,117,66
93,116,58
93,116,59
93,116,60
93,117,57
93,117,58
93,117,59
93,117,60
93,117,61
93,117,62
93,117,63
93,117,64
93,117,65
94,117,57
94,117,58
94,117,59
94,118,57
94,118,58
94,118,59
94,118,60
94,118,61
94,118,62
94,118,63
94,118,64
94,118,65
94,119,56
94,119,57
94,119,58
94,119,59
94,119,60
94,119,61
94,119,62
94,119,63
94,119,64
95,118,57
95,118,58
95,118,59
95,118,60
95,118,61
95,118,62
95,118,63
95,118,64
95,118,65
95,119,56
95,119,57
95,119,58
95,119,59
95,119,60
95,119,61
95,119,62
95,119,63
95,119,64
95,119,65
95,120,57
95,120,58
95,120,59
95,120,60
95,120,61
95,120,62
95,120,63
95,120,64
95,120,65
96,119,63
96,119,64
96,119,65
96,120,57
96,120,58
96,120,59
96,120,60
96,120,61
96,120,62
96,120,63
96,120,64
96,121,57
96,121,58
96,121,59
96,121,60
96,121,61
96,121,62
96,121,63
96,121,64
96,121,65
96,121,66
96,122,58
96,122,59
96,122,60
96,122,61
96,122,62
96,122,63
96,122,64
96,122,65
96,122,66
96,122,67
97,121,58
97,121,59
97,121,60
97,121,61
97,121,62
97,121,63
97,121,64
97,122,57
97,122,58
97,122,59
97,122,60
97,122,61
97,122,62
97,122,63
97,122,64
97,122,65
97,122,66
97,123,58
97,123,59
97,123,60
97,123,61
97,123,62
97,123,63
97,123,64
97,123,65
97,123,66
97,124,59
97,124,60
97,124,61
97,124,62
97,124,63
97,124,64
97,124,65
97,124,66
97,125,59
97,125,60
97,125,61
97,125,62
97,125,63
97,125,64
97,125,65
97,125,66
97,125,67
97,127,62
97,127,63
97,127,64
97,127,65
98,123,61
98,123,62
98,123,63
98,123,64
98,123,65
98,124,59
98,124,60
98,124,61
98,124,62
98,124,63
98,124,64
98,124,65
98,124,66
98,125,59
98,125,60
98,125,61
98,125,62
98,125,63
98,125,64
98,125,65
98,125,66
98,126,61
98,126,62
98,126,63
98,126,64
98,126,65
98,127,61
98,127,62
98,127,63
98,127,64
98,127,65
99,126,61
99,126,62
99,127,61
99,127,62
99,127,63
