"x","y","z"
30,72,35
30,73,35
30,73,36
30,74,35
30,74,36
30,74,37
30,74,38
30,75,38
30,76,37
30,76,38
30,77,37
30,77,38
30,77,39
30,78,37
30,78,38
30,78,39
30,79,36
30,79,37
30,79,38
30,80,36
30,80,37
30,81,36
30,83,31
30,84,30
30,84,31
30,85,30
30,85,31
30,86,30
30,86,31
30,87,30
30,87,31
31,68,39
31,68,40
31,68,41
31,68,42
31,68,43
31,69,33
31,69,37
31,69,38
31,69,39
31,69,40
31,69,41
31,69,42
31,69,43
31,69,44
31,70,36
31,70,37
31,70,38
31,70,39
31,70,40
31,70,41
31,70,42
31,70,43
31,70,44
31,71,35
31,71,36
31,71,37
31,71,38
31,71,39
31,71,40
31,71,41
31,71,42
31,71,43
31,72,33
31,72,34
31,72,35
31,72,36
31,72,37
31,72,38
31,72,39
31,72,40
31,72,41
31,72,42
31,72,43
31,72,44
31,73,33
31,73,34
31,73,35
31,73,36
31,73,37
31,73,38
31,73,39
31,73,40
31,73,41
31,73,42
31,73,43
31,73,44
31,74,33
31,74,34
31,74,35
31,74,36
31,74,37
31,74,38
31,74,39
31,74,40
31,74,41
31,74,42
31,74,43
31,74,44
31,75,33
31,75,34
31,75,35
31,75,36
31,75,37
31,75,38
31,75,39
31,75,40
31,75,41
31,75,42
31,75,43
31,75,44
31,76,27
31,76,28
31,76,30
31,76,31
31,76,32
31,76,33
31,76,34
31,76,35
31,76,36
31,76,37
31,76,38
31,76,39
31,76,40
31,76,41
31,76,42
31,76,43
31,77,27
31,77,28
31,77,29
31,77,30
31,77,31
31,77,32
31,77,33
31,77,34
31,77,35
31,77,36
31,77,37
31,77,38
31,77,39
31,77,40
31,77,41
31,77,42
31,77,43
31,78,27
31,78,28
31,78,29
31,78,30
31,78,31
31,78,32
31,78,33
31,78,34
31,78,35
31,78,36
31,78,37
31,78,38
31,78,39
31,78,40
31,78,41
31,78,42
31,78,43
31,79,27
31,79,28
31,79,29
31,79,30
31,79,31
31,79,32
31,79,33
31,79,34
31,79,35
31,79,36
31,79,37
31,79,38
31,79,39
31,79,40
31,79,41
31,79,42
31,79,43
31,80,25
31,80,26
31,80,27
31,80,28
31,80,29
31,80,30
31,80,31
31,80,32
31,80,33
31,80,34
31,80,35
31,80,36
31,80,37
31,80,38
31,80,39
31,80,40
31,80,41
31,80,42
31,81,26
31,81,27
31,81,28
31,81,29
31,81,30
31,81,31
31,81,32
31,81,33
31,81,34
31,81,35
31,81,36
31,81,37
31,81,38
31,81,39
31,81,40
31,81,41
31,81,42
31,82,25
31,82,26
31,82,27
31,82,28
31,82,29
31,82,30
31,82,31
31,82,32
31,82,33
31,82,34
31,82,35
31,82,36
31,82,37
31,82,38
31,82,39
31,82,40
31,82,41
31,83,27
31,83,28
31,83,29
31,83,30
31,83,31
31,83,32
31,83,33
31,83,34
31,83,35
31,83,36
31,83,37
31,83,38
31,83,39
31,84,27
31,84,28
31,84,29
31,84,30
31,84,31
31,84,32
31,84,33
31,84,34
31,84,35
31,84,36
31,84,37
31,84,38
31,84,39
31,85,27
31,85,28
31,85,29
31,85,30
31,85,31
31,85,32
31,85,33
31,85,34
31,85,35
31,85,36
31,85,37
31,85,38
31,86,26
31,86,27
31,86,28
31,86,29
31,86,30
31,86,31
31,86,32
31,86,33
31,86,34
31,86,35
31,86,36
31,86,38
31,87,26
31,87,27
31,87,28
31,87,29
31,87,30
31,87,31
31,87,32
31,87,33
31,87,34
31,87,35
31,88,25
31,88,27
31,88,28
31,88,29
31,88,30
31,88,31
31,88,32
31,88,33
31,88,34
31,89,27
31,89,28
31,89,29
31,89,30
31,89,31
31,90,27
31,90,28
31,90,29
31,90,30
31,90,31
31,91,29
31,91,30
32,67,41
32,67,42
32,67,43
32,67,44
32,67,45
32,68,39
32,68,40
32,68,41
32,68,42
32,68,43
32,68,44
32,68,45
32,68,46
32,68,47
32,69,36
32,69,37
32,69,38
32,69,39
32,69,40
32,69,41
32,69,42
32,69,43
32,69,44
32,69,45
32,69,46
32,69,47
32,70,36
32,70,37
32,70,38
32,70,39
32,70,40
32,70,41
32,70,42
32,70,43
32,70,44
32,70,45
32,70,46
32,70,47
32,71,35
32,71,36
32,71,37
32,71,38
32,71,39
32,71,40
32,71,41
32,71,42
32,71,43
32,71,44
32,71,45
32,71,46
32,71,47
32,72,33
32,72,34
32,72,35
32,72,36
32,72,37
32,72,38
32,72,39
32,72,40
32,72,41
32,72,42
32,72,43
32,72,44
32,72,45
32,72,46
32,72,47
32,73,32
32,73,33
32,73,34
32,73,35
32,73,36
32,73,37
32,73,38
32,73,39
32,73,40
32,73,41
32,73,42
32,73,43
32,73,44
32,73,45
32,73,46
32,73,47
32,74,31
32,74,32
32,74,33
32,74,34
32,74,35
32,74,36
32,74,37
32,74,38
32,74,39
32,74,40
32,74,41
32,74,42
32,74,43
32,74,44
32,74,45
32,74,46
32,74,47
32,75,29
32,75,30
32,75,31
32,75,32
32,75,33
32,75,34
32,75,35
32,75,36
32,75,37
32,75,38
32,75,39
32,75,40
32,75,41
32,75,42
32,75,43
32,75,44
32,75,45
32,75,46
32,75,47
32,76,25
32,76,26
32,76,27
32,76,28
32,76,29
32,76,30
32,76,31
32,76,32
32,76,33
32,76,34
32,76,35
32,76,36
32,76,37
32,76,38
32,76,39
32,76,40
32,76,41
32,76,42
32,76,43
32,76,44
32,76,45
32,76,46
32,76,47
32,77,24
32,77,25
32,77,26
32,77,27
32,77,28
32,77,29
32,77,30
32,77,31
32,77,32
32,77,33
32,77,34
32,77,35
32,77,36
32,77,37
32,77,38
32,77,39
32,77,40
32,77,41
32,77,42
32,77,43
32,77,44
32,77,45
32,77,46
32,78,23
32,78,24
32,78,25
32,78,26
32,78,27
32,78,28
32,78,29
32,78,30
32,78,31
32,78,32
32,78,33
32,78,34
32,78,35
32,78,36
32,78,37
32,78,38
32,78,39
32,78,40
32,78,41
32,78,42
32,78,43
32,78,44
32,78,45
32,79,23
32,79,24
32,79,25
32,79,26
32,79,27
32,79,28
32,79,29
32,79,30
32,79,31
32,79,32
32,79,33
32,79,34
32,79,35
32,79,36
32,79,37
32,79,38
32,79,39
32,79,40
32,79,41
32,79,42
32,79,43
32,79,44
32,80,23
32,80,24
32,80,25
32,80,26
32,80,27
32,80,28
32,80,29
32,80,30
32,80,31
32,80,32
32,80,33
32,80,34
32,80,35
32,80,36
32,80,37
32,80,38
32,80,39
32,80,40
32,80,41
32,80,42
32,80,43
32,80,44
32,81,23
32,81,24
32,81,25
32,81,26
32,81,27
32,81,28
32,81,29
32,81,30
32,81,31
32,81,32
32,81,33
32,81,34
32,81,35
32,81,36
32,81,37
32,81,38
32,81,39
32,81,40
32,81,41
32,81,42
32,81,43
32,82,23
32,82,24
32,82,25
32,82,26
32,82,27
32,82,28
32,82,29
32,82,30
32,82,31
32,82,32
32,82,33
32,82,34
32,82,35
32,82,36
32,82,37
32,82,38
32,82,39
32,82,40
32,82,41
32,82,42
32,82,43
32,83,23
32,83,24
32,83,25
32,83,26
32,83,27
32,83,28
32,83,29
32,83,30
32,83,31
32,83,32
32,83,33
32,83,34
32,83,35
32,83,36
32,83,37
32,83,38
32,83,39
32,83,40
32,83,41
32,83,42
32,84,23
32,84,24
32,84,25
32,84,26
32,84,27
32,84,28
32,84,29
32,84,30
32,84,31
32,84,32
32,84,33
32,84,34
32,84,35
32,84,36
32,84,37
32,84,38
32,84,39
32,84,40
32,84,41
32,85,23
32,85,24
32,85,25
32,85,26
32,85,27
32,85,28
32,85,29
32,85,30
32,85,31
32,85,32
32,85,33
32,85,34
32,85,35
32,85,36
32,85,37
32,85,38
32,85,39
32,85,40
32,86,24
32,86,25
32,86,26
32,86,27
32,86,28
32,86,29
32,86,30
32,86,31
32,86,32
32,86,33
32,86,34
32,86,35
32,86,36
32,86,37
32,86,38
32,86,39
32,87,24
32,87,25
32,87,26
32,87,27
32,87,28
32,87,29
32,87,30
32,87,31
32,87,32
32,87,33
32,87,34
32,87,35
32,87,36
32,87,37
32,87,38
32,88,23
32,88,24
32,88,25
32,88,26
32,88,27
32,88,28
32,88,29
32,88,30
32,88,31
32,88,32
32,88,33
32,88,34
32,88,35
32,88,36
32,88,37
32,89,23
32,89,24
32,89,25
32,89,26
32,89,27
32,89,28
32,89,29
32,89,30
32,89,31
32,89,32
32,89,33
32,89,34
32,89,35
32,90,24
32,90,25
32,90,26
32,90,27
32,90,28
32,90,29
32,90,30
32,90,31
32,90,32
32,90,33
32,90,34
32,90,35
32,91,24
32,91,25
32,91,26
32,91,27
32,91,28
32,91,29
32,91,30
32,91,31
32,91,32
32,91,33
32,92,25
32,92,26
32,92,27
32,92,28
32,92,29
32,92,30
32,92,31
32,92,32
32,93,25
32,93,26
32,93,27
32,93,28
32,93,29
32,93,30
32,93,31
32,94,26
32,94,27
32,94,28
32,94,29
32,94,30
32,95,28
33,66,43
33,66,44
33,66,45
33,66,46
33,67,41
33,67,42
33,67,43
33,67,44
33,67,45
33,67,46
33,67,47
33,67,48
33,68,39
33,68,40
33,68,41
33,68,42
33,68,43
33,68,44
33,68,45
33,68,46
33,68,47
33,68,48
33,69,36
33,69,37
33,69,38
33,69,39
33,69,40
33,69,41
33,69,42
33,69,43
33,69,44
33,69,45
33,69,46
33,69,47
33,69,48
33,69,49
33,70,36
33,70,37
33,70,38
33,70,39
33,70,40
33,70,41
33,70,42
33,70,43
33,70,44
33,70,45
33,70,46
33,70,47
33,70,48
33,70,49
33,71,35
33,71,36
33,71,37
33,71,38
33,71,39
33,71,40
33,71,41
33,71,42
33,71,43
33,71,44
33,71,45
33,71,46
33,71,47
33,71,48
33,72,32
33,72,33
33,72,34
33,72,35
33,72,36
33,72,37
33,72,38
33,72,39
33,72,40
33,72,41
33,72,42
33,72,43
33,72,44
33,72,45
33,72,46
33,72,47
33,72,48
33,72,49
33,73,33
33,73,34
33,73,35
33,73,36
33,73,37
33,73,38
33,73,39
33,73,40
33,73,41
33,73,42
33,73,43
33,73,44
33,73,45
33,73,46
33,73,47
33,73,48
33,73,49
33,74,31
33,74,32
33,74,33
33,74,34
33,74,35
33,74,36
33,74,37
33,74,38
33,74,39
33,74,40
33,74,41
33,74,42
33,74,43
33,74,44
33,74,45
33,74,46
33,74,47
33,74,48
33,74,49
33,75,29
33,75,30
33,75,31
33,75,32
33,75,33
33,75,34
33,75,35
33,75,36
33,75,37
33,75,38
33,75,39
33,75,40
33,75,41
33,75,42
33,75,43
33,75,44
33,75,45
33,75,46
33,75,47
33,75,48
33,75,49
33,76,25
33,76,26
33,76,27
33,76,28
33,76,29
33,76,30
33,76,31
33,76,32
33,76,33
33,76,34
33,76,35
33,76,36
33,76,37
33,76,38
33,76,39
33,76,40
33,76,41
33,76,42
33,76,43
33,76,44
33,76,45
33,76,46
33,76,47
33,76,48
33,76,49
33,77,24
33,77,25
33,77,26
33,77,27
33,77,28
33,77,29
33,77,30
33,77,31
33,77,32
33,77,33
33,77,34
33,77,35
33,77,36
33,77,37
33,77,38
33,77,39
33,77,40
33,77,41
33,77,42
33,77,43
33,77,44
33,77,45
33,77,46
33,77,47
33,77,48
33,78,22
33,78,23
33,78,24
33,78,25
33,78,26
33,78,27
33,78,28
33,78,29
33,78,30
33,78,31
33,78,32
33,78,33
33,78,34
33,78,35
33,78,36
33,78,37
33,78,38
33,78,39
33,78,40
33,78,41
33,78,42
33,78,43
33,78,44
33,78,45
33,78,46
33,78,47
33,79,22
33,79,23
33,79,24
33,79,25
33,79,26
33,79,27
33,79,28
33,79,29
33,79,30
33,79,31
33,79,32
33,79,33
33,79,34
33,79,35
33,79,36
33,79,37
33,79,38
33,79,39
33,79,40
33,79,41
33,79,42
33,79,43
33,79,44
33,79,45
33,79,46
33,80,22
33,80,23
33,80,24
33,80,25
33,80,26
33,80,27
33,80,28
33,80,29
33,80,30
33,80,31
33,80,32
33,80,33
33,80,34
33,80,35
33,80,36
33,80,37
33,80,38
33,80,39
33,80,40
33,80,41
33,80,42
33,80,43
33,80,44
33,80,45
33,81,22
33,81,23
33,81,24
33,81,25
33,81,26
33,81,27
33,81,28
33,81,29
33,81,30
33,81,31
33,81,32
33,81,33
33,81,34
33,81,35
33,81,36
33,81,37
33,81,38
33,81,39
33,81,40
33,81,41
33,81,42
33,81,43
33,81,44
33,81,45
33,82,22
33,82,23
33,82,24
33,82,25
33,82,26
33,82,27
33,82,28
33,82,29
33,82,30
33,82,31
33,82,32
33,82,33
33,82,34
33,82,35
33,82,36
33,82,37
33,82,38
33,82,39
33,82,40
33,82,41
33,82,42
33,82,43
33,82,44
33,83,22
33,83,23
33,83,24
33,83,25
33,83,26
33,83,27
33,83,28
33,83,29
33,83,30
33,83,31
33,83,32
33,83,33
33,83,34
33,83,35
33,83,36
33,83,37
33,83,38
33,83,39
33,83,40
33,83,41
33,83,42
33,83,43
33,84,22
33,84,23
33,84,24
33,84,25
33,84,26
33,84,27
33,84,28
33,84,29
33,84,30
33,84,31
33,84,32
33,84,33
33,84,34
33,84,35
33,84,36
33,84,37
33,84,38
33,84,39
33,84,40
33,84,41
33,84,42
33,84,43
33,85,22
33,85,23
33,85,24
33,85,25
33,85,26
33,85,27
33,85,28
33,85,29
33,85,30
33,85,31
33,85,32
33,85,33
33,85,34
33,85,35
33,85,36
33,85,37
33,85,38
33,85,39
33,85,40
33,85,41
33,86,22
33,86,23
33,86,24
33,86,25
33,86,26
33,86,27
33,86,28
33,86,29
33,86,30
33,86,31
33,86,32
33,86,33
33,86,34
33,86,35
33,86,36
33,86,37
33,86,38
33,86,39
33,86,40
33,87,23
33,87,24
33,87,25
33,87,26
33,87,27
33,87,28
33,87,29
33,87,30
33,87,31
33,87,32
33,87,33
33,87,34
33,87,35
33,87,36
33,87,37
33,87,38
33,87,39
33,88,22
33,88,23
33,88,24
33,88,25
33,88,26
33,88,27
33,88,28
33,88,29
33,88,30
33,88,31
33,88,32
33,88,33
33,88,34
33,88,35
33,88,36
33,88,37
33,88,38
33,89,23
33,89,24
33,89,25
33,89,26
33,89,27
33,89,28
33,89,29
33,89,30
33,89,31
33,89,32
33,89,33
33,89,34
33,89,35
33,89,36
33,89,37
33,90,22
33,90,23
33,90,24
33,90,25
33,90,26
33,90,27
33,90,28
33,90,29
33,90,30
33,90,31
33,90,32
33,90,33
33,90,34
33,90,35
33,90,36
33,91,23
33,91,24
33,91,25
33,91,26
33,91,27
33,91,28
33,91,29
33,91,30
33,91,31
33,91,32
33,91,33
33,91,34
33,91,35
33,92,23
33,92,24
33,92,25
33,92,26
33,92,27
33,92,28
33,92,29
33,92,30
33,92,31
33,92,32
33,92,33
33,92,34
33,93,24
33,93,25
33,93,26
33,93,27
33,93,28
33,93,29
33,93,30
33,93,31
33,93,32
33,93,33
33,94,24
33,94,25
33,94,26
33,94,27
33,94,28
33,94,29
33,94,30
33,94,31
33,94,32
33,95,25
33,95,26
33,95,27
33,95,28
33,95,29
33,95,30
33,96,27
33,96,28
34,66,44
34,66,45
34,66,46
34,66,47
34,66,48
34,66,49
34,67,41
34,67,42
34,67,43
34,67,44
34,67,45
34,67,46
34,67,47
34,67,48
34,67,49
34,68,39
34,68,40
34,68,41
34,68,42
34,68,43
34,68,44
34,68,45
34,68,46
34,68,47
34,68,48
34,68,49
34,68,50
34,69,36
34,69,37
34,69,38
34,69,39
34,69,40
34,69,41
34,69,42
34,69,43
34,69,44
34,69,45
34,69,46
34,69,47
34,69,48
34,69,49
34,69,50
34,69,51
34,70,36
34,70,37
34,70,38
34,70,39
34,70,40
34,70,41
34,70,42
34,70,43
34,70,44
34,70,45
34,70,46
34,70,47
34,70,48
34,70,49
34,70,50
34,70,51
34,71,35
34,71,36
34,71,37
34,71,38
34,71,42
34,71,43
34,71,44
34,71,45
34,71,46
34,71,47
34,71,48
34,71,49
34,71,50
34,71,51
34,72,32
34,72,33
34,72,34
34,72,35
34,72,36
34,72,37
34,72,41
34,72,42
34,72,43
34,72,44
34,72,45
34,72,46
34,72,47
34,72,48
34,72,49
34,72,50
34,72,51
34,73,33
34,73,34
34,73,35
34,73,36
34,73,40
34,73,41
34,73,42
34,73,43
34,73,44
34,73,45
34,73,46
34,73,47
34,73,48
34,73,49
34,73,50
34,73,51
34,74,32
34,74,33
34,74,34
34,74,35
34,74,39
34,74,40
34,74,41
34,74,42
34,74,43
34,74,44
34,74,45
34,74,46
34,74,47
34,74,48
34,74,49
34,74,50
34,74,51
34,75,30
34,75,31
34,75,32
34,75,33
34,75,34
34,75,38
34,75,39
34,75,40
34,75,41
34,75,42
34,75,43
34,75,44
34,75,45
34,75,46
34,75,47
34,75,48
34,75,49
34,75,50
34,75,51
34,76,27
34,76,28
34,76,29
34,76,30
34,76,31
34,76,32
34,76,33
34,76,34
34,76,35
34,76,37
34,76,38
34,76,39
34,76,40
34,76,41
34,76,42
34,76,43
34,76,44
34,76,45
34,76,46
34,76,47
34,76,48
34,76,49
34,76,50
34,76,51
34,77,25
34,77,26
34,77,27
34,77,28
34,77,29
34,77,30
34,77,31
34,77,32
34,77,33
34,77,34
34,77,35
34,77,36
34,77,37
34,77,38
34,77,39
34,77,40
34,77,41
34,77,42
34,77,43
34,77,44
34,77,45
34,77,46
34,77,47
34,77,48
34,77,49
34,77,50
34,77,51
34,78,23
34,78,24
34,78,25
34,78,26
34,78,27
34,78,28
34,78,29
34,78,30
34,78,31
34,78,32
34,78,33
34,78,34
34,78,35
34,78,36
34,78,37
34,78,38
34,78,39
34,78,40
34,78,41
34,78,42
34,78,43
34,78,44
34,78,45
34,78,46
34,78,47
34,78,48
34,78,49
34,78,50
34,79,23
34,79,24
34,79,25
34,79,26
34,79,27
34,79,28
34,79,29
34,79,30
34,79,31
34,79,32
34,79,33
34,79,34
34,79,35
34,79,36
34,79,37
34,79,38
34,79,39
34,79,40
34,79,41
34,79,42
34,79,43
34,79,44
34,79,45
34,79,46
34,79,47
34,79,48
34,80,21
34,80,22
34,80,23
34,80,24
34,80,25
34,80,26
34,80,27
34,80,28
34,80,29
34,80,30
34,80,31
34,80,32
34,80,33
34,80,34
34,80,35
34,80,36
34,80,37
34,80,38
34,80,39
34,80,40
34,80,41
34,80,42
34,80,43
34,80,44
34,80,45
34,80,46
34,81,21
34,81,22
34,81,23
34,81,24
34,81,25
34,81,26
34,81,27
34,81,28
34,81,29
34,81,30
34,81,31
34,81,32
34,81,33
34,81,34
34,81,35
34,81,36
34,81,37
34,81,38
34,81,39
34,81,40
34,81,41
34,81,42
34,81,43
34,81,44
34,81,45
34,82,21
34,82,22
34,82,23
34,82,24
34,82,25
34,82,26
34,82,27
34,82,28
34,82,29
34,82,30
34,82,31
34,82,32
34,82,33
34,82,34
34,82,35
34,82,36
34,82,37
34,82,38
34,82,39
34,82,40
34,82,41
34,82,42
34,82,43
34,82,44
34,82,45
34,83,21
34,83,22
34,83,23
34,83,24
34,83,25
34,83,26
34,83,27
34,83,28
34,83,29
34,83,30
34,83,31
34,83,32
34,83,33
34,83,34
34,83,35
34,83,36
34,83,37
34,83,38
34,83,39
34,83,40
34,83,41
34,83,42
34,83,43
34,83,44
34,84,21
34,84,22
34,84,23
34,84,24
34,84,25
34,84,26
34,84,27
34,84,28
34,84,29
34,84,30
34,84,31
34,84,32
34,84,33
34,84,34
34,84,35
34,84,36
34,84,37
34,84,38
34,84,39
34,84,40
34,84,41
34,84,42
34,84,43
34,85,21
34,85,22
34,85,23
34,85,24
34,85,25
34,85,26
34,85,27
34,85,28
34,85,29
34,85,30
34,85,31
34,85,32
34,85,33
34,85,34
34,85,35
34,85,36
34,85,37
34,85,38
34,85,39
34,85,40
34,85,41
34,85,42
34,86,22
34,86,23
34,86,24
34,86,25
34,86,26
34,86,27
34,86,28
34,86,29
34,86,30
34,86,31
34,86,32
34,86,33
34,86,34
34,86,35
34,86,36
34,86,37
34,86,38
34,86,39
34,86,40
34,87,22
34,87,23
34,87,24
34,87,25
34,87,26
34,87,27
34,87,28
34,87,29
34,87,30
34,87,31
34,87,32
34,87,33
34,87,34
34,87,35
34,87,36
34,87,37
34,87,38
34,87,39
34,88,21
34,88,22
34,88,23
34,88,24
34,88,25
34,88,26
34,88,27
34,88,28
34,88,29
34,88,30
34,88,31
34,88,32
34,88,33
34,88,34
34,88,35
34,88,36
34,88,37
34,89,21
34,89,22
34,89,23
34,89,24
34,89,25
34,89,26
34,89,27
34,89,28
34,89,29
34,89,30
34,89,31
34,89,32
34,89,33
34,89,34
34,89,35
34,89,36
34,89,37
34,90,22
34,90,23
34,90,24
34,90,25
34,90,26
34,90,27
34,90,28
34,90,29
34,90,30
34,90,31
34,90,32
34,90,33
34,90,34
34,90,35
34,90,36
34,91,22
34,91,23
34,91,24
34,91,25
34,91,26
34,91,27
34,91,28
34,91,29
34,91,30
34,91,31
34,91,32
34,91,33
34,91,34
34,91,35
34,92,23
34,92,24
34,92,25
34,92,26
34,92,27
34,92,28
34,92,29
34,92,30
34,92,31
34,92,32
34,92,33
34,93,23
34,93,24
34,93,25
34,93,26
34,93,27
34,93,28
34,93,29
34,93,30
34,93,31
34,93,32
34,93,33
34,94,24
34,94,25
34,94,26
34,94,27
34,94,28
34,94,29
34,94,30
34,94,31
34,94,32
34,95,24
34,95,25
34,95,26
34,95,27
34,95,28
34,95,29
34,95,30
34,95,31
34,96,25
34,96,26
34,96,27
34,96,28
34,96,29
34,96,30
35,65,46
35,65,47
35,65,48
35,65,49
35,65,50
35,66,44
35,66,45
35,66,46
35,66,47
35,66,48
35,66,49
35,66,50
35,66,51
35,67,42
35,67,43
35,67,44
35,67,45
35,67,46
35,67,47
35,67,48
35,67,49
35,67,50
35,67,51
35,67,52
35,68,39
35,68,40
35,68,41
35,68,42
35,68,43
35,68,44
35,68,45
35,68,46
35,68,47
35,68,48
35,68,49
35,68,50
35,68,51
35,68,52
35,68,53
35,69,34
35,69,35
35,69,36
35,69,37
35,69,38
35,69,39
35,69,40
35,69,41
35,69,42
35,69,43
35,69,44
35,69,45
35,69,46
35,69,47
35,69,48
35,69,49
35,69,50
35,69,51
35,69,52
35,69,53
35,70,34
35,70,35
35,70,36
35,70,37
35,70,38
35,70,39
35,70,40
35,70,46
35,70,47
35,70,48
35,70,49
35,70,50
35,70,51
35,70,52
35,70,53
35,71,33
35,71,34
35,71,35
35,71,36
35,71,37
35,71,38
35,71,45
35,71,46
35,71,47
35,71,48
35,71,49
35,71,50
35,71,51
35,71,52
35,71,53
35,71,54
35,72,32
35,72,33
35,72,34
35,72,35
35,72,36
35,72,37
35,72,43
35,72,44
35,72,45
35,72,46
35,72,47
35,72,48
35,72,49
35,72,50
35,72,51
35,72,52
35,72,53
35,72,54
35,73,33
35,73,34
35,73,35
35,73,36
35,73,42
35,73,43
35,73,44
35,73,45
35,73,46
35,73,47
35,73,48
35,73,49
35,73,50
35,73,51
35,73,52
35,73,53
35,73,54
35,74,32
35,74,33
35,74,34
35,74,35
35,74,41
35,74,42
35,74,43
35,74,44
35,74,45
35,74,46
35,74,47
35,74,48
35,74,49
35,74,50
35,74,51
35,74,52
35,74,53
35,74,54
35,75,30
35,75,31
35,75,32
35,75,33
35,75,34
35,75,39
35,75,40
35,75,41
35,75,42
35,75,43
35,75,44
35,75,45
35,75,46
35,75,47
35,75,48
35,75,49
35,75,50
35,75,51
35,75,52
35,75,53
35,75,54
35,76,27
35,76,28
35,76,29
35,76,30
35,76,31
35,76,32
35,76,33
35,76,34
35,76,38
35,76,39
35,76,40
35,76,41
35,76,42
35,76,43
35,76,44
35,76,45
35,76,46
35,76,47
35,76,48
35,76,49
35,76,50
35,76,51
35,76,52
35,76,53
35,76,54
35,77,25
35,77,26
35,77,27
35,77,28
35,77,29
35,77,30
35,77,31
35,77,32
35,77,33
35,77,34
35,77,35
35,77,36
35,77,37
35,77,38
35,77,39
35,77,40
35,77,41
35,77,42
35,77,43
35,77,44
35,77,45
35,77,46
35,77,47
35,77,48
35,77,49
35,77,50
35,77,51
35,78,23
35,78,24
35,78,25
35,78,26
35,78,27
35,78,28
35,78,29
35,78,30
35,78,31
35,78,32
35,78,33
35,78,34
35,78,35
35,78,36
35,78,37
35,78,38
35,78,39
35,78,40
35,78,41
35,78,42
35,78,43
35,78,44
35,78,45
35,78,46
35,78,47
35,78,48
35,78,49
35,78,50
35,78,51
35,78,52
35,78,53
35,79,23
35,79,24
35,79,25
35,79,26
35,79,27
35,79,28
35,79,29
35,79,30
35,79,31
35,79,32
35,79,33
35,79,34
35,79,35
35,79,36
35,79,37
35,79,38
35,79,39
35,79,40
35,79,41
35,79,42
35,79,43
35,79,44
35,79,45
35,79,46
35,79,47
35,79,48
35,79,49
35,79,50
35,80,20
35,80,21
35,80,22
35,80,23
35,80,24
35,80,25
35,80,26
35,80,27
35,80,28
35,80,29
35,80,30
35,80,31
35,80,32
35,80,33
35,80,34
35,80,35
35,80,36
35,80,37
35,80,38
35,80,39
35,80,40
35,80,41
35,80,42
35,80,43
35,80,44
35,80,45
35,80,46
35,81,21
35,81,22
35,81,23
35,81,24
35,81,25
35,81,26
35,81,27
35,81,28
35,81,29
35,81,30
35,81,31
35,81,32
35,81,33
35,81,34
35,81,35
35,81,36
35,81,37
35,81,38
35,81,39
35,81,40
35,81,41
35,81,42
35,81,43
35,81,44
35,81,45
35,81,46
35,82,21
35,82,22
35,82,23
35,82,24
35,82,25
35,82,26
35,82,27
35,82,28
35,82,29
35,82,30
35,82,31
35,82,32
35,82,33
35,82,34
35,82,35
35,82,36
35,82,37
35,82,38
35,82,39
35,82,40
35,82,41
35,82,42
35,82,43
35,82,44
35,83,21
35,83,22
35,83,23
35,83,24
35,83,25
35,83,26
35,83,27
35,83,28
35,83,29
35,83,30
35,83,31
35,83,32
35,83,33
35,83,34
35,83,35
35,83,36
35,83,37
35,83,38
35,83,39
35,83,40
35,83,41
35,83,42
35,83,43
35,84,21
35,84,22
35,84,23
35,84,24
35,84,25
35,84,26
35,84,27
35,84,28
35,84,29
35,84,30
35,84,31
35,84,32
35,84,33
35,84,34
35,84,35
35,84,36
35,84,37
35,84,38
35,84,39
35,84,40
35,84,41
35,84,42
35,84,43
35,85,21
35,85,22
35,85,23
35,85,24
35,85,25
35,85,26
35,85,27
35,85,28
35,85,29
35,85,30
35,85,31
35,85,32
35,85,33
35,85,34
35,85,35
35,85,36
35,85,37
35,85,38
35,85,39
35,85,40
35,85,41
35,86,22
35,86,23
35,86,24
35,86,25
35,86,26
35,86,27
35,86,28
35,86,29
35,86,30
35,86,31
35,86,32
35,86,33
35,86,34
35,86,35
35,86,36
35,86,37
35,86,38
35,86,39
35,87,21
35,87,22
35,87,23
35,87,24
35,87,25
35,87,26
35,87,27
35,87,28
35,87,29
35,87,30
35,87,31
35,87,32
35,87,33
35,87,34
35,87,35
35,87,36
35,87,37
35,87,38
35,88,21
35,88,22
35,88,23
35,88,24
35,88,25
35,88,26
35,88,27
35,88,28
35,88,29
35,88,30
35,88,31
35,88,32
35,88,33
35,88,34
35,88,35
35,88,36
35,88,37
35,89,21
35,89,22
35,89,23
35,89,24
35,89,25
35,89,26
35,89,27
35,89,28
35,89,29
35,89,30
35,89,31
35,89,32
35,89,33
35,89,34
35,89,35
35,89,36
35,89,37
35,90,22
35,90,23
35,90,24
35,90,25
35,90,26
35,90,27
35,90,28
35,90,29
35,90,30
35,90,31
35,90,32
35,90,33
35,90,34
35,90,35
35,90,36
35,91,22
35,91,23
35,91,24
35,91,25
35,91,26
35,91,27
35,91,28
35,91,29
35,91,30
35,91,31
35,91,32
35,91,33
35,91,34
35,92,19
35,92,22
35,92,23
35,92,24
35,92,25
35,92,26
35,92,27
35,92,28
35,92,29
35,92,30
35,92,31
35,92,32
35,92,33
35,93,21
35,93,22
35,93,23
35,93,24
35,93,25
35,93,26
35,93,27
35,93,28
35,93,29
35,93,30
35,93,31
35,93,32
35,93,33
35,94,22
35,94,23
35,94,24
35,94,25
35,94,26
35,94,27
35,94,28
35,94,29
35,94,30
35,94,31
35,94,32
35,95,23
35,95,24
35,95,25
35,95,26
35,95,27
35,95,28
35,95,29
35,95,30
35,96,25
35,96,26
35,96,27
35,96,28
35,96,29
35,96,30
36,65,42
36,65,46
36,65,47
36,65,48
36,65,49
36,65,50
36,65,51
36,66,40
36,66,41
36,66,42
36,66,43
36,66,44
36,66,45
36,66,46
36,66,47
36,66,48
36,66,49
36,66,50
36,66,51
36,66,52
36,67,42
36,67,43
36,67,44
36,67,45
36,67,46
36,67,47
36,67,48
36,67,49
36,67,50
36,67,51
36,67,52
36,67,53
36,68,38
36,68,39
36,68,40
36,68,41
36,68,42
36,68,43
36,68,44
36,68,45
36,68,46
36,68,47
36,68,48
36,68,49
36,68,50
36,68,51
36,68,52
36,68,53
36,68,54
36,68,55
36,69,34
36,69,35
36,69,36
36,69,37
36,69,38
36,69,39
36,69,40
36,69,41
36,69,42
36,69,43
36,69,47
36,69,48
36,69,49
36,69,50
36,69,51
36,69,52
36,69,53
36,69,54
36,69,55
36,70,34
36,70,35
36,70,36
36,70,37
36,70,38
36,70,39
36,70,40
36,70,41
36,70,47
36,70,48
36,70,49
36,70,50
36,70,51
36,70,52
36,70,53
36,70,54
36,70,55
36,70,56
36,71,33
36,71,34
36,71,35
36,71,36
36,71,37
36,71,38
36,71,39
36,71,47
36,71,48
36,71,49
36,71,50
36,71,51
36,71,52
36,71,53
36,71,54
36,71,55
36,71,56
36,72,32
36,72,33
36,72,34
36,72,35
36,72,36
36,72,37
36,72,38
36,72,46
36,72,47
36,72,48
36,72,49
36,72,50
36,72,51
36,72,52
36,72,53
36,72,54
36,72,55
36,72,56
36,73,32
36,73,33
36,73,34
36,73,35
36,73,36
36,73,37
36,73,44
36,73,45
36,73,46
36,73,47
36,73,48
36,73,49
36,73,50
36,73,51
36,73,52
36,73,53
36,73,54
36,73,55
36,74,32
36,74,33
36,74,34
36,74,35
36,74,36
36,74,42
36,74,43
36,74,44
36,74,45
36,74,46
36,74,47
36,74,48
36,74,49
36,74,50
36,74,51
36,74,52
36,74,53
36,74,54
36,74,55
36,74,56
36,75,30
36,75,31
36,75,32
36,75,33
36,75,34
36,75,35
36,75,41
36,75,42
36,75,43
36,75,44
36,75,45
36,75,46
36,75,47
36,75,48
36,75,49
36,75,50
36,75,51
36,75,52
36,75,53
36,75,54
36,76,28
36,76,29
36,76,30
36,76,31
36,76,32
36,76,33
36,76,34
36,76,35
36,76,40
36,76,41
36,76,42
36,76,43
36,76,44
36,76,45
36,76,46
36,76,47
36,76,48
36,76,49
36,76,50
36,76,51
36,76,52
36,76,53
36,77,26
36,77,27
36,77,28
36,77,29
36,77,30
36,77,31
36,77,32
36,77,33
36,77,34
36,77,35
36,77,36
36,77,39
36,77,40
36,77,41
36,77,42
36,77,43
36,77,44
36,77,45
36,77,46
36,77,47
36,77,48
36,77,49
36,77,50
36,78,24
36,78,25
36,78,26
36,78,27
36,78,28
36,78,29
36,78,30
36,78,31
36,78,32
36,78,33
36,78,34
36,78,35
36,78,36
36,78,38
36,78,39
36,78,40
36,78,41
36,78,42
36,78,43
36,78,44
36,78,45
36,78,46
36,78,47
36,78,48
36,78,49
36,78,50
36,79,25
36,79,26
36,79,27
36,79,28
36,79,29
36,79,30
36,79,31
36,79,32
36,79,33
36,79,34
36,79,37
36,79,38
36,79,39
36,79,40
36,79,41
36,79,42
36,79,43
36,79,44
36,79,45
36,79,46
36,79,47
36,79,48
36,79,49
36,80,20
36,80,21
36,80,22
36,80,23
36,80,24
36,80,25
36,80,26
36,80,27
36,80,28
36,80,29
36,80,30
36,80,31
36,80,32
36,80,33
36,80,37
36,80,38
36,80,39
36,80,40
36,80,41
36,80,42
36,80,43
36,80,44
36,80,45
36,81,23
36,81,24
36,81,25
36,81,26
36,81,27
36,81,28
36,81,29
36,81,30
36,81,31
36,81,32
36,81,37
36,81,38
36,81,39
36,81,40
36,81,41
36,81,42
36,81,43
36,81,44
36,81,45
36,82,20
36,82,21
36,82,22
36,82,23
36,82,24
36,82,25
36,82,26
36,82,27
36,82,28
36,82,29
36,82,30
36,82,31
36,82,32
36,82,36
36,82,37
36,82,38
36,82,39
36,82,40
36,82,41
36,82,42
36,82,43
36,83,20
36,83,21
36,83,22
36,83,23
36,83,24
36,83,25
36,83,26
36,83,27
36,83,28
36,83,29
36,83,30
36,83,31
36,83,32
36,83,35
36,83,36
36,83,37
36,83,38
36,83,39
36,83,40
36,83,41
36,83,42
36,84,19
36,84,20
36,84,21
36,84,22
36,84,23
36,84,24
36,84,25
36,84,26
36,84,27
36,84,28
36,84,29
36,84,30
36,84,31
36,84,35
36,84,36
36,84,37
36,84,38
36,84,39
36,84,40
36,84,41
36,84,42
36,85,21
36,85,22
36,85,23
36,85,24
36,85,25
36,85,26
36,85,27
36,85,28
36,85,29
36,85,30
36,85,34
36,85,35
36,85,36
36,85,37
36,85,38
36,85,39
36,85,40
36,86,22
36,86,23
36,86,24
36,86,25
36,86,26
36,86,27
36,86,28
36,86,29
36,86,32
36,86,33
36,86,34
36,86,35
36,86,36
36,86,37
36,86,38
36,87,21
36,87,22
36,87,23
36,87,24
36,87,25
36,87,26
36,87,27
36,87,28
36,87,32
36,87,33
36,87,34
36,87,35
36,87,36
36,87,37
36,88,21
36,88,22
36,88,23
36,88,24
36,88,25
36,88,26
36,88,27
36,88,28
36,88,29
36,88,31
36,88,32
36,88,33
36,88,34
36,88,35
36,88,36
36,89,19
36,89,20
36,89,21
36,89,22
36,89,23
36,89,24
36,89,25
36,89,26
36,89,27
36,89,28
36,89,29
36,89,30
36,89,31
36,89,32
36,89,33
36,89,34
36,89,35
36,89,36
36,90,20
36,90,21
36,90,22
36,90,23
36,90,24
36,90,25
36,90,26
36,90,27
36,90,28
36,90,29
36,90,30
36,90,31
36,90,32
36,90,33
36,90,34
36,90,35
36,91,21
36,91,22
36,91,23
36,91,24
36,91,25
36,91,26
36,91,27
36,91,28
36,91,29
36,91,30
36,91,31
36,91,32
36,91,33
36,91,34
36,92,19
36,92,20
36,92,21
36,92,22
36,92,23
36,92,24
36,92,25
36,92,26
36,92,27
36,92,28
36,92,29
36,92,30
36,92,31
36,92,32
36,92,33
36,93,21
36,93,22
36,93,23
36,93,24
36,93,25
36,93,26
36,93,27
36,93,28
36,93,29
36,93,30
36,93,31
36,93,32
36,94,21
36,94,22
36,94,23
36,94,24
36,94,25
36,94,26
36,94,27
36,94,28
36,94,29
36,94,30
36,94,31
36,94,32
36,95,22
36,95,23
36,95,24
36,95,25
36,95,26
36,95,27
36,95,28
36,95,29
36,95,30
36,96,25
36,96,26
36,96,27
36,96,28
36,96,29
36,96,30
37,65,42
37,65,43
37,65,44
37,65,45
37,65,46
37,65,47
37,65,48
37,65,49
37,65,50
37,65,51
37,65,52
37,66,40
37,66,41
37,66,42
37,66,43
37,66,44
37,66,45
37,66,46
37,66,47
37,66,48
37,66,49
37,66,50
37,66,51
37,66,52
37,66,53
37,66,54
37,67,39
37,67,40
37,67,41
37,67,42
37,67,43
37,67,44
37,67,45
37,67,46
37,67,47
37,67,48
37,67,49
37,67,50
37,67,51
37,67,52
37,67,53
37,67,54
37,67,55
37,68,38
37,68,39
37,68,40
37,68,41
37,68,42
37,68,43
37,68,44
37,68,45
37,68,46
37,68,47
37,68,48
37,68,49
37,68,50
37,68,51
37,68,52
37,68,53
37,68,54
37,68,55
37,68,56
37,69,33
37,69,34
37,69,35
37,69,36
37,69,37
37,69,38
37,69,39
37,69,40
37,69,41
37,69,42
37,69,43
37,69,44
37,69,45
37,69,47
37,69,48
37,69,49
37,69,50
37,69,51
37,69,52
37,69,53
37,69,54
37,69,55
37,69,56
37,70,34
37,70,35
37,70,36
37,70,37
37,70,38
37,70,39
37,70,40
37,70,41
37,70,42
37,70,43
37,70,47
37,70,48
37,70,49
37,70,50
37,70,51
37,70,52
37,70,53
37,70,54
37,70,55
37,70,56
37,71,33
37,71,34
37,71,35
37,71,36
37,71,37
37,71,38
37,71,39
37,71,40
37,71,41
37,71,47
37,71,48
37,71,49
37,71,50
37,71,51
37,71,52
37,71,53
37,71,54
37,71,55
37,72,31
37,72,32
37,72,33
37,72,34
37,72,35
37,72,36
37,72,37
37,72,38
37,72,39
37,72,47
37,72,48
37,72,49
37,72,50
37,72,51
37,72,52
37,72,53
37,72,54
37,72,55
37,73,32
37,73,33
37,73,34
37,73,35
37,73,36
37,73,37
37,73,38
37,73,47
37,73,48
37,73,49
37,73,50
37,73,51
37,73,52
37,73,53
37,73,54
37,73,55
37,74,31
37,74,32
37,74,33
37,74,34
37,74,35
37,74,36
37,74,37
37,74,38
37,74,45
37,74,46
37,74,47
37,74,48
37,74,49
37,74,50
37,74,51
37,74,52
37,74,53
37,74,54
37,75,29
37,75,30
37,75,31
37,75,32
37,75,33
37,75,34
37,75,35
37,75,36
37,75,37
37,75,38
37,75,43
37,75,44
37,75,45
37,75,46
37,75,47
37,75,48
37,75,49
37,75,50
37,75,51
37,75,52
37,75,53
37,76,28
37,76,29
37,76,30
37,76,31
37,76,32
37,76,33
37,76,34
37,76,35
37,76,36
37,76,37
37,76,42
37,76,43
37,76,44
37,76,45
37,76,46
37,76,47
37,76,48
37,76,49
37,76,50
37,76,51
37,76,52
37,77,28
37,77,29
37,77,30
37,77,31
37,77,32
37,77,33
37,77,34
37,77,35
37,77,36
37,77,41
37,77,42
37,77,43
37,77,44
37,77,45
37,77,46
37,77,47
37,77,48
37,77,49
37,78,26
37,78,27
37,78,28
37,78,29
37,78,30
37,78,31
37,78,32
37,78,33
37,78,34
37,78,35
37,78,40
37,78,41
37,78,42
37,78,43
37,78,44
37,78,45
37,78,46
37,78,47
37,78,48
37,78,49
37,79,26
37,79,27
37,79,28
37,79,29
37,79,30
37,79,31
37,79,32
37,79,33
37,79,39
37,79,40
37,79,41
37,79,42
37,79,43
37,79,44
37,79,45
37,79,46
37,79,47
37,79,48
37,80,20
37,80,21
37,80,22
37,80,23
37,80,24
37,80,25
37,80,26
37,80,27
37,80,28
37,80,29
37,80,30
37,80,31
37,80,38
37,80,39
37,80,40
37,80,41
37,80,42
37,80,43
37,80,44
37,81,24
37,81,25
37,81,26
37,81,27
37,81,30
37,81,38
37,81,39
37,81,40
37,81,41
37,81,42
37,81,43
37,81,44
37,82,19
37,82,20
37,82,21
37,82,22
37,82,23
37,82,24
37,82,25
37,82,26
37,82,27
37,82,37
37,82,38
37,82,39
37,82,40
37,82,41
37,82,42
37,82,43
37,83,20
37,83,21
37,83,22
37,83,23
37,83,24
37,83,25
37,83,26
37,83,36
37,83,37
37,83,38
37,83,39
37,83,40
37,83,41
37,84,18
37,84,19
37,84,20
37,84,21
37,84,22
37,84,23
37,84,24
37,84,25
37,84,26
37,84,35
37,84,36
37,84,37
37,84,38
37,84,39
37,84,40
37,84,41
37,85,21
37,85,22
37,85,23
37,85,24
37,85,25
37,85,26
37,85,27
37,85,34
37,85,35
37,85,36
37,85,37
37,85,38
37,85,39
37,86,22
37,86,23
37,86,24
37,86,25
37,86,26
37,86,27
37,86,33
37,86,34
37,86,35
37,86,36
37,86,37
37,87,22
37,87,23
37,87,24
37,87,25
37,87,26
37,87,27
37,87,28
37,87,32
37,87,33
37,87,34
37,87,35
37,87,36
37,88,22
37,88,23
37,88,24
37,88,25
37,88,26
37,88,27
37,88,28
37,88,31
37,88,32
37,88,33
37,88,34
37,88,35
37,89,20
37,89,21
37,89,22
37,89,23
37,89,24
37,89,25
37,89,26
37,89,27
37,89,28
37,89,29
37,89,30
37,89,31
37,89,32
37,89,33
37,89,34
37,89,35
37,90,21
37,90,22
37,90,23
37,90,24
37,90,25
37,90,26
37,90,27
37,90,28
37,90,29
37,90,30
37,90,31
37,90,32
37,90,33
37,90,34
37,90,35
37,91,21
37,91,22
37,91,23
37,91,24
37,91,25
37,91,26
37,91,27
37,91,28
37,91,29
37,91,30
37,91,31
37,91,32
37,91,33
37,92,19
37,92,20
37,92,21
37,92,22
37,92,23
37,92,24
37,92,25
37,92,26
37,92,27
37,92,28
37,92,29
37,92,30
37,92,31
37,92,32
37,93,22
37,93,23
37,93,24
37,93,25
37,93,26
37,93,27
37,93,28
37,93,29
37,93,30
37,93,31
37,93,32
37,94,21
37,94,22
37,94,23
37,94,24
37,94,25
37,94,26
37,94,27
37,94,28
37,94,29
37,94,30
37,94,31
37,94,32
37,94,33
37,94,34
37,95,23
37,95,24
37,95,25
37,95,26
37,95,27
37,95,28
37,95,29
37,95,30
37,96,25
37,96,26
37,96,27
37,96,28
37,96,29
37,96,30
38,65,42
38,65,43
38,65,44
38,65,45
38,65,46
38,65,47
38,65,48
38,65,49
38,65,50
38,65,51
38,65,52
38,65,53
38,66,39
38,66,40
38,66,41
38,66,42
38,66,43
38,66,44
38,66,45
38,66,46
38,66,47
38,66,48
38,66,49
38,66,50
38,66,51
38,66,52
38,66,53
38,66,54
38,66,55
38,67,39
38,67,40
38,67,41
38,67,42
38,67,43
38,67,44
38,67,45
38,67,46
38,67,47
38,67,48
38,67,49
38,67,50
38,67,51
38,67,52
38,67,53
38,67,54
38,67,55
38,67,56
38,68,37
38,68,38
38,68,39
38,68,40
38,68,41
38,68,42
38,68,43
38,68,44
38,68,45
38,68,46
38,68,47
38,68,48
38,68,49
38,68,50
38,68,51
38,68,52
38,68,53
38,68,54
38,68,55
38,69,33
38,69,34
38,69,35
38,69,36
38,69,37
38,69,38
38,69,39
38,69,40
38,69,41
38,69,42
38,69,43
38,69,44
38,69,45
38,69,46
38,69,47
38,69,48
38,69,49
38,69,50
38,69,51
38,69,52
38,69,53
38,69,54
38,69,55
38,69,56
38,70,33
38,70,34
38,70,35
38,70,36
38,70,37
38,70,38
38,70,39
38,70,40
38,70,41
38,70,42
38,70,43
38,70,44
38,70,45
38,70,47
38,70,48
38,70,49
38,70,50
38,70,51
38,70,52
38,70,53
38,70,54
38,70,55
38,71,32
38,71,33
38,71,34
38,71,35
38,71,36
38,71,37
38,71,38
38,71,39
38,71,40
38,71,41
38,71,42
38,71,43
38,71,47
38,71,48
38,71,49
38,71,50
38,71,51
38,71,52
38,71,53
38,71,54
38,72,31
38,72,32
38,72,33
38,72,34
38,72,35
38,72,36
38,72,37
38,72,38
38,72,39
38,72,40
38,72,41
38,72,47
38,72,48
38,72,49
38,72,50
38,72,51
38,72,52
38,72,53
38,72,54
38,73,31
38,73,32
38,73,33
38,73,34
38,73,35
38,73,36
38,73,37
38,73,38
38,73,39
38,73,40
38,73,48
38,73,49
38,73,50
38,73,51
38,73,52
38,73,53
38,74,31
38,74,32
38,74,33
38,74,34
38,74,35
38,74,36
38,74,37
38,74,38
38,74,39
38,74,40
38,74,47
38,74,48
38,74,49
38,74,50
38,74,51
38,74,52
38,74,53
38,75,30
38,75,31
38,75,32
38,75,33
38,75,34
38,75,35
38,75,36
38,75,37
38,75,38
38,75,39
38,75,46
38,75,47
38,75,48
38,75,49
38,75,50
38,75,51
38,75,52
38,76,30
38,76,31
38,76,32
38,76,33
38,76,34
38,76,35
38,76,36
38,76,37
38,76,38
38,76,44
38,76,45
38,76,46
38,76,47
38,76,48
38,76,49
38,76,50
38,76,51
38,77,33
38,77,34
38,77,35
38,77,36
38,77,42
38,77,43
38,77,44
38,77,45
38,77,46
38,77,47
38,77,48
38,78,41
38,78,42
38,78,43
38,78,44
38,78,45
38,78,46
38,78,47
38,78,48
38,79,40
38,79,41
38,79,42
38,79,43
38,79,44
38,79,45
38,79,46
38,79,47
38,80,22
38,80,23
38,80,24
38,80,39
38,80,40
38,80,41
38,80,42
38,80,43
38,81,25
38,81,38
38,81,39
38,81,40
38,81,41
38,81,42
38,81,43
38,81,44
38,82,20
38,82,21
38,82,22
38,82,23
38,82,24
38,82,25
38,82,37
38,82,38
38,82,39
38,82,40
38,82,41
38,82,42
38,83,20
38,83,21
38,83,22
38,83,23
38,83,24
38,83,25
38,83,36
38,83,37
38,83,38
38,83,39
38,83,40
38,84,19
38,84,20
38,84,21
38,84,22
38,84,23
38,84,24
38,84,25
38,84,35
38,84,36
38,84,37
38,84,38
38,84,39
38,84,40
38,85,23
38,85,24
38,85,25
38,85,34
38,85,35
38,85,36
38,85,37
38,85,38
38,86,24
38,86,25
38,86,26
38,86,33
38,86,34
38,86,35
38,86,36
38,86,37
38,87,22
38,87,23
38,87,24
38,87,25
38,87,26
38,87,27
38,87,32
38,87,33
38,87,34
38,87,35
38,87,36
38,88,22
38,88,23
38,88,24
38,88,25
38,88,26
38,88,27
38,88,28
38,88,31
38,88,32
38,88,33
38,88,34
38,88,35
38,89,21
38,89,22
38,89,23
38,89,24
38,89,25
38,89,26
38,89,27
38,89,28
38,89,29
38,89,30
38,89,31
38,89,32
38,89,33
38,89,34
38,89,35
38,90,21
38,90,22
38,90,23
38,90,24
38,90,25
38,90,26
38,90,27
38,90,28
38,90,29
38,90,30
38,90,31
38,90,32
38,90,33
38,90,34
38,91,22
38,91,23
38,91,24
38,91,25
38,91,26
38,91,27
38,91,28
38,91,29
38,91,30
38,91,31
38,91,32
38,91,33
38,92,19
38,92,20
38,92,21
38,92,22
38,92,23
38,92,24
38,92,25
38,92,26
38,92,27
38,92,28
38,92,29
38,92,30
38,92,31
38,92,32
38,93,22
38,93,23
38,93,24
38,93,25
38,93,26
38,93,27
38,93,28
38,93,29
38,93,30
38,93,31
38,93,32
38,94,21
38,94,22
38,94,23
38,94,24
38,94,25
38,94,26
38,94,27
38,94,28
38,94,29
38,94,30
38,94,31
38,94,32
38,94,33
38,95,23
38,95,24
38,95,25
38,95,26
38,95,27
38,95,28
38,95,29
38,95,30
38,96,25
38,96,26
38,96,27
38,96,28
38,96,29
38,96,30
39,65,42
39,65,43
39,65,44
39,65,45
39,65,46
39,65,47
39,65,48
39,65,49
39,65,50
39,65,51
39,65,52
39,65,53
39,66,39
39,66,40
39,66,41
39,66,42
39,66,43
39,66,44
39,66,45
39,66,46
39,66,47
39,66,48
39,66,49
39,66,50
39,66,51
39,66,52
39,66,53
39,66,54
39,67,38
39,67,39
39,67,40
39,67,41
39,67,42
39,67,43
39,67,44
39,67,45
39,67,46
39,67,47
39,67,48
39,67,49
39,67,50
39,67,51
39,67,52
39,67,53
39,67,54
39,67,55
39,67,56
39,67,57
39,68,37
39,68,38
39,68,39
39,68,40
39,68,41
39,68,42
39,68,43
39,68,44
39,68,45
39,68,46
39,68,47
39,68,48
39,68,49
39,68,50
39,68,51
39,68,52
39,68,53
39,68,54
39,69,34
39,69,35
39,69,36
39,69,37
39,69,38
39,69,39
39,69,40
39,69,41
39,69,42
39,69,43
39,69,44
39,69,45
39,69,46
39,69,47
39,69,48
39,69,49
39,69,50
39,69,51
39,69,52
39,69,53
39,69,54
39,69,55
39,70,34
39,70,35
39,70,36
39,70,37
39,70,38
39,70,39
39,70,40
39,70,41
39,70,42
39,70,43
39,70,44
39,70,45
39,70,46
39,70,47
39,70,48
39,70,49
39,70,50
39,70,51
39,70,52
39,70,53
39,70,54
39,71,35
39,71,36
39,71,37
39,71,38
39,71,39
39,71,40
39,71,41
39,71,42
39,71,43
39,71,44
39,71,45
39,71,47
39,71,48
39,71,49
39,71,50
39,71,51
39,71,52
39,71,53
39,72,35
39,72,36
39,72,37
39,72,38
39,72,39
39,72,40
39,72,41
39,72,42
39,72,43
39,72,44
39,72,47
39,72,48
39,72,49
39,72,50
39,72,51
39,72,52
39,72,53
39,73,35
39,73,36
39,73,37
39,73,38
39,73,39
39,73,40
39,73,41
39,73,42
39,73,49
39,73,50
39,73,51
39,73,52
39,74,36
39,74,37
39,74,38
39,74,39
39,74,40
39,74,41
39,74,49
39,74,50
39,74,51
39,74,52
39,75,36
39,75,37
39,75,38
39,75,39
39,75,48
39,75,49
39,75,50
39,75,51
39,76,36
39,76,37
39,76,46
39,76,47
39,76,48
39,76,49
39,76,50
39,76,51
39,77,44
39,77,45
39,77,46
39,77,47
39,77,48
39,78,42
39,78,43
39,78,44
39,78,45
39,78,46
39,78,47
39,78,48
39,79,40
39,79,41
39,79,42
39,79,43
39,79,44
39,79,45
39,79,46
39,80,39
39,80,40
39,80,41
39,80,42
39,80,43
39,81,38
39,81,39
39,81,40
39,81,41
39,81,42
39,81,43
39,82,21
39,82,22
39,82,23
39,82,37
39,82,38
39,82,39
39,82,40
39,82,41
39,83,22
39,83,23
39,83,24
39,83,36
39,83,37
39,83,38
39,83,39
39,83,40
39,84,19
39,84,20
39,84,21
39,84,22
39,84,23
39,84,35
39,84,36
39,84,37
39,84,38
39,84,39
39,85,34
39,85,35
39,85,36
39,85,37
39,85,38
39,86,33
39,86,34
39,86,35
39,86,36
39,86,37
39,87,24
39,87,25
39,87,26
39,87,29
39,87,32
39,87,33
39,87,34
39,87,35
39,87,36
39,88,23
39,88,24
39,88,25
39,88,26
39,88,27
39,88,28
39,88,29
39,88,30
39,88,31
39,88,32
39,88,33
39,88,34
39,88,35
39,89,22
39,89,23
39,89,24
39,89,25
39,89,26
39,89,27
39,89,28
39,89,29
39,89,30
39,89,31
39,89,32
39,89,33
39,89,34
39,89,35
39,90,22
39,90,23
39,90,24
39,90,25
39,90,26
39,90,27
39,90,28
39,90,29
39,90,30
39,90,31
39,90,32
39,90,33
39,90,34
39,91,23
39,91,24
39,91,25
39,91,26
39,91,27
39,91,28
39,91,29
39,91,30
39,91,31
39,91,32
39,91,33
39,92,20
39,92,21
39,92,22
39,92,23
39,92,24
39,92,25
39,92,26
39,92,27
39,92,28
39,92,29
39,92,30
39,92,31
39,92,32
39,93,22
39,93,23
39,93,24
39,93,25
39,93,26
39,93,27
39,93,28
39,93,29
39,93,30
39,93,31
39,93,32
39,93,33
39,94,21
39,94,22
39,94,23
39,94,24
39,94,25
39,94,26
39,94,27
39,94,28
39,94,29
39,94,30
39,94,31
39,94,32
39,94,33
39,95,23
39,95,24
39,95,25
39,95,26
39,95,27
39,95,28
39,95,29
39,95,30
39,96,25
39,96,26
39,96,27
39,96,28
39,96,29
39,96,30
39,96,31
40,65,42
40,65,43
40,65,44
40,65,45
40,65,46
40,65,47
40,65,48
40,65,49
40,65,50
40,65,51
40,65,52
40,66,38
40,66,39
40,66,40
40,66,41
40,66,42
40,66,43
40,66,44
40,66,45
40,66,46
40,66,47
40,66,48
40,66,49
40,66,50
40,66,51
40,66,52
40,67,38
40,67,39
40,67,40
40,67,41
40,67,42
40,67,43
40,67,44
40,67,45
40,67,46
40,67,47
40,67,48
40,67,49
40,67,50
40,67,51
40,67,52
40,67,53
40,67,54
40,67,55
40,67,56
40,67,57
40,68,37
40,68,38
40,68,39
40,68,40
40,68,41
40,68,42
40,68,43
40,68,44
40,68,45
40,68,46
40,68,47
40,68,48
40,68,49
40,68,50
40,68,51
40,68,52
40,68,53
40,69,37
40,69,38
40,69,39
40,69,40
40,69,41
40,69,42
40,69,43
40,69,44
40,69,45
40,69,46
40,69,47
40,69,48
40,69,49
40,69,50
40,69,51
40,69,52
40,69,53
40,69,54
40,70,38
40,70,39
40,70,40
40,70,41
40,70,42
40,70,43
40,70,44
40,70,45
40,70,46
40,70,47
40,70,48
40,70,49
40,70,50
40,70,51
40,70,52
40,70,53
40,70,54
40,71,38
40,71,39
40,71,40
40,71,41
40,71,42
40,71,43
40,71,44
40,71,45
40,71,46
40,71,47
40,71,48
40,71,49
40,71,50
40,71,51
40,71,52
40,72,39
40,72,40
40,72,41
40,72,42
40,72,43
40,72,44
40,72,45
40,72,46
40,72,47
40,72,48
40,72,49
40,72,50
40,72,51
40,72,52
40,72,53
40,73,39
40,73,40
40,73,41
40,73,42
40,73,43
40,73,44
40,73,50
40,73,51
40,74,39
40,74,40
40,74,41
40,74,42
40,74,51
40,75,50
40,76,48
40,76,49
40,76,50
40,77,45
40,77,46
40,77,47
40,78,42
40,78,43
40,78,44
40,78,45
40,78,46
40,78,47
40,79,40
40,79,41
40,79,42
40,79,43
40,79,44
40,79,45
40,80,39
40,80,40
40,80,41
40,80,42
40,80,43
40,81,38
40,81,39
40,81,40
40,81,41
40,81,42
40,82,37
40,82,38
40,82,39
40,82,40
40,82,41
40,83,36
40,83,37
40,83,38
40,83,39
40,84,21
40,84,22
40,84,35
40,84,36
40,84,37
40,84,38
40,84,39
40,85,34
40,85,35
40,85,36
40,85,37
40,85,38
40,86,34
40,86,35
40,86,36
40,87,29
40,87,30
40,87,33
40,87,34
40,87,35
40,87,36
40,88,28
40,88,29
40,88,30
40,88,31
40,88,32
40,88,33
40,88,34
40,89,24
40,89,25
40,89,26
40,89,27
40,89,28
40,89,29
40,89,30
40,89,31
40,89,32
40,89,33
40,89,34
40,89,35
40,90,23
40,90,24
40,90,25
40,90,26
40,90,27
40,90,28
40,90,29
40,90,30
40,90,31
40,90,32
40,90,33
40,90,34
40,91,23
40,91,24
40,91,25
40,91,26
40,91,27
40,91,28
40,91,29
40,91,30
40,91,31
40,91,32
40,91,33
40,92,20
40,92,21
40,92,22
40,92,23
40,92,24
40,92,25
40,92,26
40,92,27
40,92,28
40,92,29
40,92,30
40,92,31
40,92,32
40,93,22
40,93,23
40,93,24
40,93,25
40,93,26
40,93,27
40,93,28
40,93,29
40,93,30
40,93,31
40,93,32
40,93,33
40,94,21
40,94,22
40,94,23
40,94,24
40,94,25
40,94,26
40,94,27
40,94,28
40,94,29
40,94,30
40,94,31
40,94,32
40,94,33
40,95,24
40,95,25
40,95,26
40,95,27
40,95,28
40,95,29
40,95,30
40,96,25
40,96,26
40,96,27
40,96,28
40,96,29
40,96,30
40,96,31
41,65,41
41,65,42
41,65,43
41,65,44
41,65,45
41,65,46
41,65,47
41,65,48
41,65,49
41,65,50
41,66,41
41,66,42
41,66,43
41,66,44
41,66,45
41,66,46
41,66,47
41,66,48
41,66,49
41,66,50
41,66,51
41,66,52
41,67,41
41,67,42
41,67,43
41,67,44
41,67,45
41,67,46
41,67,47
41,67,48
41,67,49
41,67,50
41,67,51
41,67,52
41,67,53
41,67,54
41,67,55
41,67,56
41,67,57
41,68,41
41,68,42
41,68,43
41,68,44
41,68,45
41,68,46
41,68,47
41,68,48
41,68,49
41,68,50
41,68,51
41,68,52
41,68,53
41,69,41
41,69,42
41,69,43
41,69,44
41,69,45
41,69,46
41,69,47
41,69,48
41,69,49
41,69,50
41,69,51
41,69,52
41,69,53
41,70,41
41,70,42
41,70,43
41,70,44
41,70,45
41,70,46
41,70,47
41,70,48
41,70,49
41,70,50
41,70,51
41,70,52
41,70,53
41,70,54
41,71,42
41,71,43
41,71,44
41,71,45
41,71,46
41,71,47
41,71,48
41,71,49
41,71,50
41,71,51
41,72,42
41,72,43
41,72,44
41,72,45
41,72,46
41,72,47
41,72,48
41,72,49
41,72,50
41,72,51
41,72,52
41,73,42
41,73,43
41,73,44
41,73,45
41,73,46
41,73,47
41,73,48
41,73,49
41,78,44
41,78,45
41,78,46
41,78,47
41,79,41
41,79,42
41,79,43
41,79,44
41,80,40
41,80,41
41,80,42
41,81,39
41,81,40
41,81,41
41,81,42
41,82,38
41,82,39
41,82,40
41,82,41
41,83,37
41,83,38
41,83,39
41,84,36
41,84,37
41,84,38
41,84,39
41,84,40
41,85,35
41,85,36
41,85,37
41,85,38
41,86,34
41,86,35
41,86,36
41,87,30
41,87,33
41,87,34
41,87,35
41,88,29
41,88,30
41,88,32
41,88,33
41,88,34
41,89,25
41,89,26
41,89,27
41,89,28
41,89,29
41,89,30
41,89,31
41,89,32
41,89,33
41,89,34
41,89,35
41,90,24
41,90,25
41,90,26
41,90,27
41,90,28
41,90,29
41,90,30
41,90,31
41,90,32
41,90,33
41,90,34
41,91,24
41,91,25
41,91,26
41,91,27
41,91,28
41,91,29
41,91,30
41,91,31
41,91,32
41,91,33
41,91,34
41,92,21
41,92,22
41,92,23
41,92,24
41,92,25
41,92,26
41,92,27
41,92,28
41,92,29
41,92,30
41,92,31
41,93,22
41,93,23
41,93,24
41,93,25
41,93,26
41,93,27
41,93,28
41,93,29
41,93,30
41,93,31
41,93,32
41,93,33
41,94,21
41,94,22
41,94,23
41,94,24
41,94,25
41,94,26
41,94,27
41,94,28
41,94,29
41,94,30
41,94,31
41,94,32
41,94,33
41,95,24
41,95,25
41,95,26
41,95,27
41,95,28
41,95,29
41,95,30
41,96,25
41,96,26
41,96,27
41,96,28
41,96,29
41,96,30
41,96,31
42,65,44
42,65,45
42,65,46
42,65,47
42,65,48
42,65,49
42,65,50
42,66,44
42,66,45
42,66,46
42,66,47
42,66,48
42,66,49
42,66,50
42,67,44
42,67,45
42,67,46
42,67,47
42,67,48
42,67,49
42,67,50
42,67,51
42,67,52
42,67,53
42,67,54
42,68,44
42,68,45
42,68,46
42,68,47
42,68,48
42,68,49
42,68,50
42,68,51
42,68,52
42,69,44
42,69,45
42,69,46
42,69,47
42,69,48
42,69,49
42,69,50
42,69,51
42,69,52
42,69,53
42,70,45
42,70,46
42,70,47
42,70,48
42,70,49
42,70,50
42,70,51
42,70,52
42,70,53
42,71,45
42,71,46
42,71,47
42,71,48
42,71,49
42,71,50
42,72,45
42,72,46
42,72,47
42,72,48
42,72,49
42,72,50
42,72,51
42,73,45
42,73,46
42,73,47
42,73,48
42,73,49
42,78,47
42,79,44
42,80,41
42,81,40
42,81,41
42,81,42
42,82,40
42,83,38
42,84,37
42,84,38
42,84,39
42,85,36
42,85,37
42,86,35
42,87,34
42,87,35
42,88,30
42,88,33
42,89,28
42,89,29
42,89,32
42,89,33
42,89,34
42,90,26
42,90,27
42,90,28
42,90,29
42,90,30
42,90,31
42,90,32
42,90,33
42,91,26
42,91,27
42,91,28
42,91,29
42,91,30
42,91,31
42,91,32
42,91,33
42,92,21
42,92,22
42,92,23
42,92,24
42,92,25
42,92,26
42,92,27
42,92,28
42,92,29
42,92,30
42,92,31
42,93,23
42,93,24
42,93,25
42,93,26
42,93,27
42,93,28
42,93,29
42,93,30
42,93,31
42,93,32
42,94,22
42,94,23
42,94,24
42,94,25
42,94,26
42,94,27
42,94,28
42,94,29
42,94,30
42,94,31
42,94,32
42,94,33
42,95,25
42,95,26
42,95,27
42,95,28
42,95,29
42,95,30
42,96,25
42,96,26
42,96,27
42,96,28
42,96,29
42,96,30
42,96,31
43,65,48
43,65,49
43,66,46
43,66,47
43,66,48
43,66,49
43,67,46
43,67,47
43,67,48
43,67,49
43,67,50
43,67,51
43,67,52
43,67,53
43,67,54
43,68,46
43,68,47
43,68,48
43,68,49
43,68,50
43,68,51
43,68,52
43,69,47
43,69,48
43,69,49
43,69,50
43,69,51
43,69,52
43,70,47
43,70,48
43,70,49
43,70,50
43,70,51
43,70,52
43,71,47
43,71,48
43,71,49
43,71,50
43,72,47
43,72,48
43,72,49
43,72,50
43,72,51
43,73,48
43,84,38
43,84,39
43,85,37
43,89,29
43,89,33
43,89,34
43,90,29
43,90,31
43,90,32
43,90,33
43,91,27
43,91,28
43,91,30
43,91,31
43,91,32
43,91,33
43,92,29
43,92,30
43,92,31
43,93,26
43,93,27
43,93,28
43,93,29
43,93,30
43,93,31
43,93,32
43,94,22
43,94,23
43,94,24
43,94,25
43,94,26
43,94,27
43,94,28
43,94,29
43,94,30
43,94,31
43,94,32
43,94,33
43,95,25
43,95,26
43,95,27
43,95,28
43,95,29
43,95,30
43,95,31
43,96,26
43,96,27
43,96,28
43,96,29
43,96,30
43,96,31
44,65,49
44,66,48
44,66,49
44,67,48
44,67,49
44,67,50
44,67,51
44,67,52
44,68,48
44,68,49
44,68,50
44,68,51
44,68,52
44,68,53
44,69,48
44,69,49
44,69,50
44,69,51
44,69,52
44,70,48
44,70,49
44,70,50
44,70,51
44,70,52
44,71,48
44,71,49
44,72,48
44,72,49
44,72,50
44,89,33
44,89,34
44,90,32
44,90,33
44,91,31
44,91,32
44,91,33
44,92,30
44,92,31
44,93,29
44,93,30
44,93,31
44,94,27
44,94,28
44,94,29
44,94,30
44,94,31
44,94,32
44,94,33
44,95,26
44,95,27
44,95,28
44,95,29
44,95,30
44,95,31
44,96,26
44,96,27
44,96,28
44,96,29
44,96,30
44,96,31
44,96,32
45,65,50
45,67,49
45,67,50
45,67,51
45,68,49
45,68,50
45,68,51
45,68,52
45,68,53
45,68,54
45,69,49
45,69,50
45,69,51
45,69,52
45,69,53
45,70,49
45,70,50
45,70,51
45,70,52
45,90,33
45,91,32
45,93,30
45,93,31
45,94,29
45,94,30
45,94,31
45,94,32
45,94,33
45,94,34
45,95,28
45,95,29
45,95,30
45,95,31
45,95,32
45,96,27
45,96,28
45,96,29
45,96,30
45,96,31
45,96,32
46,67,50
46,67,51
46,68,50
46,68,51
46,68,52
46,68,53
46,68,54
46,69,50
46,69,51
46,69,52
46,69,53
46,69,54
46,70,50
46,70,51
46,93,31
46,94,30
46,94,31
46,94,32
46,94,33
46,94,34
46,95,29
46,95,30
46,95,31
46,95,32
46,96,28
46,96,29
46,96,30
46,96,31
46,96,32
46,96,33
47,68,51
47,68,52
47,68,53
47,69,51
47,69,52
47,69,53
47,69,54
47,69,55
47,70,51
47,94,32
47,94,33
47,94,34
47,94,35
47,94,36
47,95,31
47,95,32
47,95,33
47,96,30
47,96,31
47,96,32
47,96,33
47,96,34
48,68,52
48,68,53
48,69,52
48,69,53
48,69,54
48,96,35
49,68,53
49,69,53
49,69,54
50,69,53
97,70,58
98,70,57
99,69,56
99,70,56
99,70,57
100,69,55
100,69,56
100,70,55
100,70,56
100,70,57
101,68,54
101,69,54
101,69,55
101,69,56
101,70,54
101,70,55
101,70,56
101,70,57
101,70,58
102,68,53
102,68,54
102,68,55
102,69,53
102,69,54
102,69,55
102,69,56
102,69,57
102,70,53
102,70,54
102,70,55
102,70,56
102,70,57
103,67,53
103,68,52
103,68,53
103,68,54
103,68,55
103,69,52
103,69,53
103,69,54
103,69,55
103,69,56
103,70,53
103,70,54
103,70,55
103,70,56
103,70,57
104,67,52
104,67,53
104,67,54
104,67,55
104,68,52
104,68,53
104,68,54
104,68,55
104,68,56
104,69,52
104,69,53
104,69,54
104,69,55
104,69,56
104,70,52
104,70,53
104,70,54
104,70,55
104,94,35
104,95,33
104,95,34
104,96,31
104,96,32
104,96,33
104,96,34
104,96,35
104,96,36
105,67,51
105,67,52
105,67,53
105,67,54
105,67,55
105,67,56
105,68,51
105,68,52
105,68,53
105,68,54
105,68,55
105,69,51
105,69,52
105,69,53
105,69,54
105,69,55
105,70,51
105,70,52
105,70,53
105,70,54
105,94,31
105,94,32
105,94,33
105,94,34
105,95,30
105,95,31
105,95,32
105,95,33
105,96,29
105,96,30
105,96,31
105,96,32
105,96,33
105,96,34
106,67,50
106,67,51
106,67,52
106,67,53
106,67,54
106,67,55
106,67,56
106,68,50
106,68,51
106,68,52
106,68,53
106,69,50
106,69,51
106,69,52
106,69,53
106,69,54
106,70,50
106,70,51
106,70,52
106,70,53
106,71,50
106,93,31
106,94,29
106,94,30
106,94,31
106,94,32
106,94,33
106,94,34
106,95,28
106,95,29
106,95,30
106,95,31
106,96,27
106,96,28
106,96,29
106,96,30
106,96,31
106,96,32
107,66,49
107,66,50
107,67,49
107,67,50
107,67,51
107,67,52
107,67,53
107,67,54
107,67,55
107,67,56
107,68,49
107,68,50
107,68,51
107,68,52
107,69,49
107,69,50
107,69,51
107,69,52
107,69,53
107,70,49
107,70,50
107,70,51
107,70,52
107,71,49
107,71,50
107,72,49
107,88,29
107,91,31
107,92,30
107,93,25
107,93,29
107,93,30
107,93,31
107,94,28
107,94,29
107,94,30
107,94,31
107,94,32
107,94,33
107,95,27
107,95,28
107,95,29
107,95,30
107,95,31
107,96,26
107,96,27
107,96,28
107,96,29
107,96,30
107,96,31
108,66,48
108,66,49
108,66,50
108,67,47
108,67,48
108,67,49
108,67,50
108,67,51
108,67,52
108,67,53
108,67,54
108,67,55
108,67,56
108,68,47
108,68,48
108,68,49
108,68,50
108,68,51
108,69,47
108,69,48
108,69,49
108,69,50
108,69,51
108,69,52
108,69,53
108,70,48
108,70,49
108,70,50
108,70,51
108,70,52
108,71,48
108,71,49
108,71,50
108,71,51
108,72,48
108,72,49
108,72,50
108,88,34
108,89,32
108,89,33
108,90,31
108,91,30
108,91,31
108,91,32
108,92,29
108,92,30
108,92,31
108,93,28
108,93,29
108,93,30
108,93,31
108,94,27
108,94,28
108,94,29
108,94,30
108,94,31
108,94,32
108,95,26
108,95,27
108,95,28
108,95,29
108,95,30
108,96,25
108,96,26
108,96,27
108,96,28
108,96,29
108,96,30
108,96,31
109,66,46
109,66,47
109,66,48
109,66,49
109,66,50
109,66,51
109,67,46
109,67,47
109,67,48
109,67,49
109,67,50
109,67,51
109,67,52
109,67,53
109,67,54
109,67,55
109,67,56
109,68,46
109,68,47
109,68,48
109,68,49
109,68,50
109,68,51
109,69,46
109,69,47
109,69,48
109,69,49
109,69,50
109,69,51
109,69,52
109,69,53
109,70,46
109,70,47
109,70,48
109,70,49
109,70,50
109,70,51
109,70,52
109,71,47
109,71,48
109,71,49
109,71,50
109,71,51
109,71,52
109,72,46
109,72,47
109,72,48
109,72,49
109,72,50
109,73,47
109,73,48
109,73,49
109,85,36
109,86,35
109,87,34
109,87,35
109,88,30
109,88,33
109,88,34
109,88,35
109,89,29
109,89,32
109,89,33
109,90,29
109,90,30
109,90,31
109,90,32
109,91,27
109,91,28
109,91,29
109,91,30
109,91,31
109,91,32
109,92,25
109,92,26
109,92,27
109,92,28
109,92,29
109,92,30
109,92,31
109,93,23
109,93,24
109,93,25
109,93,26
109,93,27
109,93,28
109,93,29
109,93,30
109,93,31
109,94,26
109,94,27
109,94,28
109,94,29
109,94,30
109,94,31
109,94,32
109,95,25
109,95,26
109,95,27
109,95,28
109,95,29
109,95,30
109,96,25
109,96,26
109,96,27
109,96,28
109,96,29
109,96,30
110,65,44
110,65,45
110,65,46
110,65,47
110,65,48
110,66,43
110,66,44
110,66,45
110,66,46
110,66,47
110,66,48
110,66,49
110,66,50
110,66,51
110,66,52
110,66,53
110,67,43
110,67,44
110,67,45
110,67,46
110,67,47
110,67,48
110,67,49
110,67,50
110,67,51
110,67,52
110,67,53
110,67,54
110,67,55
110,67,56
110,67,57
110,68,43
110,68,44
110,68,45
110,68,46
110,68,47
110,68,48
110,68,49
110,68,50
110,68,51
110,68,52
110,69,43
110,69,44
110,69,45
110,69,46
110,69,47
110,69,48
110,69,49
110,69,50
110,69,51
110,69,52
110,69,53
110,70,44
110,70,45
110,70,46
110,70,47
110,70,48
110,70,49
110,70,50
110,70,51
110,71,44
110,71,45
110,71,46
110,71,47
110,71,48
110,71,49
110,71,50
110,71,51
110,71,52
110,72,44
110,72,45
110,72,46
110,72,47
110,72,48
110,72,49
110,72,50
110,72,51
110,73,44
110,73,45
110,73,46
110,73,47
110,73,48
110,73,49
110,78,44
110,78,45
110,79,41
110,80,40
110,80,41
110,80,42
110,81,39
110,83,37
110,83,38
110,84,36
110,84,37
110,84,38
110,85,35
110,85,36
110,86,34
110,86,35
110,87,30
110,87,33
110,87,34
110,87,35
110,88,29
110,88,30
110,88,32
110,88,33
110,88,34
110,88,35
110,89,28
110,89,29
110,89,30
110,89,31
110,89,32
110,89,33
110,90,27
110,90,28
110,90,29
110,90,30
110,90,31
110,90,32
110,91,24
110,91,25
110,91,26
110,91,27
110,91,28
110,91,29
110,91,30
110,91,31
110,91,32
110,91,33
110,92,22
110,92,23
110,92,24
110,92,25
110,92,26
110,92,27
110,92,28
110,92,29
110,92,30
110,92,31
110,93,22
110,93,23
110,93,24
110,93,25
110,93,26
110,93,27
110,93,28
110,93,29
110,93,30
110,93,31
110,94,25
110,94,26
110,94,27
110,94,28
110,94,29
110,94,30
110,94,31
110,95,24
110,95,25
110,95,26
110,95,27
110,95,28
110,95,29
110,96,25
110,96,26
110,96,27
110,96,28
110,96,29
110,96,30
111,65,41
111,65,42
111,65,43
111,65,44
111,65,45
111,65,46
111,65,47
111,65,48
111,65,49
111,65,50
111,66,40
111,66,41
111,66,42
111,66,43
111,66,44
111,66,45
111,66,46
111,66,47
111,66,48
111,66,49
111,66,50
111,66,51
111,66,52
111,66,53
111,67,39
111,67,40
111,67,41
111,67,42
111,67,43
111,67,44
111,67,45
111,67,46
111,67,47
111,67,48
111,67,49
111,67,50
111,67,51
111,67,52
111,67,53
111,67,54
111,67,55
111,67,56
111,67,57
111,67,58
111,68,39
111,68,40
111,68,41
111,68,42
111,68,43
111,68,44
111,68,45
111,68,46
111,68,47
111,68,48
111,68,49
111,68,50
111,68,51
111,68,52
111,69,39
111,69,40
111,69,41
111,69,42
111,69,43
111,69,44
111,69,45
111,69,46
111,69,47
111,69,48
111,69,49
111,69,50
111,69,51
111,69,52
111,69,53
111,69,54
111,70,39
111,70,40
111,70,41
111,70,42
111,70,43
111,70,44
111,70,45
111,70,46
111,70,47
111,70,48
111,70,49
111,70,50
111,70,51
111,71,41
111,71,42
111,71,43
111,71,44
111,71,45
111,71,46
111,71,47
111,71,48
111,71,49
111,71,50
111,71,51
111,71,52
111,72,41
111,72,42
111,72,43
111,72,44
111,72,45
111,72,46
111,72,47
111,72,48
111,72,49
111,72,50
111,72,51
111,73,41
111,73,42
111,73,43
111,73,44
111,73,45
111,73,46
111,73,47
111,73,48
111,73,49
111,73,50
111,77,45
111,78,42
111,78,43
111,78,44
111,78,45
111,79,40
111,79,41
111,79,42
111,80,39
111,80,40
111,80,41
111,80,42
111,80,43
111,81,38
111,81,39
111,81,40
111,82,37
111,82,38
111,83,36
111,83,37
111,83,38
111,83,39
111,84,35
111,84,36
111,84,37
111,84,38
111,85,34
111,85,35
111,85,36
111,85,37
111,86,33
111,86,34
111,86,35
111,86,36
111,87,30
111,87,32
111,87,33
111,87,34
111,87,35
111,87,36
111,88,28
111,88,29
111,88,30
111,88,31
111,88,32
111,88,33
111,88,34
111,88,35
111,88,36
111,89,23
111,89,26
111,89,27
111,89,28
111,89,29
111,89,30
111,89,31
111,89,32
111,89,33
111,89,34
111,90,24
111,90,25
111,90,26
111,90,27
111,90,28
111,90,29
111,90,30
111,90,31
111,90,32
111,90,33
111,91,23
111,91,24
111,91,25
111,91,26
111,91,27
111,91,28
111,91,29
111,91,30
111,91,31
111,91,32
111,92,22
111,92,23
111,92,24
111,92,25
111,92,26
111,92,27
111,92,28
111,92,29
111,92,30
111,92,31
111,93,22
111,93,23
111,93,24
111,93,25
111,93,26
111,93,27
111,93,28
111,93,29
111,93,30
111,93,31
111,94,25
111,94,26
111,94,27
111,94,28
111,94,29
111,94,30
111,94,31
111,95,24
111,95,25
111,95,26
111,95,27
111,95,28
111,95,29
111,96,25
111,96,26
111,96,27
111,96,28
111,96,29
112,65,38
112,65,39
112,65,40
112,65,41
112,65,42
112,65,43
112,65,44
112,65,45
112,65,46
112,65,47
112,65,48
112,65,49
112,65,50
112,66,36
112,66,37
112,66,38
112,66,39
112,66,40
112,66,41
112,66,42
112,66,43
112,66,44
112,66,45
112,66,46
112,66,47
112,66,48
112,66,49
112,66,50
112,66,51
112,66,52
112,66,53
112,67,38
112,67,39
112,67,40
112,67,41
112,67,42
112,67,43
112,67,44
112,67,45
112,67,46
112,67,47
112,67,48
112,67,49
112,67,50
112,67,51
112,67,52
112,67,53
112,67,54
112,67,55
112,67,56
112,67,57
112,68,36
112,68,37
112,68,38
112,68,39
112,68,40
112,68,41
112,68,42
112,68,43
112,68,44
112,68,45
112,68,46
112,68,47
112,68,48
112,68,49
112,68,50
112,68,51
112,68,52
112,68,53
112,69,35
112,69,36
112,69,37
112,69,38
112,69,39
112,69,40
112,69,41
112,69,42
112,69,43
112,69,44
112,69,45
112,69,46
112,69,47
112,69,48
112,69,49
112,69,50
112,69,51
112,69,52
112,69,53
112,69,54
112,70,36
112,70,37
112,70,38
112,70,39
112,70,40
112,70,41
112,70,42
112,70,43
112,70,44
112,70,45
112,70,46
112,70,47
112,70,48
112,70,49
112,70,50
112,70,51
112,71,36
112,71,37
112,71,38
112,71,39
112,71,40
112,71,41
112,71,42
112,71,43
112,71,44
112,71,45
112,71,46
112,71,47
112,71,48
112,71,49
112,71,50
112,71,51
112,71,52
112,71,53
112,72,37
112,72,38
112,72,39
112,72,40
112,72,41
112,72,42
112,72,43
112,72,44
112,72,45
112,72,46
112,72,47
112,72,48
112,72,49
112,72,50
112,72,51
112,72,52
112,73,38
112,73,39
112,73,40
112,73,41
112,73,42
112,73,43
112,73,44
112,73,47
112,73,48
112,73,49
112,73,50
112,74,37
112,74,38
112,74,39
112,74,40
112,74,41
112,77,43
112,77,44
112,77,45
112,77,46
112,78,41
112,78,42
112,78,43
112,78,44
112,78,45
112,78,46
112,79,39
112,79,40
112,79,41
112,79,42
112,79,43
112,80,38
112,80,39
112,80,40
112,80,41
112,80,42
112,80,43
112,81,37
112,81,38
112,81,39
112,81,40
112,81,41
112,82,36
112,82,37
112,82,38
112,82,39
112,83,36
112,83,37
112,83,38
112,83,39
112,84,35
112,84,36
112,84,37
112,84,38
112,84,39
112,85,22
112,85,23
112,85,24
112,85,32
112,85,33
112,85,34
112,85,35
112,85,36
112,85,37
112,86,33
112,86,34
112,86,35
112,86,36
112,87,23
112,87,24
112,87,29
112,87,30
112,87,32
112,87,33
112,87,34
112,87,35
112,87,36
112,88,24
112,88,25
112,88,26
112,88,27
112,88,28
112,88,29
112,88,30
112,88,31
112,88,32
112,88,33
112,88,34
112,88,35
112,89,22
112,89,23
112,89,24
112,89,25
112,89,26
112,89,27
112,89,28
112,89,29
112,89,30
112,89,31
112,89,32
112,89,33
112,89,34
112,90,22
112,90,23
112,90,24
112,90,25
112,90,26
112,90,27
112,90,28
112,90,29
112,90,30
112,90,31
112,90,32
112,90,33
112,91,23
112,91,24
112,91,25
112,91,26
112,91,27
112,91,28
112,91,29
112,91,30
112,91,31
112,91,32
112,92,21
112,92,22
112,92,23
112,92,24
112,92,25
112,92,26
112,92,27
112,92,28
112,92,29
112,92,30
112,92,31
112,93,22
112,93,23
112,93,24
112,93,25
112,93,26
112,93,27
112,93,28
112,93,29
112,93,30
112,93,31
112,94,24
112,94,25
112,94,26
112,94,27
112,94,28
112,94,29
112,94,30
112,94,31
112,95,23
112,95,24
112,95,25
112,95,26
112,95,27
112,95,28
112,95,29
112,96,24
112,96,25
112,96,26
112,96,27
112,96,28
112,96,29
113,65,37
113,65,38
113,65,39
113,65,40
113,65,41
113,65,42
113,65,43
113,65,44
113,65,45
113,65,46
113,65,47
113,65,48
113,65,49
113,65,50
113,65,51
113,66,35
113,66,36
113,66,37
113,66,38
113,66,39
113,66,40
113,66,41
113,66,42
113,66,43
113,66,44
113,66,45
113,66,46
113,66,47
113,66,48
113,66,49
113,66,50
113,66,51
113,66,52
113,66,53
113,66,54
113,66,55
113,67,38
113,67,39
113,67,40
113,67,41
113,67,42
113,67,43
113,67,44
113,67,45
113,67,46
113,67,47
113,67,48
113,67,49
113,67,50
113,67,51
113,67,52
113,67,53
113,67,54
113,67,55
113,67,56
113,67,57
113,68,36
113,68,37
113,68,38
113,68,39
113,68,40
113,68,41
113,68,42
113,68,43
113,68,44
113,68,45
113,68,46
113,68,47
113,68,48
113,68,49
113,68,50
113,68,51
113,68,52
113,68,53
113,69,34
113,69,35
113,69,36
113,69,37
113,69,38
113,69,39
113,69,40
113,69,41
113,69,42
113,69,43
113,69,44
113,69,45
113,69,46
113,69,47
113,69,48
113,69,49
113,69,50
113,69,51
113,69,52
113,69,53
113,69,54
113,69,55
113,70,32
113,70,34
113,70,35
113,70,36
113,70,37
113,70,38
113,70,39
113,70,40
113,70,41
113,70,42
113,70,43
113,70,44
113,70,45
113,70,46
113,70,47
113,70,48
113,70,49
113,70,50
113,70,51
113,70,52
113,71,33
113,71,34
113,71,35
113,71,36
113,71,37
113,71,38
113,71,39
113,71,40
113,71,41
113,71,42
113,71,43
113,71,44
113,71,45
113,71,46
113,71,47
113,71,48
113,71,49
113,71,50
113,71,51
113,71,52
113,71,53
113,71,54
113,72,31
113,72,32
113,72,33
113,72,34
113,72,35
113,72,36
113,72,37
113,72,38
113,72,39
113,72,40
113,72,41
113,72,42
113,72,43
113,72,44
113,72,47
113,72,48
113,72,49
113,72,50
113,72,51
113,72,52
113,72,53
113,73,32
113,73,33
113,73,34
113,73,35
113,73,36
113,73,37
113,73,38
113,73,39
113,73,40
113,73,41
113,73,42
113,73,49
113,73,50
113,73,51
113,74,33
113,74,34
113,74,35
113,74,36
113,74,37
113,74,38
113,74,39
113,74,40
113,74,49
113,75,35
113,75,36
113,75,37
113,75,38
113,75,48
113,76,46
113,76,47
113,77,42
113,77,43
113,77,44
113,77,45
113,77,46
113,77,47
113,78,40
113,78,41
113,78,42
113,78,43
113,78,44
113,78,45
113,78,46
113,78,47
113,79,39
113,79,40
113,79,41
113,79,42
113,79,43
113,79,44
113,80,38
113,80,39
113,80,40
113,80,41
113,80,42
113,80,43
113,81,24
113,81,37
113,81,38
113,81,39
113,81,40
113,81,41
113,81,42
113,82,25
113,82,36
113,82,37
113,82,38
113,82,39
113,82,40
113,83,23
113,83,24
113,83,25
113,83,35
113,83,36
113,83,37
113,83,38
113,83,39
113,84,23
113,84,24
113,84,32
113,84,33
113,84,34
113,84,35
113,84,36
113,84,37
113,84,38
113,85,21
113,85,22
113,85,23
113,85,24
113,85,25
113,85,26
113,85,31
113,85,32
113,85,33
113,85,34
113,85,35
113,85,36
113,85,37
113,86,25
113,86,26
113,86,32
113,86,33
113,86,34
113,86,35
113,86,36
113,86,37
113,87,22
113,87,23
113,87,24
113,87,25
113,87,26
113,87,27
113,87,28
113,87,29
113,87,30
113,87,31
113,87,32
113,87,33
113,87,34
113,87,35
113,87,36
113,88,23
113,88,24
113,88,25
113,88,26
113,88,27
113,88,28
113,88,29
113,88,30
113,88,31
113,88,32
113,88,33
113,88,34
113,88,35
113,89,22
113,89,23
113,89,24
113,89,25
113,89,26
113,89,27
113,89,28
113,89,29
113,89,30
113,89,31
113,89,32
113,89,33
113,89,34
113,90,22
113,90,23
113,90,24
113,90,25
113,90,26
113,90,27
113,90,28
113,90,29
113,90,30
113,90,31
113,90,32
113,90,33
113,91,22
113,91,23
113,91,24
113,91,25
113,91,26
113,91,27
113,91,28
113,91,29
113,91,30
113,91,31
113,91,32
113,91,33
113,92,21
113,92,22
113,92,23
113,92,24
113,92,25
113,92,26
113,92,27
113,92,28
113,92,29
113,92,30
113,92,31
113,93,21
113,93,22
113,93,23
113,93,24
113,93,25
113,93,26
113,93,27
113,93,28
113,93,29
113,93,30
113,93,31
113,94,24
113,94,25
113,94,26
113,94,27
113,94,28
113,94,29
113,94,30
113,94,31
113,95,23
113,95,24
113,95,25
113,95,26
113,95,27
113,95,28
113,95,29
113,96,24
113,96,25
113,96,26
113,96,27
113,96,28
113,96,29
114,65,37
114,65,38
114,65,39
114,65,40
114,65,41
114,65,42
114,65,43
114,65,44
114,65,45
114,65,46
114,65,47
114,65,48
114,65,49
114,65,50
114,65,51
114,66,36
114,66,37
114,66,38
114,66,39
114,66,40
114,66,41
114,66,42
114,66,43
114,66,44
114,66,45
114,66,46
114,66,47
114,66,48
114,66,49
114,66,50
114,66,51
114,66,52
114,66,53
114,66,54
114,66,55
114,67,38
114,67,39
114,67,40
114,67,41
114,67,42
114,67,43
114,67,44
114,67,45
114,67,46
114,67,47
114,67,48
114,67,49
114,67,50
114,67,51
114,67,52
114,67,53
114,67,54
114,67,55
114,67,56
114,68,35
114,68,36
114,68,37
114,68,38
114,68,39
114,68,40
114,68,41
114,68,42
114,68,43
114,68,44
114,68,45
114,68,46
114,68,47
114,68,48
114,68,49
114,68,50
114,68,51
114,68,52
114,68,53
114,68,54
114,69,34
114,69,35
114,69,36
114,69,37
114,69,38
114,69,39
114,69,40
114,69,41
114,69,42
114,69,43
114,69,44
114,69,45
114,69,46
114,69,47
114,69,48
114,69,49
114,69,50
114,69,51
114,69,52
114,69,53
114,69,54
114,69,55
114,69,56
114,70,33
114,70,34
114,70,35
114,70,36
114,70,37
114,70,38
114,70,39
114,70,40
114,70,41
114,70,42
114,70,43
114,70,44
114,70,45
114,70,46
114,70,47
114,70,48
114,70,49
114,70,50
114,70,51
114,70,52
114,70,53
114,71,34
114,71,35
114,71,36
114,71,37
114,71,38
114,71,39
114,71,40
114,71,41
114,71,42
114,71,43
114,71,44
114,71,47
114,71,48
114,71,49
114,71,50
114,71,51
114,71,52
114,71,53
114,71,54
114,72,32
114,72,33
114,72,34
114,72,35
114,72,36
114,72,37
114,72,38
114,72,39
114,72,40
114,72,41
114,72,42
114,72,47
114,72,48
114,72,49
114,72,50
114,72,51
114,72,52
114,72,53
114,72,54
114,73,32
114,73,33
114,73,34
114,73,35
114,73,36
114,73,37
114,73,38
114,73,39
114,73,40
114,73,48
114,73,49
114,73,50
114,73,51
114,74,30
114,74,31
114,74,32
114,74,33
114,74,34
114,74,35
114,74,36
114,74,37
114,74,38
114,74,39
114,74,47
114,74,48
114,74,49
114,75,30
114,75,31
114,75,32
114,75,33
114,75,34
114,75,35
114,75,36
114,75,37
114,75,38
114,75,45
114,75,46
114,75,47
114,75,48
114,75,49
114,76,30
114,76,31
114,76,32
114,76,33
114,76,34
114,76,35
114,76,36
114,76,43
114,76,44
114,76,45
114,76,46
114,76,47
114,76,48
114,77,32
114,77,33
114,77,34
114,77,41
114,77,42
114,77,43
114,77,44
114,77,45
114,77,46
114,77,47
114,78,39
114,78,40
114,78,41
114,78,42
114,78,43
114,78,44
114,78,45
114,78,46
114,78,47
114,78,48
114,79,38
114,79,39
114,79,40
114,79,41
114,79,42
114,79,43
114,79,44
114,79,45
114,80,25
114,80,26
114,80,37
114,80,38
114,80,39
114,80,40
114,80,41
114,80,42
114,80,43
114,81,24
114,81,25
114,81,26
114,81,37
114,81,38
114,81,39
114,81,40
114,81,41
114,81,42
114,82,24
114,82,25
114,82,26
114,82,35
114,82,36
114,82,37
114,82,38
114,82,39
114,82,40
114,83,22
114,83,23
114,83,24
114,83,25
114,83,26
114,83,35
114,83,36
114,83,37
114,83,38
114,83,39
114,84,22
114,84,23
114,84,24
114,84,25
114,84,26
114,84,32
114,84,33
114,84,34
114,84,35
114,84,36
114,84,37
114,84,38
114,85,21
114,85,22
114,85,23
114,85,24
114,85,25
114,85,26
114,85,27
114,85,28
114,85,29
114,85,30
114,85,31
114,85,32
114,85,33
114,85,34
114,85,35
114,85,36
114,85,37
114,86,23
114,86,24
114,86,25
114,86,26
114,86,27
114,86,28
114,86,29
114,86,30
114,86,32
114,86,33
114,86,34
114,86,35
114,86,36
114,86,37
114,87,21
114,87,22
114,87,23
114,87,24
114,87,25
114,87,26
114,87,27
114,87,28
114,87,29
114,87,30
114,87,31
114,87,32
114,87,33
114,87,34
114,87,35
114,87,36
114,88,22
114,88,23
114,88,24
114,88,25
114,88,26
114,88,27
114,88,28
114,88,29
114,88,30
114,88,31
114,88,32
114,88,33
114,88,34
114,88,35
114,89,21
114,89,22
114,89,23
114,89,24
114,89,25
114,89,26
114,89,27
114,89,28
114,89,29
114,89,30
114,89,31
114,89,32
114,89,33
114,89,34
114,90,21
114,90,22
114,90,23
114,90,24
114,90,25
114,90,26
114,90,27
114,90,28
114,90,29
114,90,30
114,90,31
114,90,32
114,90,33
114,91,22
114,91,23
114,91,24
114,91,25
114,91,26
114,91,27
114,91,28
114,91,29
114,91,30
114,91,31
114,91,32
114,91,33
114,92,21
114,92,22
114,92,23
114,92,24
114,92,25
114,92,26
114,92,27
114,92,28
114,92,29
114,92,30
114,92,31
114,93,21
114,93,22
114,93,23
114,93,24
114,93,25
114,93,26
114,93,27
114,93,28
114,93,29
114,93,30
114,93,31
114,94,23
114,94,24
114,94,25
114,94,26
114,94,27
114,94,28
114,94,29
114,94,30
114,94,31
114,95,23
114,95,24
114,95,25
114,95,26
114,95,27
114,95,28
114,95,29
114,96,24
114,96,25
114,96,26
114,96,27
114,96,28
114,96,29
115,65,37
115,65,38
115,65,39
115,65,40
115,65,41
115,65,42
115,65,43
115,65,44
115,65,45
115,65,46
115,65,47
115,65,48
115,65,49
115,65,50
115,65,51
115,66,36
115,66,37
115,66,38
115,66,39
115,66,40
115,66,41
115,66,42
115,66,43
115,66,44
115,66,45
115,66,46
115,66,47
115,66,48
115,66,49
115,66,50
115,66,51
115,66,52
115,66,53
115,66,54
115,66,55
115,67,38
115,67,39
115,67,40
115,67,41
115,67,42
115,67,43
115,67,44
115,67,45
115,67,46
115,67,47
115,67,48
115,67,49
115,67,50
115,67,51
115,67,52
115,67,53
115,67,54
115,67,55
115,67,56
115,68,35
115,68,36
115,68,37
115,68,38
115,68,39
115,68,40
115,68,41
115,68,42
115,68,43
115,68,44
115,68,45
115,68,46
115,68,47
115,68,48
115,68,49
115,68,50
115,68,51
115,68,52
115,68,53
115,68,54
115,68,55
115,69,34
115,69,35
115,69,36
115,69,37
115,69,38
115,69,39
115,69,40
115,69,41
115,69,42
115,69,43
115,69,44
115,69,45
115,69,46
115,69,47
115,69,48
115,69,49
115,69,50
115,69,51
115,69,52
115,69,53
115,69,54
115,69,55
115,69,56
115,69,57
115,70,33
115,70,34
115,70,35
115,70,36
115,70,37
115,70,38
115,70,39
115,70,40
115,70,41
115,70,42
115,70,43
115,70,44
115,70,45
115,70,46
115,70,47
115,70,48
115,70,49
115,70,50
115,70,51
115,70,52
115,70,53
115,70,54
115,70,55
115,71,34
115,71,35
115,71,36
115,71,37
115,71,38
115,71,39
115,71,40
115,71,41
115,71,42
115,71,47
115,71,48
115,71,49
115,71,50
115,71,51
115,71,52
115,71,53
115,71,54
115,71,55
115,72,32
115,72,33
115,72,34
115,72,35
115,72,36
115,72,37
115,72,38
115,72,39
115,72,40
115,72,47
115,72,48
115,72,49
115,72,50
115,72,51
115,72,52
115,72,53
115,72,54
115,72,55
115,73,32
115,73,33
115,73,34
115,73,35
115,73,36
115,73,37
115,73,38
115,73,39
115,73,47
115,73,48
115,73,49
115,73,50
115,73,51
115,73,52
115,74,29
115,74,30
115,74,31
115,74,32
115,74,33
115,74,34
115,74,35
115,74,36
115,74,37
115,74,38
115,74,45
115,74,46
115,74,47
115,74,48
115,74,49
115,75,29
115,75,30
115,75,31
115,75,32
115,75,33
115,75,34
115,75,35
115,75,36
115,75,37
115,75,43
115,75,44
115,75,45
115,75,46
115,75,47
115,75,48
115,75,49
115,75,50
115,76,28
115,76,29
115,76,30
115,76,31
115,76,32
115,76,33
115,76,34
115,76,35
115,76,36
115,76,41
115,76,42
115,76,43
115,76,44
115,76,45
115,76,46
115,76,47
115,76,48
115,77,29
115,77,30
115,77,31
115,77,32
115,77,33
115,77,34
115,77,39
115,77,40
115,77,41
115,77,42
115,77,43
115,77,44
115,77,45
115,77,46
115,77,47
115,77,48
115,78,29
115,78,30
115,78,31
115,78,32
115,78,38
115,78,39
115,78,40
115,78,41
115,78,42
115,78,43
115,78,44
115,78,45
115,78,46
115,78,47
115,78,48
115,79,37
115,79,38
115,79,39
115,79,40
115,79,41
115,79,42
115,79,43
115,79,44
115,79,45
115,79,46
115,80,24
115,80,25
115,80,26
115,80,27
115,80,28
115,80,29
115,80,30
115,80,37
115,80,38
115,80,39
115,80,40
115,80,41
115,80,42
115,80,43
115,80,44
115,81,23
115,81,24
115,81,25
115,81,26
115,81,27
115,81,28
115,81,29
115,81,35
115,81,36
115,81,37
115,81,38
115,81,39
115,81,40
115,81,41
115,81,42
115,82,23
115,82,24
115,82,25
115,82,26
115,82,27
115,82,34
115,82,35
115,82,36
115,82,37
115,82,38
115,82,39
115,82,40
115,82,41
115,83,22
115,83,23
115,83,24
115,83,25
115,83,26
115,83,27
115,83,34
115,83,35
115,83,36
115,83,37
115,83,38
115,83,39
115,83,40
115,84,21
115,84,22
115,84,23
115,84,24
115,84,25
115,84,26
115,84,27
115,84,28
115,84,32
115,84,33
115,84,34
115,84,35
115,84,36
115,84,37
115,84,38
115,85,20
115,85,21
115,85,22
115,85,23
115,85,24
115,85,25
115,85,26
115,85,27
115,85,28
115,85,29
115,85,30
115,85,31
115,85,32
115,85,33
115,85,34
115,85,35
115,85,36
115,85,37
115,85,38
115,86,23
115,86,24
115,86,25
115,86,26
115,86,27
115,86,28
115,86,29
115,86,30
115,86,31
115,86,32
115,86,33
115,86,34
115,86,35
115,86,36
115,86,37
115,87,21
115,87,22
115,87,23
115,87,24
115,87,25
115,87,26
115,87,27
115,87,28
115,87,29
115,87,30
115,87,31
115,87,32
115,87,33
115,87,34
115,87,35
115,87,36
115,87,37
115,88,22
115,88,23
115,88,24
115,88,25
115,88,26
115,88,27
115,88,28
115,88,29
115,88,30
115,88,31
115,88,32
115,88,33
115,88,34
115,88,35
115,89,21
115,89,22
115,89,23
115,89,24
115,89,25
115,89,26
115,89,27
115,89,28
115,89,29
115,89,30
115,89,31
115,89,32
115,89,33
115,89,34
115,89,35
115,90,21
115,90,22
115,90,23
115,90,24
115,90,25
115,90,26
115,90,27
115,90,28
115,90,29
115,90,30
115,90,31
115,90,32
115,90,33
115,90,34
115,91,21
115,91,22
115,91,23
115,91,24
115,91,25
115,91,26
115,91,27
115,91,28
115,91,29
115,91,30
115,91,31
115,91,32
115,91,33
115,92,21
115,92,22
115,92,23
115,92,24
115,92,25
115,92,26
115,92,27
115,92,28
115,92,29
115,92,30
115,92,31
115,92,32
115,93,21
115,93,22
115,93,23
115,93,24
115,93,25
115,93,26
115,93,27
115,93,28
115,93,29
115,93,30
115,93,31
115,94,23
115,94,24
115,94,25
115,94,26
115,94,27
115,94,28
115,94,29
115,94,30
115,94,31
115,94,32
115,95,22
115,95,23
115,95,24
115,95,25
115,95,26
115,95,27
115,95,28
115,95,29
115,96,25
115,96,26
115,96,27
115,96,28
116,65,37
116,65,38
116,65,39
116,65,40
116,65,41
116,65,42
116,65,43
116,65,44
116,65,45
116,65,46
116,65,47
116,65,48
116,65,49
116,65,50
116,65,51
116,65,52
116,65,53
116,66,36
116,66,37
116,66,38
116,66,39
116,66,40
116,66,41
116,66,42
116,66,43
116,66,44
116,66,45
116,66,46
116,66,47
116,66,48
116,66,49
116,66,50
116,66,51
116,66,52
116,66,53
116,66,54
116,67,41
116,67,42
116,67,43
116,67,44
116,67,45
116,67,46
116,67,47
116,67,48
116,67,49
116,67,50
116,67,51
116,67,52
116,67,53
116,67,54
116,67,55
116,68,35
116,68,36
116,68,37
116,68,38
116,68,39
116,68,40
116,68,41
116,68,42
116,68,43
116,68,44
116,68,45
116,68,46
116,68,47
116,68,48
116,68,49
116,68,50
116,68,51
116,68,52
116,68,53
116,68,54
116,68,55
116,68,56
116,69,34
116,69,35
116,69,36
116,69,37
116,69,38
116,69,39
116,69,40
116,69,41
116,69,42
116,69,43
116,69,44
116,69,45
116,69,46
116,69,47
116,69,48
116,69,49
116,69,50
116,69,51
116,69,52
116,69,53
116,69,54
116,69,55
116,69,56
116,70,33
116,70,34
116,70,35
116,70,36
116,70,37
116,70,38
116,70,39
116,70,40
116,70,41
116,70,42
116,70,43
116,70,44
116,70,45
116,70,46
116,70,47
116,70,48
116,70,49
116,70,50
116,70,51
116,70,52
116,70,53
116,70,54
116,70,55
116,70,56
116,71,34
116,71,35
116,71,36
116,71,37
116,71,38
116,71,39
116,71,40
116,71,41
116,71,42
116,71,43
116,71,45
116,71,46
116,71,47
116,71,48
116,71,49
116,71,50
116,71,51
116,71,52
116,71,53
116,71,54
116,71,55
116,71,56
116,72,32
116,72,33
116,72,34
116,72,35
116,72,36
116,72,37
116,72,38
116,72,39
116,72,40
116,72,41
116,72,45
116,72,46
116,72,47
116,72,48
116,72,49
116,72,50
116,72,51
116,72,52
116,72,53
116,72,54
116,72,55
116,72,56
116,73,32
116,73,33
116,73,34
116,73,35
116,73,36
116,73,37
116,73,38
116,73,40
116,73,43
116,73,44
116,73,45
116,73,46
116,73,47
116,73,48
116,73,49
116,73,50
116,73,51
116,73,52
116,74,29
116,74,30
116,74,31
116,74,32
116,74,33
116,74,34
116,74,35
116,74,36
116,74,37
116,74,42
116,74,43
116,74,44
116,74,45
116,74,46
116,74,47
116,74,48
116,74,49
116,74,50
116,75,29
116,75,30
116,75,31
116,75,32
116,75,33
116,75,34
116,75,35
116,75,36
116,75,37
116,75,40
116,75,41
116,75,42
116,75,43
116,75,44
116,75,45
116,75,46
116,75,47
116,75,48
116,75,49
116,75,50
116,75,51
116,76,28
116,76,29
116,76,30
116,76,31
116,76,32
116,76,33
116,76,34
116,76,35
116,76,39
116,76,40
116,76,41
116,76,42
116,76,43
116,76,44
116,76,45
116,76,46
116,76,47
116,76,48
116,76,49
116,77,28
116,77,29
116,77,30
116,77,31
116,77,32
116,77,33
116,77,34
116,77,38
116,77,39
116,77,40
116,77,41
116,77,42
116,77,43
116,77,44
116,77,45
116,77,46
116,77,47
116,77,48
116,78,28
116,78,29
116,78,30
116,78,31
116,78,32
116,78,33
116,78,37
116,78,38
116,78,39
116,78,40
116,78,41
116,78,42
116,78,43
116,78,44
116,78,45
116,78,46
116,78,47
116,78,48
116,79,30
116,79,31
116,79,32
116,79,33
116,79,36
116,79,37
116,79,38
116,79,39
116,79,40
116,79,41
116,79,42
116,79,43
116,79,44
116,79,45
116,79,46
116,80,23
116,80,24
116,80,25
116,80,26
116,80,27
116,80,28
116,80,29
116,80,30
116,80,31
116,80,32
116,80,33
116,80,34
116,80,35
116,80,36
116,80,37
116,80,38
116,80,39
116,80,40
116,80,41
116,80,42
116,80,43
116,80,44
116,81,23
116,81,24
116,81,25
116,81,26
116,81,27
116,81,28
116,81,29
116,81,30
116,81,31
116,81,32
116,81,33
116,81,34
116,81,35
116,81,36
116,81,37
116,81,38
116,81,39
116,81,40
116,81,41
116,81,42
116,81,43
116,82,22
116,82,23
116,82,24
116,82,25
116,82,26
116,82,27
116,82,28
116,82,29
116,82,30
116,82,31
116,82,32
116,82,34
116,82,35
116,82,36
116,82,37
116,82,38
116,82,39
116,82,40
116,82,41
116,82,42
116,83,21
116,83,22
116,83,23
116,83,24
116,83,25
116,83,26
116,83,27
116,83,28
116,83,29
116,83,30
116,83,31
116,83,32
116,83,33
116,83,34
116,83,35
116,83,36
116,83,37
116,83,38
116,83,39
116,83,40
116,83,41
116,84,21
116,84,22
116,84,23
116,84,24
116,84,25
116,84,26
116,84,27
116,84,28
116,84,29
116,84,30
116,84,31
116,84,32
116,84,33
116,84,34
116,84,35
116,84,36
116,84,37
116,84,38
116,84,39
116,85,20
116,85,21
116,85,22
116,85,23
116,85,24
116,85,25
116,85,26
116,85,27
116,85,28
116,85,29
116,85,30
116,85,31
116,85,32
116,85,33
116,85,34
116,85,35
116,85,36
116,85,37
116,85,38
116,86,22
116,86,23
116,86,24
116,86,25
116,86,26
116,86,27
116,86,28
116,86,29
116,86,30
116,86,31
116,86,32
116,86,33
116,86,34
116,86,35
116,86,36
116,86,37
116,86,38
116,87,20
116,87,21
116,87,22
116,87,23
116,87,24
116,87,25
116,87,26
116,87,27
116,87,28
116,87,29
116,87,30
116,87,31
116,87,32
116,87,33
116,87,34
116,87,35
116,87,36
116,87,37
116,88,21
116,88,22
116,88,23
116,88,24
116,88,25
116,88,26
116,88,27
116,88,28
116,88,29
116,88,30
116,88,31
116,88,32
116,88,33
116,88,34
116,88,35
116,88,36
116,89,20
116,89,21
116,89,22
116,89,23
116,89,24
116,89,25
116,89,26
116,89,27
116,89,28
116,89,29
116,89,30
116,89,31
116,89,32
116,89,33
116,89,34
116,89,35
116,90,20
116,90,21
116,90,22
116,90,23
116,90,24
116,90,25
116,90,26
116,90,27
116,90,28
116,90,29
116,90,30
116,90,31
116,90,32
116,90,33
116,90,34
116,91,21
116,91,22
116,91,23
116,91,24
116,91,25
116,91,26
116,91,27
116,91,28
116,91,29
116,91,30
116,91,31
116,91,32
116,91,33
116,91,34
116,92,21
116,92,22
116,92,23
116,92,24
116,92,25
116,92,26
116,92,27
116,92,28
116,92,29
116,92,30
116,92,31
116,92,32
116,93,21
116,93,22
116,93,23
116,93,24
116,93,25
116,93,26
116,93,27
116,93,28
116,93,29
116,93,30
116,93,31
116,94,22
116,94,23
116,94,24
116,94,25
116,94,26
116,94,27
116,94,28
116,94,29
116,94,30
116,94,31
116,95,22
116,95,23
116,95,24
116,95,25
116,95,26
116,95,27
116,95,28
116,95,29
116,96,25
116,96,26
116,96,28
116,96,29
117,65,38
117,65,39
117,65,40
117,65,41
117,65,42
117,65,43
117,65,44
117,65,45
117,65,46
117,65,47
117,65,48
117,65,49
117,65,50
117,66,37
117,66,38
117,66,39
117,66,42
117,66,43
117,66,44
117,66,45
117,66,46
117,66,47
117,66,48
117,66,49
117,66,50
117,66,51
117,66,52
117,67,41
117,67,42
117,67,43
117,67,44
117,67,45
117,67,46
117,67,47
117,67,48
117,67,49
117,67,50
117,67,51
117,67,52
117,67,53
117,68,36
117,68,37
117,68,38
117,68,39
117,68,40
117,68,41
117,68,42
117,68,43
117,68,44
117,68,45
117,68,46
117,68,47
117,68,48
117,68,49
117,68,50
117,68,51
117,68,52
117,68,53
117,68,54
117,69,36
117,69,37
117,69,38
117,69,39
117,69,40
117,69,41
117,69,42
117,69,43
117,69,44
117,69,45
117,69,46
117,69,47
117,69,48
117,69,49
117,69,50
117,69,51
117,69,52
117,69,53
117,69,54
117,70,35
117,70,36
117,70,37
117,70,38
117,70,39
117,70,40
117,70,41
117,70,42
117,70,43
117,70,44
117,70,45
117,70,46
117,70,47
117,70,48
117,70,49
117,70,50
117,70,51
117,70,52
117,70,53
117,70,54
117,71,33
117,71,34
117,71,35
117,71,36
117,71,37
117,71,38
117,71,39
117,71,40
117,71,41
117,71,42
117,71,43
117,71,44
117,71,45
117,71,46
117,71,47
117,71,48
117,71,49
117,71,50
117,71,51
117,71,52
117,71,53
117,71,54
117,72,32
117,72,33
117,72,34
117,72,35
117,72,36
117,72,37
117,72,38
117,72,39
117,72,40
117,72,41
117,72,42
117,72,43
117,72,44
117,72,45
117,72,46
117,72,47
117,72,48
117,72,49
117,72,50
117,72,51
117,72,52
117,72,53
117,72,54
117,73,32
117,73,33
117,73,34
117,73,35
117,73,36
117,73,37
117,73,38
117,73,39
117,73,40
117,73,41
117,73,42
117,73,43
117,73,44
117,73,45
117,73,46
117,73,47
117,73,48
117,73,49
117,73,50
117,73,51
117,73,52
117,73,53
117,74,29
117,74,30
117,74,31
117,74,32
117,74,33
117,74,34
117,74,35
117,74,36
117,74,37
117,74,38
117,74,39
117,74,40
117,74,41
117,74,42
117,74,43
117,74,44
117,74,45
117,74,46
117,74,47
117,74,48
117,74,49
117,74,50
117,74,51
117,75,29
117,75,30
117,75,31
117,75,32
117,75,33
117,75,34
117,75,35
117,75,36
117,75,37
117,75,38
117,75,39
117,75,40
117,75,41
117,75,42
117,75,43
117,75,44
117,75,45
117,75,46
117,75,47
117,75,48
117,75,49
117,75,50
117,75,51
117,75,52
117,76,28
117,76,29
117,76,30
117,76,31
117,76,32
117,76,33
117,76,34
117,76,35
117,76,36
117,76,37
117,76,38
117,76,39
117,76,40
117,76,41
117,76,42
117,76,43
117,76,44
117,76,45
117,76,46
117,76,47
117,76,48
117,76,49
117,76,50
117,77,28
117,77,29
117,77,30
117,77,31
117,77,32
117,77,33
117,77,34
117,77,35
117,77,36
117,77,37
117,77,38
117,77,39
117,77,40
117,77,41
117,77,42
117,77,43
117,77,44
117,77,45
117,77,46
117,77,47
117,77,48
117,77,49
117,78,28
117,78,29
117,78,30
117,78,31
117,78,32
117,78,33
117,78,34
117,78,35
117,78,36
117,78,37
117,78,38
117,78,39
117,78,40
117,78,41
117,78,42
117,78,43
117,78,44
117,78,45
117,78,46
117,78,47
117,78,48
117,78,49
117,79,28
117,79,29
117,79,30
117,79,31
117,79,32
117,79,33
117,79,34
117,79,35
117,79,36
117,79,37
117,79,38
117,79,39
117,79,40
117,79,41
117,79,42
117,79,43
117,79,44
117,79,45
117,79,46
117,79,47
117,80,22
117,80,23
117,80,24
117,80,25
117,80,26
117,80,27
117,80,28
117,80,29
117,80,30
117,80,31
117,80,32
117,80,33
117,80,34
117,80,35
117,80,36
117,80,37
117,80,38
117,80,39
117,80,40
117,80,41
117,80,42
117,80,43
117,80,44
117,81,21
117,81,22
117,81,23
117,81,24
117,81,25
117,81,26
117,81,27
117,81,28
117,81,29
117,81,30
117,81,31
117,81,32
117,81,33
117,81,34
117,81,35
117,81,36
117,81,37
117,81,38
117,81,39
117,81,40
117,81,41
117,81,42
117,81,43
117,82,22
117,82,23
117,82,24
117,82,25
117,82,26
117,82,27
117,82,28
117,82,29
117,82,30
117,82,31
117,82,32
117,82,33
117,82,34
117,82,35
117,82,36
117,82,37
117,82,38
117,82,39
117,82,40
117,82,41
117,82,42
117,82,43
117,83,21
117,83,22
117,83,23
117,83,24
117,83,25
117,83,26
117,83,27
117,83,28
117,83,29
117,83,30
117,83,31
117,83,32
117,83,33
117,83,34
117,83,35
117,83,36
117,83,37
117,83,38
117,83,39
117,83,40
117,83,41
117,84,21
117,84,22
117,84,23
117,84,24
117,84,25
117,84,26
117,84,27
117,84,28
117,84,29
117,84,30
117,84,31
117,84,32
117,84,33
117,84,34
117,84,35
117,84,36
117,84,37
117,84,38
117,84,39
117,84,40
117,85,21
117,85,22
117,85,23
117,85,24
117,85,25
117,85,26
117,85,27
117,85,28
117,85,29
117,85,30
117,85,31
117,85,32
117,85,33
117,85,34
117,85,35
117,85,36
117,85,37
117,85,38
117,85,39
117,86,22
117,86,23
117,86,24
117,86,25
117,86,26
117,86,27
117,86,28
117,86,29
117,86,30
117,86,31
117,86,32
117,86,33
117,86,34
117,86,35
117,86,36
117,86,37
117,86,38
117,86,39
117,87,21
117,87,22
117,87,23
117,87,24
117,87,25
117,87,26
117,87,27
117,87,28
117,87,29
117,87,30
117,87,31
117,87,32
117,87,33
117,87,34
117,87,35
117,87,36
117,87,37
117,87,38
117,88,21
117,88,22
117,88,23
117,88,24
117,88,25
117,88,26
117,88,27
117,88,28
117,88,29
117,88,30
117,88,31
117,88,32
117,88,33
117,88,34
117,88,35
117,88,36
117,89,21
117,89,22
117,89,23
117,89,24
117,89,25
117,89,26
117,89,27
117,89,28
117,89,29
117,89,30
117,89,31
117,89,32
117,89,33
117,89,34
117,89,35
117,90,21
117,90,22
117,90,23
117,90,24
117,90,25
117,90,26
117,90,27
117,90,28
117,90,29
117,90,30
117,90,31
117,90,32
117,90,33
117,90,34
117,90,35
117,91,21
117,91,22
117,91,23
117,91,24
117,91,25
117,91,26
117,91,27
117,91,28
117,91,29
117,91,30
117,91,31
117,91,32
117,91,33
117,91,34
117,92,22
117,92,23
117,92,24
117,92,25
117,92,26
117,92,27
117,92,28
117,92,29
117,92,30
117,92,31
117,92,32
117,92,33
117,93,22
117,93,23
117,93,24
117,93,25
117,93,26
117,93,27
117,93,28
117,93,29
117,93,30
117,93,31
117,94,23
117,94,24
117,94,25
117,94,26
117,94,27
117,94,28
117,94,29
117,94,30
117,94,31
117,95,23
117,95,24
117,95,25
117,95,26
117,95,27
117,95,28
117,95,29
117,96,27
117,96,28
117,96,29
118,65,38
118,65,43
118,65,44
118,65,45
118,65,46
118,65,47
118,65,48
118,66,37
118,66,38
118,66,42
118,66,43
118,66,44
118,66,45
118,66,46
118,66,47
118,66,48
118,66,49
118,66,50
118,66,51
118,67,40
118,67,41
118,67,42
118,67,43
118,67,44
118,67,45
118,67,46
118,67,47
118,67,48
118,67,49
118,67,50
118,67,51
118,67,52
118,68,36
118,68,37
118,68,38
118,68,39
118,68,40
118,68,41
118,68,42
118,68,43
118,68,44
118,68,45
118,68,46
118,68,47
118,68,48
118,68,49
118,68,50
118,68,51
118,68,52
118,69,36
118,69,37
118,69,38
118,69,39
118,69,40
118,69,41
118,69,42
118,69,43
118,69,44
118,69,45
118,69,46
118,69,47
118,69,48
118,69,49
118,69,50
118,69,51
118,69,52
118,69,53
118,70,35
118,70,36
118,70,37
118,70,38
118,70,39
118,70,40
118,70,41
118,70,42
118,70,43
118,70,44
118,70,45
118,70,46
118,70,47
118,70,48
118,70,49
118,70,50
118,70,51
118,70,52
118,70,53
118,71,34
118,71,35
118,71,36
118,71,37
118,71,38
118,71,39
118,71,40
118,71,41
118,71,42
118,71,43
118,71,44
118,71,45
118,71,46
118,71,47
118,71,48
118,71,49
118,71,50
118,71,51
118,71,52
118,72,32
118,72,33
118,72,34
118,72,35
118,72,36
118,72,37
118,72,38
118,72,39
118,72,40
118,72,41
118,72,42
118,72,43
118,72,44
118,72,45
118,72,46
118,72,47
118,72,48
118,72,49
118,72,50
118,72,51
118,72,52
118,73,31
118,73,32
118,73,33
118,73,34
118,73,35
118,73,36
118,73,37
118,73,38
118,73,39
118,73,40
118,73,41
118,73,42
118,73,43
118,73,44
118,73,45
118,73,46
118,73,47
118,73,48
118,73,49
118,73,50
118,73,51
118,74,28
118,74,29
118,74,30
118,74,31
118,74,32
118,74,33
118,74,34
118,74,35
118,74,36
118,74,37
118,74,38
118,74,39
118,74,40
118,74,41
118,74,42
118,74,43
118,74,44
118,74,45
118,74,46
118,74,47
118,74,48
118,74,49
118,74,50
118,74,51
118,75,28
118,75,29
118,75,30
118,75,31
118,75,32
118,75,33
118,75,34
118,75,35
118,75,36
118,75,37
118,75,38
118,75,39
118,75,40
118,75,41
118,75,42
118,75,43
118,75,44
118,75,45
118,75,46
118,75,47
118,75,48
118,75,49
118,75,50
118,75,51
118,75,52
118,76,27
118,76,28
118,76,29
118,76,30
118,76,31
118,76,32
118,76,33
118,76,34
118,76,35
118,76,36
118,76,37
118,76,38
118,76,39
118,76,40
118,76,41
118,76,42
118,76,43
118,76,44
118,76,45
118,76,46
118,76,47
118,76,48
118,76,49
118,76,50
118,76,51
118,77,27
118,77,28
118,77,29
118,77,30
118,77,31
118,77,32
118,77,33
118,77,34
118,77,35
118,77,36
118,77,37
118,77,38
118,77,39
118,77,40
118,77,41
118,77,42
118,77,43
118,77,44
118,77,45
118,77,46
118,77,47
118,77,48
118,77,49
118,77,50
118,78,27
118,78,28
118,78,29
118,78,30
118,78,31
118,78,32
118,78,33
118,78,34
118,78,35
118,78,36
118,78,37
118,78,38
118,78,39
118,78,40
118,78,41
118,78,42
118,78,43
118,78,44
118,78,45
118,78,46
118,78,47
118,78,48
118,78,49
118,78,50
118,79,27
118,79,28
118,79,29
118,79,30
118,79,31
118,79,32
118,79,33
118,79,34
118,79,35
118,79,36
118,79,37
118,79,38
118,79,39
118,79,40
118,79,41
118,79,42
118,79,43
118,79,44
118,79,45
118,79,46
118,79,47
118,79,48
118,80,21
118,80,22
118,80,23
118,80,24
118,80,25
118,80,26
118,80,27
118,80,28
118,80,29
118,80,30
118,80,31
118,80,32
118,80,33
118,80,34
118,80,35
118,80,36
118,80,37
118,80,38
118,80,39
118,80,40
118,80,41
118,80,42
118,80,43
118,80,44
118,81,21
118,81,22
118,81,23
118,81,24
118,81,25
118,81,26
118,81,27
118,81,28
118,81,29
118,81,30
118,81,31
118,81,32
118,81,33
118,81,34
118,81,35
118,81,36
118,81,37
118,81,38
118,81,39
118,81,40
118,81,41
118,81,42
118,81,43
118,81,44
118,82,22
118,82,23
118,82,24
118,82,25
118,82,26
118,82,27
118,82,28
118,82,29
118,82,30
118,82,31
118,82,32
118,82,33
118,82,34
118,82,35
118,82,36
118,82,37
118,82,38
118,82,39
118,82,40
118,82,41
118,82,42
118,82,43
118,83,21
118,83,22
118,83,23
118,83,24
118,83,25
118,83,26
118,83,27
118,83,28
118,83,29
118,83,30
118,83,31
118,83,32
118,83,33
118,83,34
118,83,35
118,83,36
118,83,37
118,83,38
118,83,39
118,83,40
118,83,41
118,84,21
118,84,22
118,84,23
118,84,24
118,84,25
118,84,26
118,84,27
118,84,28
118,84,29
118,84,30
118,84,31
118,84,32
118,84,33
118,84,34
118,84,35
118,84,36
118,84,37
118,84,38
118,84,39
118,84,40
118,84,41
118,85,21
118,85,22
118,85,23
118,85,24
118,85,25
118,85,26
118,85,27
118,85,28
118,85,29
118,85,30
118,85,31
118,85,32
118,85,33
118,85,34
118,85,35
118,85,36
118,85,37
118,85,38
118,85,39
118,86,22
118,86,23
118,86,24
118,86,25
118,86,26
118,86,27
118,86,28
118,86,29
118,86,30
118,86,31
118,86,32
118,86,33
118,86,34
118,86,35
118,86,36
118,86,37
118,86,38
118,87,22
118,87,23
118,87,24
118,87,25
118,87,26
118,87,27
118,87,28
118,87,29
118,87,30
118,87,31
118,87,32
118,87,33
118,87,34
118,87,35
118,87,36
118,87,37
118,87,38
118,88,21
118,88,22
118,88,23
118,88,24
118,88,25
118,88,26
118,88,27
118,88,28
118,88,29
118,88,30
118,88,31
118,88,32
118,88,33
118,88,34
118,88,35
118,88,36
118,89,21
118,89,22
118,89,23
118,89,24
118,89,25
118,89,26
118,89,27
118,89,28
118,89,29
118,89,30
118,89,31
118,89,32
118,89,33
118,89,34
118,89,35
118,90,22
118,90,23
118,90,24
118,90,25
118,90,26
118,90,27
118,90,28
118,90,29
118,90,30
118,90,31
118,90,32
118,90,33
118,90,34
118,90,35
118,91,22
118,91,23
118,91,24
118,91,25
118,91,26
118,91,27
118,91,28
118,91,29
118,91,30
118,91,31
118,91,32
118,91,33
118,91,34
118,92,22
118,92,23
118,92,24
118,92,25
118,92,26
118,92,27
118,92,28
118,92,29
118,92,30
118,92,31
118,92,32
118,92,33
118,93,23
118,93,24
118,93,25
118,93,26
118,93,27
118,93,28
118,93,29
118,93,30
118,93,31
118,94,23
118,94,24
118,94,25
118,94,26
118,94,27
118,94,28
118,94,29
118,94,30
118,94,31
118,95,24
118,95,25
118,95,26
118,95,27
118,95,28
118,95,29
118,95,30
119,65,47
119,66,42
119,66,43
119,66,44
119,66,45
119,66,46
119,66,47
119,66,48
119,67,39
119,67,40
119,67,41
119,67,42
119,67,43
119,67,44
119,67,45
119,67,46
119,67,47
119,67,48
119,67,49
119,68,36
119,68,37
119,68,38
119,68,39
119,68,40
119,68,41
119,68,42
119,68,43
119,68,44
119,68,45
119,68,46
119,68,47
119,68,48
119,68,49
119,68,50
119,69,36
119,69,37
119,69,38
119,69,39
119,69,40
119,69,41
119,69,42
119,69,43
119,69,44
119,69,45
119,69,46
119,69,47
119,69,48
119,69,49
119,69,50
119,70,35
119,70,36
119,70,37
119,70,38
119,70,39
119,70,40
119,70,41
119,70,42
119,70,43
119,70,44
119,70,45
119,70,46
119,70,47
119,70,48
119,70,49
119,70,50
119,71,34
119,71,35
119,71,36
119,71,37
119,71,38
119,71,39
119,71,40
119,71,41
119,71,42
119,71,43
119,71,44
119,71,45
119,71,46
119,71,47
119,71,48
119,71,49
119,71,50
119,72,32
119,72,33
119,72,34
119,72,35
119,72,36
119,72,37
119,72,38
119,72,39
119,72,40
119,72,41
119,72,42
119,72,43
119,72,44
119,72,45
119,72,46
119,72,47
119,72,48
119,72,49
119,72,50
119,73,31
119,73,32
119,73,33
119,73,34
119,73,35
119,73,36
119,73,37
119,73,38
119,73,39
119,73,40
119,73,41
119,73,42
119,73,43
119,73,44
119,73,45
119,73,46
119,73,47
119,73,48
119,73,49
119,73,50
119,74,28
119,74,29
119,74,30
119,74,31
119,74,32
119,74,33
119,74,34
119,74,35
119,74,36
119,74,37
119,74,38
119,74,39
119,74,40
119,74,41
119,74,42
119,74,43
119,74,44
119,74,45
119,74,46
119,74,47
119,74,48
119,74,49
119,74,50
119,75,28
119,75,29
119,75,30
119,75,31
119,75,32
119,75,33
119,75,34
119,75,35
119,75,36
119,75,37
119,75,38
119,75,39
119,75,40
119,75,41
119,75,42
119,75,43
119,75,44
119,75,45
119,75,46
119,75,47
119,75,48
119,75,49
119,75,50
119,76,27
119,76,28
119,76,29
119,76,30
119,76,31
119,76,32
119,76,33
119,76,34
119,76,35
119,76,36
119,76,37
119,76,38
119,76,39
119,76,40
119,76,41
119,76,42
119,76,43
119,76,44
119,76,45
119,76,46
119,76,47
119,76,48
119,76,49
119,77,27
119,77,28
119,77,29
119,77,30
119,77,31
119,77,32
119,77,33
119,77,34
119,77,35
119,77,36
119,77,37
119,77,38
119,77,39
119,77,40
119,77,41
119,77,42
119,77,43
119,77,44
119,77,45
119,77,46
119,77,47
119,77,48
119,77,49
119,78,27
119,78,28
119,78,29
119,78,30
119,78,31
119,78,32
119,78,33
119,78,34
119,78,35
119,78,36
119,78,37
119,78,38
119,78,39
119,78,40
119,78,41
119,78,42
119,78,43
119,78,44
119,78,45
119,78,46
119,78,47
119,78,48
119,79,26
119,79,27
119,79,28
119,79,29
119,79,30
119,79,31
119,79,32
119,79,33
119,79,34
119,79,35
119,79,36
119,79,37
119,79,38
119,79,39
119,79,40
119,79,41
119,79,42
119,79,43
119,79,44
119,79,45
119,79,46
119,80,22
119,80,23
119,80,24
119,80,25
119,80,26
119,80,27
119,80,28
119,80,29
119,80,30
119,80,31
119,80,32
119,80,33
119,80,34
119,80,35
119,80,36
119,80,37
119,80,38
119,80,39
119,80,40
119,80,41
119,80,42
119,80,43
119,80,44
119,81,22
119,81,23
119,81,24
119,81,25
119,81,26
119,81,27
119,81,28
119,81,29
119,81,30
119,81,31
119,81,32
119,81,33
119,81,34
119,81,35
119,81,36
119,81,37
119,81,38
119,81,39
119,81,40
119,81,41
119,81,42
119,81,43
119,82,22
119,82,23
119,82,24
119,82,25
119,82,26
119,82,27
119,82,28
119,82,29
119,82,30
119,82,31
119,82,32
119,82,33
119,82,34
119,82,35
119,82,36
119,82,37
119,82,38
119,82,39
119,82,40
119,82,41
119,82,42
119,83,22
119,83,23
119,83,24
119,83,25
119,83,26
119,83,27
119,83,28
119,83,29
119,83,30
119,83,31
119,83,32
119,83,33
119,83,34
119,83,35
119,83,36
119,83,37
119,83,38
119,83,39
119,83,40
119,83,41
119,84,23
119,84,24
119,84,25
119,84,26
119,84,27
119,84,28
119,84,29
119,84,30
119,84,31
119,84,32
119,84,33
119,84,34
119,84,35
119,84,36
119,84,37
119,84,38
119,84,39
119,84,40
119,85,23
119,85,24
119,85,25
119,85,26
119,85,27
119,85,28
119,85,29
119,85,30
119,85,31
119,85,32
119,85,33
119,85,34
119,85,35
119,85,36
119,85,37
119,85,38
119,85,39
119,85,40
119,86,23
119,86,24
119,86,25
119,86,26
119,86,27
119,86,28
119,86,29
119,86,30
119,86,31
119,86,32
119,86,33
119,86,34
119,86,35
119,86,36
119,86,37
119,86,38
119,86,39
119,87,23
119,87,24
119,87,25
119,87,26
119,87,27
119,87,28
119,87,29
119,87,30
119,87,31
119,87,32
119,87,33
119,87,34
119,87,35
119,87,36
119,87,37
119,87,38
119,88,23
119,88,24
119,88,25
119,88,26
119,88,27
119,88,28
119,88,29
119,88,30
119,88,31
119,88,32
119,88,33
119,88,34
119,88,35
119,88,36
119,89,23
119,89,24
119,89,25
119,89,26
119,89,27
119,89,28
119,89,29
119,89,30
119,89,31
119,89,32
119,89,33
119,89,34
119,89,35
119,90,23
119,90,24
119,90,25
119,90,26
119,90,27
119,90,28
119,90,29
119,90,30
119,90,31
119,90,32
119,90,33
119,90,34
119,91,23
119,91,24
119,91,25
119,91,26
119,91,27
119,91,28
119,91,29
119,91,30
119,91,31
119,91,32
119,91,33
119,92,23
119,92,24
119,92,25
119,92,26
119,92,27
119,92,28
119,92,29
119,92,30
119,92,31
119,92,32
119,93,24
119,93,25
119,93,26
119,93,27
119,93,28
119,93,29
119,93,30
119,93,31
119,94,24
119,94,25
119,94,26
119,94,27
119,94,28
119,94,29
119,94,30
120,66,41
120,66,42
120,66,43
120,66,44
120,66,45
120,67,39
120,67,40
120,67,41
120,67,42
120,67,43
120,67,44
120,67,45
120,67,46
120,68,36
120,68,37
120,68,38
120,68,39
120,68,40
120,68,41
120,68,42
120,68,43
120,68,44
120,68,45
120,68,46
120,68,47
120,69,36
120,69,37
120,69,38
120,69,39
120,69,40
120,69,41
120,69,42
120,69,43
120,69,44
120,69,45
120,69,46
120,69,47
120,69,48
120,70,35
120,70,36
120,70,37
120,70,38
120,70,39
120,70,40
120,70,41
120,70,42
120,70,43
120,70,44
120,70,45
120,70,46
120,70,47
120,70,48
120,71,34
120,71,35
120,71,36
120,71,37
120,71,38
120,71,39
120,71,40
120,71,41
120,71,42
120,71,43
120,71,44
120,71,45
120,71,46
120,71,47
120,72,32
120,72,33
120,72,34
120,72,35
120,72,36
120,72,37
120,72,38
120,72,39
120,72,40
120,72,41
120,72,42
120,72,43
120,72,44
120,72,45
120,72,46
120,72,47
120,72,48
120,73,30
120,73,31
120,73,32
120,73,33
120,73,34
120,73,35
120,73,36
120,73,37
120,73,38
120,73,39
120,73,40
120,73,41
120,73,42
120,73,43
120,73,44
120,73,45
120,73,46
120,73,47
120,73,48
120,74,26
120,74,27
120,74,28
120,74,29
120,74,30
120,74,31
120,74,32
120,74,33
120,74,34
120,74,35
120,74,36
120,74,37
120,74,38
120,74,39
120,74,40
120,74,41
120,74,42
120,74,43
120,74,44
120,74,45
120,74,46
120,74,47
120,74,48
120,75,26
120,75,27
120,75,28
120,75,29
120,75,30
120,75,31
120,75,32
120,75,33
120,75,34
120,75,35
120,75,36
120,75,37
120,75,38
120,75,39
120,75,40
120,75,41
120,75,42
120,75,43
120,75,44
120,75,45
120,75,46
120,75,47
120,76,25
120,76,26
120,76,27
120,76,28
120,76,29
120,76,30
120,76,31
120,76,32
120,76,33
120,76,34
120,76,35
120,76,36
120,76,37
120,76,38
120,76,39
120,76,40
120,76,41
120,76,42
120,76,43
120,76,44
120,76,45
120,76,46
120,76,47
120,77,27
120,77,28
120,77,29
120,77,30
120,77,31
120,77,32
120,77,33
120,77,34
120,77,35
120,77,36
120,77,37
120,77,38
120,77,39
120,77,40
120,77,41
120,77,42
120,77,43
120,77,44
120,77,45
120,77,46
120,78,27
120,78,28
120,78,29
120,78,30
120,78,31
120,78,32
120,78,33
120,78,34
120,78,35
120,78,36
120,78,37
120,78,38
120,78,39
120,78,40
120,78,41
120,78,42
120,78,43
120,78,44
120,78,45
120,79,26
120,79,27
120,79,28
120,79,29
120,79,30
120,79,31
120,79,32
120,79,33
120,79,34
120,79,35
120,79,36
120,79,37
120,79,38
120,79,39
120,79,40
120,79,41
120,79,42
120,79,43
120,80,24
120,80,25
120,80,26
120,80,27
120,80,28
120,80,29
120,80,30
120,80,31
120,80,32
120,80,33
120,80,34
120,80,35
120,80,36
120,80,37
120,80,38
120,80,39
120,80,40
120,80,41
120,80,42
120,80,43
120,81,24
120,81,25
120,81,26
120,81,27
120,81,28
120,81,29
120,81,30
120,81,31
120,81,32
120,81,33
120,81,34
120,81,35
120,81,36
120,81,37
120,81,38
120,81,39
120,81,40
120,81,41
120,81,42
120,82,24
120,82,25
120,82,26
120,82,27
120,82,28
120,82,29
120,82,30
120,82,31
120,82,32
120,82,33
120,82,34
120,82,35
120,82,36
120,82,37
120,82,38
120,82,39
120,82,40
120,82,41
120,83,23
120,83,24
120,83,25
120,83,26
120,83,27
120,83,28
120,83,29
120,83,30
120,83,31
120,83,32
120,83,33
120,83,34
120,83,35
120,83,36
120,83,37
120,83,38
120,83,39
120,83,40
120,84,24
120,84,25
120,84,26
120,84,27
120,84,28
120,84,29
120,84,30
120,84,31
120,84,32
120,84,33
120,84,34
120,84,35
120,84,36
120,84,37
120,84,38
120,85,24
120,85,25
120,85,26
120,85,27
120,85,28
120,85,29
120,85,30
120,85,31
120,85,32
120,85,33
120,85,34
120,85,35
120,85,36
120,85,37
120,85,38
120,85,39
120,86,24
120,86,25
120,86,26
120,86,27
120,86,28
120,86,29
120,86,30
120,86,31
120,86,32
120,86,33
120,86,34
120,86,35
120,86,36
120,86,37
120,86,38
120,87,24
120,87,25
120,87,26
120,87,27
120,87,28
120,87,29
120,87,30
120,87,31
120,87,32
120,87,33
120,87,34
120,87,35
120,87,36
120,88,24
120,88,25
120,88,26
120,88,27
120,88,28
120,88,29
120,88,30
120,88,31
120,88,32
120,88,33
120,88,34
120,88,35
120,89,24
120,89,25
120,89,26
120,89,27
120,89,28
120,89,29
120,89,30
120,89,31
120,89,32
120,89,33
120,89,34
120,90,24
120,90,25
120,90,26
120,90,27
120,90,28
120,90,29
120,90,30
120,90,31
120,90,32
120,90,33
120,91,24
120,91,25
120,91,26
120,91,27
120,91,28
120,91,29
120,91,30
120,91,31
120,91,32
120,92,26
120,92,27
120,92,28
120,92,29
120,92,30
120,92,31
120,93,27
120,93,28
120,93,29
120,93,30
121,67,40
121,68,38
121,68,39
121,68,40
121,68,41
121,68,42
121,68,43
121,69,35
121,69,36
121,69,37
121,69,38
121,69,39
121,69,40
121,69,41
121,69,42
121,69,43
121,69,44
121,70,34
121,70,35
121,70,36
121,70,37
121,70,38
121,70,39
121,70,40
121,70,41
121,70,42
121,70,43
121,70,44
121,71,33
121,71,34
121,71,35
121,71,36
121,71,37
121,71,38
121,71,39
121,71,40
121,71,41
121,71,42
121,71,43
121,71,44
121,72,31
121,72,32
121,72,33
121,72,34
121,72,35
121,72,36
121,72,37
121,72,38
121,72,39
121,72,40
121,72,41
121,72,42
121,72,43
121,72,44
121,73,30
121,73,31
121,73,32
121,73,33
121,73,34
121,73,35
121,73,36
121,73,37
121,73,38
121,73,39
121,73,40
121,73,41
121,73,42
121,73,43
121,74,29
121,74,30
121,74,31
121,74,32
121,74,33
121,74,34
121,74,35
121,74,36
121,74,37
121,74,38
121,74,39
121,74,40
121,74,41
121,74,42
121,74,43
121,75,28
121,75,29
121,75,30
121,75,31
121,75,32
121,75,33
121,75,34
121,75,35
121,75,36
121,75,37
121,75,38
121,75,39
121,75,40
121,75,41
121,75,42
121,75,44
121,76,28
121,76,29
121,76,30
121,76,31
121,76,32
121,76,33
121,76,34
121,76,35
121,76,36
121,76,37
121,76,38
121,76,39
121,76,40
121,76,41
121,76,42
121,76,43
121,77,28
121,77,29
121,77,30
121,77,31
121,77,32
121,77,33
121,77,34
121,77,35
121,77,36
121,77,37
121,77,38
121,77,39
121,77,40
121,77,41
121,77,42
121,77,43
121,78,27
121,78,28
121,78,29
121,78,30
121,78,31
121,78,32
121,78,33
121,78,34
121,78,35
121,78,36
121,78,37
121,78,38
121,78,39
121,78,40
121,78,41
121,78,42
121,79,27
121,79,28
121,79,29
121,79,30
121,79,31
121,79,32
121,79,33
121,79,34
121,79,35
121,79,36
121,79,37
121,79,38
121,79,39
121,79,40
121,79,41
121,80,27
121,80,28
121,80,29
121,80,30
121,80,31
121,80,32
121,80,33
121,80,34
121,80,35
121,80,36
121,80,37
121,80,38
121,80,39
121,80,40
121,81,27
121,81,28
121,81,29
121,81,30
121,81,31
121,81,32
121,81,33
121,81,34
121,81,35
121,81,36
121,81,37
121,81,38
121,81,39
121,82,27
121,82,28
121,82,29
121,82,30
121,82,31
121,82,32
121,82,33
121,82,34
121,82,35
121,82,36
121,82,37
121,82,38
121,82,39
121,83,28
121,83,29
121,83,30
121,83,31
121,83,32
121,83,33
121,83,34
121,83,35
121,83,36
121,83,37
121,84,28
121,84,29
121,84,30
121,84,31
121,84,32
121,84,33
121,84,34
121,84,35
121,84,36
121,85,28
121,85,29
121,85,30
121,85,31
121,85,32
121,86,28
121,86,29
121,86,30
121,86,31
121,86,33
121,87,28
121,87,29
121,87,30
121,87,31
121,87,33
121,88,30
121,88,31
121,88,32
121,88,33
121,89,30
121,89,31
121,89,32
121,89,33
121,89,34
121,90,30
121,90,31
121,90,32
121,91,30
121,91,31
121,91,32
121,92,29
122,79,37
