"x","y","z"
37,97,24
37,97,25
37,97,28
38,97,24
38,97,25
38,97,26
38,97,27
38,97,28
38,99,25
39,97,24
39,97,25
39,97,26
39,97,27
39,98,28
39,99,25
39,101,26
39,102,26
39,102,27
39,103,26
39,103,27
39,104,25
39,104,26
39,105,26
40,98,26
40,98,28
40,99,25
40,99,26
40,100,26
40,101,26
40,101,27
40,102,26
40,102,27
40,103,26
40,103,27
40,104,25
40,104,26
40,104,27
40,105,26
40,105,27
40,106,26
40,106,27
41,98,27
41,98,28
41,98,29
41,99,26
41,99,27
41,99,28
41,100,26
41,100,27
41,100,28
41,101,26
41,101,27
41,102,26
41,102,27
41,103,26
41,103,27
41,104,25
41,104,26
41,104,27
41,104,28
41,105,26
41,105,27
41,106,26
41,106,27
41,106,28
41,107,26
41,107,27
41,108,26
41,108,27
42,98,27
42,98,28
42,98,29
42,99,26
42,99,27
42,99,28
42,99,29
42,100,26
42,100,27
42,100,28
42,100,29
42,101,26
42,101,27
42,101,28
42,102,26
42,102,27
42,102,28
42,103,26
42,103,27
42,103,28
42,104,26
42,104,27
42,104,28
42,105,26
42,105,27
42,105,28
42,106,26
42,106,27
42,106,28
42,107,26
42,107,27
42,107,28
42,108,26
42,108,27
42,108,28
42,109,25
42,109,26
42,109,27
42,110,27
43,98,28
43,98,29
43,98,30
43,99,27
43,99,28
43,99,29
43,99,30
43,100,27
43,100,28
43,100,29
43,101,26
43,101,27
43,101,28
43,102,26
43,102,27
43,102,28
43,103,26
43,103,27
43,103,28
43,104,27
43,104,28
43,105,26
43,105,27
43,105,28
43,106,27
43,106,28
43,107,26
43,107,27
43,107,28
43,108,26
43,108,27
43,108,28
43,109,25
43,109,26
43,109,27
43,110,26
43,110,27
43,111,26
43,111,27
43,112,27
43,113,28
44,98,28
44,98,29
44,98,30
44,98,31
44,98,32
44,99,28
44,99,29
44,99,30
44,99,31
44,100,28
44,100,29
44,100,30
44,101,27
44,101,28
44,101,29
44,102,27
44,102,28
44,103,27
44,103,28
44,104,27
44,104,28
44,104,29
44,105,27
44,105,28
44,105,29
44,106,27
44,106,28
44,106,29
44,107,27
44,107,28
44,108,27
44,108,28
44,109,26
44,109,27
44,109,28
44,110,26
44,110,27
44,110,28
44,111,26
44,111,27
44,111,28
44,112,26
44,112,27
44,112,28
44,113,26
44,113,27
44,113,28
44,114,25
44,114,27
45,98,29
45,98,30
45,98,31
45,98,32
45,99,29
45,99,30
45,99,31
45,100,28
45,100,29
45,100,30
45,101,27
45,101,28
45,101,29
45,102,27
45,102,28
45,103,27
45,103,28
45,103,29
45,104,27
45,104,28
45,104,29
45,105,27
45,105,28
45,105,29
45,106,27
45,106,28
45,106,29
45,107,27
45,107,28
45,107,29
45,108,27
45,108,28
45,108,29
45,109,26
45,109,27
45,109,28
45,110,26
45,110,27
45,110,28
45,111,26
45,111,27
45,111,28
45,112,26
45,112,27
45,112,28
45,113,26
45,113,27
45,114,25
45,114,26
45,114,27
45,115,26
45,115,27
45,115,28
45,116,28
46,99,30
46,99,31
46,100,29
46,100,30
46,101,28
46,101,29
46,103,27
46,103,28
46,103,29
46,104,28
46,104,29
46,105,28
46,105,29
46,106,28
46,106,29
46,107,27
46,107,28
46,107,29
46,108,27
46,108,28
46,108,29
46,109,27
46,109,28
46,110,27
46,110,28
46,111,27
46,111,28
46,112,27
46,112,28
46,112,29
46,113,26
46,113,27
46,113,28
46,114,26
46,114,27
46,114,28
46,115,26
46,115,27
46,115,28
46,115,29
46,116,26
46,116,27
46,116,28
46,116,29
46,117,30
46,117,31
46,120,30
46,120,31
46,120,32
46,121,31
46,122,32
46,124,34
47,104,28
47,104,29
47,105,28
47,105,29
47,106,28
47,106,29
47,107,28
47,107,29
47,108,28
47,108,29
47,109,27
47,109,28
47,109,29
47,110,27
47,110,28
47,110,29
47,111,27
47,111,28
47,111,29
47,112,27
47,112,28
47,112,29
47,113,26
47,113,27
47,113,28
47,114,26
47,114,27
47,114,28
47,115,27
47,115,28
47,115,29
47,116,27
47,116,28
47,116,29
47,117,30
47,117,31
47,117,32
47,119,30
47,119,31
47,120,30
47,120,31
47,120,32
47,120,33
47,120,34
47,121,30
47,121,31
47,121,32
47,121,33
47,122,30
47,122,31
47,122,32
47,122,33
47,123,32
47,123,33
47,124,34
47,124,35
47,125,35
48,107,28
48,107,29
48,108,28
48,108,29
48,109,27
48,109,28
48,109,29
48,110,27
48,110,28
48,110,29
48,111,27
48,111,28
48,111,29
48,112,28
48,112,29
48,113,27
48,113,28
48,113,29
48,114,27
48,114,28
48,114,29
48,115,28
48,115,29
48,115,30
48,116,28
48,116,29
48,116,30
48,116,31
48,116,32
48,116,33
48,117,30
48,117,31
48,117,32
48,117,33
48,118,32
48,118,33
48,118,34
48,119,29
48,119,30
48,119,31
48,119,32
48,119,33
48,119,34
48,119,35
48,120,31
48,120,32
48,120,33
48,120,34
48,120,35
48,120,36
48,121,30
48,121,31
48,121,32
48,121,33
48,121,34
48,121,35
48,122,31
48,122,32
48,122,33
48,122,34
48,122,35
48,123,32
48,123,33
48,123,34
48,123,35
48,124,33
48,124,34
48,124,35
48,125,34
48,125,35
48,125,36
48,126,34
48,126,35
48,126,36
48,126,37
48,127,37
48,127,38
48,128,38
49,110,28
49,110,29
49,111,28
49,111,29
49,112,28
49,112,29
49,113,27
49,113,28
49,113,29
49,114,27
49,114,28
49,114,29
49,115,28
49,115,29
49,115,30
49,115,31
49,115,32
49,115,33
49,115,34
49,116,28
49,116,29
49,116,30
49,116,31
49,116,32
49,116,33
49,116,34
49,116,35
49,117,31
49,117,32
49,117,33
49,117,34
49,117,35
49,117,36
49,118,32
49,118,33
49,118,34
49,118,35
49,118,36
49,119,30
49,119,31
49,119,32
49,119,33
49,119,34
49,119,35
49,119,36
49,119,37
49,120,33
49,120,34
49,120,35
49,120,36
49,120,37
49,120,38
49,121,32
49,121,33
49,121,34
49,121,35
49,121,36
49,122,32
49,122,33
49,122,34
49,122,35
49,122,36
49,123,32
49,123,33
49,123,34
49,123,35
49,123,36
49,124,34
49,124,35
49,124,36
49,125,34
49,125,35
49,125,36
49,125,37
49,126,34
49,126,35
49,126,36
49,126,37
49,126,38
49,127,36
49,127,37
49,127,38
49,127,39
49,128,36
49,128,37
49,128,38
49,128,39
49,129,38
49,129,39
49,130,40
50,114,28
50,114,29
50,115,29
50,115,30
50,115,31
50,115,32
50,115,33
50,115,34
50,115,35
50,116,29
50,116,30
50,116,32
50,116,33
50,116,34
50,116,35
50,116,36
50,116,37
50,117,32
50,117,33
50,117,34
50,117,35
50,117,36
50,117,37
50,118,33
50,118,34
50,118,35
50,118,36
50,118,37
50,118,38
50,119,34
50,119,35
50,119,36
50,119,37
50,119,38
50,120,35
50,120,36
50,120,37
50,120,38
50,120,39
50,121,34
50,121,35
50,121,36
50,121,37
50,122,34
50,122,35
50,122,36
50,122,37
50,123,34
50,123,35
50,123,36
50,123,37
50,123,38
50,124,34
50,124,35
50,124,36
50,124,37
50,124,38
50,125,35
50,125,36
50,125,37
50,125,38
50,125,39
50,126,36
50,126,37
50,126,38
50,126,39
50,127,37
50,127,38
50,127,39
50,127,40
50,128,37
50,128,38
50,128,39
50,128,40
50,129,37
50,129,38
50,129,39
50,129,40
50,129,41
50,130,38
50,130,39
50,130,40
50,130,41
51,115,33
51,115,34
51,115,35
51,116,34
51,116,35
51,116,36
51,116,37
51,116,38
51,117,35
51,117,36
51,117,37
51,117,38
51,118,35
51,118,36
51,118,37
51,118,38
51,118,39
51,118,40
51,119,36
51,119,37
51,119,38
51,119,39
51,119,40
51,120,37
51,120,38
51,120,39
51,120,40
51,121,35
51,121,36
51,121,37
51,121,38
51,122,35
51,122,36
51,122,37
51,122,38
51,122,39
51,123,36
51,123,37
51,123,38
51,123,39
51,124,35
51,124,36
51,124,37
51,124,38
51,124,39
51,124,40
51,125,36
51,125,37
51,125,38
51,125,39
51,125,40
51,126,37
51,126,38
51,126,39
51,126,40
51,126,41
51,127,38
51,127,39
51,127,40
51,127,41
51,128,38
51,128,39
51,128,40
51,128,41
51,128,42
51,129,38
51,129,39
51,129,40
51,129,41
51,129,42
51,130,39
51,130,40
51,130,41
51,130,42
51,131,40
51,131,41
51,131,42
51,132,43
51,132,44
51,133,45
51,133,46
52,116,36
52,116,37
52,116,38
52,117,36
52,117,37
52,117,38
52,117,39
52,117,40
52,118,37
52,118,38
52,118,39
52,118,40
52,118,41
52,119,37
52,119,38
52,119,39
52,119,40
52,119,41
52,120,38
52,120,39
52,120,40
52,120,41
52,121,36
52,121,37
52,121,38
52,121,39
52,121,40
52,122,36
52,122,37
52,122,38
52,122,39
52,122,40
52,123,37
52,123,38
52,123,39
52,123,40
52,123,41
52,124,37
52,124,38
52,124,39
52,124,40
52,124,41
52,124,42
52,125,38
52,125,39
52,125,40
52,125,41
52,126,38
52,126,39
52,126,40
52,126,41
52,126,42
52,126,43
52,127,39
52,127,40
52,127,41
52,127,42
52,128,39
52,128,40
52,128,41
52,128,42
52,128,43
52,129,40
52,129,41
52,129,42
52,129,43
52,130,40
52,130,41
52,130,42
52,130,43
52,131,40
52,131,41
52,131,42
52,131,43
52,132,43
52,132,44
52,132,45
52,132,46
52,133,44
52,133,45
52,133,46
52,133,47
53,117,37
53,117,38
53,117,39
53,117,40
53,118,39
53,118,40
53,118,41
53,118,42
53,119,39
53,119,40
53,119,41
53,119,42
53,119,43
53,120,39
53,120,40
53,120,41
53,120,42
53,120,43
53,121,37
53,121,38
53,121,39
53,121,40
53,121,41
53,121,42
53,122,38
53,122,39
53,122,40
53,122,41
53,122,42
53,123,38
53,123,39
53,123,40
53,123,41
53,123,42
53,124,39
53,124,40
53,124,41
53,124,42
53,124,43
53,125,39
53,125,40
53,125,41
53,125,42
53,125,43
53,126,40
53,126,41
53,126,42
53,126,43
53,126,44
53,127,40
53,127,41
53,127,42
53,127,43
53,128,41
53,128,42
53,128,43
53,128,44
53,128,45
53,129,41
53,129,42
53,129,43
53,129,44
53,130,41
53,130,42
53,130,43
53,130,44
53,131,41
53,131,42
53,131,43
53,131,44
53,132,43
53,132,44
53,132,45
53,132,46
53,132,47
53,133,45
53,133,46
53,133,47
53,133,48
53,134,45
53,134,46
53,134,47
53,134,48
53,135,50
54,117,39
54,117,40
54,118,40
54,118,41
54,118,42
54,119,40
54,119,41
54,119,42
54,119,43
54,120,40
54,120,41
54,120,42
54,120,43
54,120,44
54,121,39
54,121,40
54,121,41
54,121,42
54,121,43
54,122,39
54,122,40
54,122,41
54,122,42
54,122,43
54,123,40
54,123,41
54,123,42
54,123,43
54,123,44
54,124,41
54,124,42
54,124,43
54,124,44
54,125,40
54,125,41
54,125,42
54,125,43
54,125,44
54,126,42
54,126,43
54,126,44
54,126,45
54,127,41
54,127,42
54,127,43
54,127,44
54,128,42
54,128,43
54,128,44
54,128,45
54,128,46
54,129,42
54,129,43
54,129,44
54,129,45
54,129,46
54,130,42
54,130,43
54,130,44
54,130,45
54,130,46
54,131,42
54,131,43
54,131,44
54,131,45
54,132,45
54,132,46
54,132,47
54,132,48
54,133,46
54,133,47
54,133,48
54,133,49
54,134,45
54,134,46
54,134,47
54,134,48
54,134,49
54,135,48
54,135,49
54,135,50
54,135,51
54,136,49
55,119,42
55,119,43
55,120,42
55,120,43
55,120,44
55,120,45
55,121,41
55,121,42
55,121,43
55,121,44
55,122,41
55,122,42
55,122,43
55,122,44
55,122,45
55,123,41
55,123,42
55,123,43
55,123,44
55,123,45
55,123,46
55,124,42
55,124,43
55,124,44
55,124,45
55,124,46
55,125,42
55,125,43
55,125,44
55,125,45
55,126,43
55,126,44
55,126,45
55,126,46
55,127,42
55,127,43
55,127,44
55,127,45
55,128,44
55,128,45
55,128,46
55,128,47
55,129,43
55,129,44
55,129,45
55,129,46
55,129,47
55,130,43
55,130,44
55,130,45
55,130,46
55,130,47
55,131,43
55,131,44
55,131,45
55,131,46
55,131,47
55,132,46
55,132,47
55,132,48
55,132,49
55,133,47
55,133,48
55,133,49
55,133,50
55,134,47
55,134,48
55,134,49
55,134,50
55,135,49
55,135,50
55,135,51
55,135,52
55,136,49
55,136,50
55,136,51
55,136,52
55,136,53
55,136,54
56,120,43
56,120,44
56,120,45
56,120,46
56,121,42
56,121,43
56,121,44
56,121,45
56,122,42
56,122,43
56,122,44
56,122,45
56,122,46
56,123,43
56,123,44
56,123,45
56,123,46
56,123,47
56,124,43
56,124,44
56,124,45
56,124,46
56,125,43
56,125,44
56,125,45
56,125,46
56,126,44
56,126,45
56,126,46
56,126,47
56,127,43
56,127,44
56,127,45
56,127,46
56,128,45
56,128,46
56,128,47
56,128,48
56,129,45
56,129,46
56,129,47
56,129,48
56,129,49
56,130,45
56,130,46
56,130,47
56,130,48
56,131,44
56,131,45
56,131,46
56,131,47
56,131,48
56,132,47
56,132,48
56,132,49
56,132,50
56,132,51
56,133,48
56,133,49
56,133,50
56,133,51
56,134,48
56,134,49
56,134,50
56,134,51
56,135,50
56,135,51
56,135,52
56,135,53
56,135,54
56,136,51
56,136,52
56,136,53
56,136,54
56,136,55
56,136,56
57,120,44
57,120,45
57,120,46
57,121,43
57,121,44
57,121,45
57,121,46
57,122,44
57,122,45
57,122,46
57,122,47
57,123,45
57,123,46
57,123,47
57,124,45
57,124,46
57,124,47
57,125,44
57,125,45
57,125,46
57,125,47
57,126,45
57,126,46
57,126,47
57,126,48
57,127,44
57,127,45
57,127,46
57,127,47
57,127,48
57,128,46
57,128,47
57,128,48
57,128,49
57,129,46
57,129,47
57,129,48
57,129,49
57,129,50
57,130,46
57,130,47
57,130,48
57,130,49
57,131,46
57,131,47
57,131,48
57,131,49
57,131,50
57,132,48
57,132,49
57,132,50
57,132,51
57,132,52
57,133,49
57,133,50
57,133,51
57,133,52
57,134,49
57,134,50
57,134,51
57,134,52
57,134,53
57,135,51
57,135,52
57,135,53
57,135,54
57,135,55
57,136,53
57,136,54
57,136,55
57,136,56
57,136,57
58,120,45
58,120,46
58,121,44
58,121,45
58,121,46
58,122,45
58,122,46
58,122,47
58,124,45
58,124,46
58,124,47
58,124,48
58,125,45
58,125,46
58,125,47
58,125,48
58,126,46
58,126,47
58,126,48
58,126,49
58,127,45
58,127,46
58,127,47
58,127,48
58,127,49
58,128,47
58,128,48
58,128,49
58,128,50
58,129,48
58,129,49
58,129,50
58,129,51
58,130,47
58,130,48
58,130,49
58,130,50
58,131,47
58,131,48
58,131,49
58,131,50
58,131,51
58,132,50
58,132,51
58,132,52
58,132,53
58,133,50
58,133,51
58,133,52
58,133,53
58,134,50
58,134,51
58,134,52
58,134,53
58,134,54
58,135,53
58,135,54
58,135,55
58,135,56
58,135,57
58,136,55
58,136,56
58,136,57
58,136,58
58,136,59
59,124,46
59,124,47
59,124,48
59,125,46
59,125,47
59,125,48
59,125,49
59,126,47
59,126,48
59,126,49
59,126,50
59,127,47
59,127,48
59,127,49
59,127,50
59,128,48
59,128,49
59,128,50
59,128,51
59,129,49
59,129,50
59,129,51
59,130,48
59,130,49
59,130,50
59,130,51
59,130,52
59,131,49
59,131,50
59,131,51
59,131,52
59,132,51
59,132,52
59,132,53
59,132,54
59,133,51
59,133,52
59,133,53
59,133,54
59,133,55
59,134,52
59,134,53
59,134,54
59,134,55
59,134,56
59,135,54
59,135,55
59,135,56
59,135,57
59,135,58
59,136,58
59,136,59
59,136,60
60,124,47
60,124,48
60,124,49
60,125,47
60,125,48
60,125,49
60,125,50
60,126,48
60,126,49
60,126,50
60,126,51
60,127,48
60,127,49
60,127,50
60,127,51
60,127,52
60,128,49
60,128,50
60,128,51
60,128,52
60,129,50
60,129,51
60,129,52
60,130,49
60,130,50
60,130,51
60,130,52
60,130,53
60,131,50
60,131,51
60,131,52
60,131,53
60,132,52
60,132,53
60,132,54
60,132,55
60,132,56
60,133,52
60,133,53
60,133,54
60,133,55
60,133,56
60,134,53
60,134,54
60,134,55
60,134,56
60,134,57
60,134,58
60,135,56
60,135,57
60,135,58
60,135,59
60,136,59
60,136,60
61,124,47
61,124,48
61,124,49
61,124,50
61,124,51
61,125,48
61,125,49
61,125,50
61,125,51
61,126,49
61,126,50
61,126,51
61,126,52
61,126,53
61,127,49
61,127,50
61,127,51
61,127,52
61,127,53
61,128,50
61,128,51
61,128,52
61,128,53
61,128,54
61,129,50
61,129,51
61,129,52
61,129,53
61,129,54
61,130,51
61,130,52
61,130,53
61,130,54
61,130,55
61,131,51
61,131,52
61,131,53
61,131,54
61,131,70
61,131,71
61,132,53
61,132,54
61,132,55
61,132,56
61,132,57
61,132,58
61,132,69
61,132,70
61,133,54
61,133,55
61,133,56
61,133,57
61,133,58
61,134,55
61,134,56
61,134,57
61,134,58
61,134,59
61,135,57
61,135,58
61,135,59
61,135,60
62,124,48
62,124,49
62,124,50
62,124,51
62,124,52
62,125,49
62,125,50
62,125,51
62,125,52
62,126,50
62,126,51
62,126,52
62,126,53
62,126,54
62,127,51
62,127,52
62,127,53
62,128,51
62,128,52
62,128,53
62,128,54
62,128,55
62,129,51
62,129,52
62,129,53
62,129,54
62,129,55
62,130,52
62,130,53
62,130,54
62,130,55
62,131,52
62,131,53
62,131,54
62,131,55
62,131,56
62,131,68
62,131,69
62,131,70
62,131,71
62,132,55
62,132,56
62,132,57
62,132,58
62,132,59
62,132,68
62,132,69
62,132,70
62,133,55
62,133,56
62,133,57
62,133,58
62,133,59
62,133,60
62,133,68
62,133,69
62,133,70
62,134,57
62,134,58
62,134,59
62,134,60
62,134,69
62,134,70
62,135,58
62,135,59
62,135,60
62,135,61
63,124,50
63,124,51
63,124,52
63,125,50
63,125,51
63,125,52
63,125,53
63,125,54
63,126,52
63,126,53
63,126,54
63,126,55
63,127,52
63,127,53
63,127,54
63,128,53
63,128,54
63,128,55
63,128,56
63,129,53
63,129,54
63,129,55
63,129,56
63,129,57
63,130,54
63,130,55
63,130,56
63,130,57
63,131,53
63,131,54
63,131,55
63,131,56
63,131,57
63,131,67
63,131,68
63,131,69
63,131,70
63,131,71
63,132,57
63,132,58
63,132,59
63,132,60
63,132,61
63,132,62
63,132,67
63,132,68
63,132,69
63,132,70
63,133,57
63,133,58
63,133,59
63,133,60
63,133,61
63,133,66
63,133,67
63,133,68
63,133,69
63,133,70
63,134,58
63,134,59
63,134,60
63,134,61
63,134,68
63,134,69
63,135,59
63,135,60
63,135,61
63,135,62
63,135,63
63,135,64
64,124,51
64,124,52
64,125,51
64,125,52
64,125,53
64,125,54
64,125,55
64,126,53
64,126,54
64,126,55
64,126,56
64,127,52
64,127,53
64,127,54
64,127,55
64,127,56
64,127,57
64,128,54
64,128,55
64,128,56
64,128,57
64,129,54
64,129,55
64,129,56
64,129,57
64,129,58
64,129,59
64,130,54
64,130,55
64,130,56
64,130,57
64,130,58
64,130,59
64,130,60
64,131,55
64,131,56
64,131,57
64,131,58
64,131,59
64,131,66
64,131,67
64,131,68
64,131,69
64,132,58
64,132,59
64,132,60
64,132,61
64,132,62
64,132,63
64,132,65
64,132,66
64,132,67
64,132,68
64,132,69
64,133,59
64,133,60
64,133,61
64,133,62
64,133,63
64,133,64
64,133,65
64,133,66
64,133,67
64,133,68
64,133,69
64,134,59
64,134,60
64,134,61
64,134,62
64,134,63
64,134,64
64,134,65
64,134,66
64,134,67
64,134,68
64,135,60
64,135,61
64,135,62
64,135,63
64,135,64
65,125,53
65,125,54
65,125,55
65,126,54
65,126,55
65,126,56
65,127,53
65,127,54
65,127,55
65,127,56
65,127,57
65,128,55
65,128,56
65,128,57
65,128,58
65,128,59
65,128,60
65,128,61
65,128,62
65,128,63
65,129,56
65,129,57
65,129,58
65,129,59
65,129,60
65,129,61
65,130,56
65,130,57
65,130,58
65,130,59
65,130,60
65,130,61
65,130,62
65,130,63
65,130,64
65,130,65
65,130,66
65,131,56
65,131,57
65,131,58
65,131,59
65,131,60
65,131,61
65,131,64
65,131,65
65,131,66
65,131,67
65,131,68
65,132,61
65,132,62
65,132,63
65,132,64
65,132,65
65,132,66
65,132,67
65,132,68
65,133,60
65,133,61
65,133,62
65,133,63
65,133,64
65,133,65
65,133,66
65,133,67
65,133,68
65,134,61
65,134,62
65,134,63
65,134,64
65,134,65
65,134,66
65,134,67
66,127,56
66,127,57
66,128,56
66,128,57
66,128,58
66,128,59
66,128,60
66,128,61
66,128,62
66,128,63
66,129,58
66,129,59
66,129,60
66,129,61
66,129,62
66,129,63
66,129,64
66,130,59
66,130,60
66,130,61
66,130,62
66,130,63
66,130,64
66,130,65
66,130,66
66,131,58
66,131,59
66,131,60
66,131,61
66,131,62
66,131,63
66,131,64
66,131,65
66,131,66
66,131,67
66,132,62
66,132,63
66,132,64
66,132,65
66,132,66
66,133,63
66,133,64
66,133,65
66,133,66
66,134,61
66,134,62
66,134,63
66,134,64
67,129,60
67,129,61
67,129,62
67,129,63
67,129,64
67,130,65
67,130,66
67,131,60
67,131,61
67,131,62
67,131,63
67,131,64
67,131,65
67,132,63
67,132,64
67,133,63
67,133,64
84,131,64
85,128,61
85,128,62
85,128,63
85,128,64
85,129,61
85,129,62
85,129,63
85,129,64
85,129,65
85,130,61
85,130,62
85,130,63
85,130,64
85,130,65
85,130,66
85,131,63
85,131,64
85,131,65
85,131,66
85,132,62
85,132,63
85,132,64
85,133,62
85,133,63
85,133,64
86,127,55
86,127,56
86,127,57
86,127,58
86,127,59
86,128,57
86,128,58
86,128,59
86,128,60
86,128,61
86,128,62
86,128,63
86,128,64
86,129,58
86,129,59
86,129,60
86,129,61
86,129,62
86,129,63
86,129,64
86,129,65
86,130,59
86,130,60
86,130,61
86,130,62
86,130,63
86,130,64
86,130,65
86,130,66
86,130,67
86,130,68
86,131,61
86,131,62
86,131,63
86,131,64
86,131,65
86,131,66
86,132,58
86,132,59
86,132,60
86,132,61
86,132,62
86,132,63
86,132,64
86,132,65
86,133,62
86,133,63
86,133,64
86,133,65
86,134,64
86,134,65
86,134,66
87,125,53
87,125,54
87,126,54
87,126,55
87,126,56
87,126,57
87,127,53
87,127,54
87,127,55
87,127,56
87,127,57
87,127,58
87,127,59
87,128,56
87,128,57
87,128,58
87,128,59
87,128,60
87,128,61
87,128,62
87,129,55
87,129,56
87,129,57
87,129,58
87,129,59
87,129,60
87,129,61
87,129,62
87,130,57
87,130,58
87,130,59
87,130,60
87,130,61
87,130,62
87,130,65
87,130,66
87,130,67
87,130,68
87,130,69
87,131,59
87,131,60
87,131,61
87,131,62
87,131,63
87,131,64
87,131,65
87,131,66
87,131,67
87,132,57
87,132,58
87,132,59
87,132,60
87,132,61
87,132,62
87,132,63
87,132,64
87,132,65
87,132,66
87,132,67
87,133,60
87,133,61
87,133,62
87,133,63
87,133,64
87,133,65
87,134,64
87,134,65
87,134,66
87,134,67
88,125,51
88,125,52
88,125,53
88,125,54
88,126,52
88,126,53
88,126,54
88,126,55
88,126,56
88,126,57
88,127,52
88,127,53
88,127,54
88,127,55
88,127,56
88,128,54
88,128,55
88,128,56
88,128,57
88,128,58
88,129,54
88,129,55
88,129,56
88,129,57
88,129,58
88,129,59
88,130,56
88,130,57
88,130,58
88,130,59
88,130,60
88,130,66
88,130,67
88,130,68
88,130,69
88,130,70
88,130,71
88,131,58
88,131,59
88,131,60
88,131,61
88,131,62
88,131,65
88,131,66
88,131,67
88,131,68
88,131,69
88,132,56
88,132,57
88,132,58
88,132,59
88,132,64
88,132,65
88,132,66
88,132,67
88,132,68
88,133,59
88,133,60
88,133,61
88,133,62
88,133,63
88,133,64
88,133,65
88,133,66
88,133,67
88,133,68
88,133,69
88,134,64
88,134,65
88,134,68
88,134,69
88,135,64
88,135,65
89,124,50
89,124,51
89,125,50
89,125,51
89,125,52
89,125,53
89,125,54
89,126,51
89,126,52
89,126,53
89,126,54
89,126,55
89,127,51
89,127,52
89,127,53
89,127,54
89,128,53
89,128,54
89,128,55
89,128,56
89,128,57
89,129,53
89,129,54
89,129,55
89,129,56
89,130,55
89,130,56
89,130,57
89,130,58
89,130,68
89,130,69
89,130,70
89,130,71
89,130,72
89,131,57
89,131,58
89,131,59
89,131,60
89,131,66
89,131,67
89,131,68
89,131,69
89,131,70
89,132,55
89,132,56
89,132,57
89,132,58
89,132,66
89,132,67
89,132,68
89,132,69
89,133,58
89,133,59
89,133,60
89,133,61
89,133,64
89,133,65
89,133,68
89,133,69
89,133,70
89,134,63
89,134,64
89,134,69
89,134,70
89,135,64
89,135,65
90,124,48
90,124,49
90,124,50
90,124,51
90,125,50
90,125,51
90,125,52
90,126,50
90,126,51
90,126,52
90,126,53
90,127,50
90,127,51
90,127,52
90,127,53
90,128,51
90,128,52
90,128,53
90,128,54
90,128,55
90,129,52
90,129,53
90,129,54
90,129,55
90,130,54
90,130,55
90,130,56
90,130,57
90,130,70
90,131,55
90,131,56
90,131,57
90,131,58
90,131,59
90,131,68
90,131,69
90,131,70
90,132,54
90,132,55
90,132,56
90,132,57
90,132,67
90,132,68
90,132,69
90,132,70
90,133,57
90,133,58
90,133,59
90,133,60
90,133,65
90,133,66
90,133,67
90,133,68
90,133,69
90,134,61
90,134,62
90,134,63
90,134,64
90,135,62
90,135,63
90,135,64
90,135,65
91,123,47
91,123,48
91,123,49
91,124,47
91,124,48
91,124,49
91,124,50
91,124,51
91,125,49
91,125,50
91,125,51
91,126,49
91,126,50
91,126,51
91,126,52
91,127,49
91,127,50
91,127,51
91,127,52
91,128,50
91,128,51
91,128,52
91,128,53
91,128,54
91,129,50
91,129,51
91,129,52
91,129,53
91,129,54
91,130,52
91,130,53
91,130,54
91,130,55
91,130,56
91,131,54
91,131,55
91,131,56
91,131,57
91,131,58
91,132,54
91,132,55
91,132,56
91,132,68
91,132,69
91,133,56
91,133,57
91,133,58
91,133,59
91,133,67
91,133,68
91,134,59
91,134,60
91,134,61
91,134,62
91,134,63
91,135,61
91,135,62
91,135,63
91,136,63
91,136,64
92,123,46
92,123,47
92,123,48
92,123,49
92,124,46
92,124,47
92,124,48
92,124,49
92,125,48
92,125,49
92,125,50
92,125,51
92,126,48
92,126,49
92,126,50
92,126,51
92,127,48
92,127,49
92,127,50
92,127,51
92,128,49
92,128,50
92,128,51
92,128,52
92,129,49
92,129,50
92,129,51
92,129,52
92,129,53
92,130,51
92,130,52
92,130,53
92,130,54
92,130,55
92,131,52
92,131,53
92,131,54
92,131,55
92,131,56
92,132,53
92,132,54
92,132,55
92,133,55
92,133,56
92,133,57
92,133,58
92,134,58
92,134,59
92,134,60
92,134,61
92,134,62
92,135,60
92,135,61
92,136,60
92,136,61
92,136,62
93,123,46
93,123,47
93,123,48
93,124,46
93,124,47
93,124,48
93,125,48
93,125,49
93,125,50
93,126,46
93,126,47
93,126,48
93,126,49
93,126,50
93,127,47
93,127,48
93,127,49
93,127,50
93,128,47
93,128,48
93,128,49
93,128,50
93,128,51
93,129,48
93,129,49
93,129,50
93,129,51
93,130,49
93,130,50
93,130,51
93,130,52
93,130,53
93,131,50
93,131,51
93,131,52
93,131,53
93,131,54
93,131,55
93,132,51
93,132,52
93,132,53
93,132,54
93,132,55
93,133,53
93,133,54
93,133,55
93,133,56
93,133,57
93,134,56
93,134,57
93,134,58
93,134,59
93,134,60
93,135,59
93,135,60
93,135,61
93,136,59
93,136,60
93,136,61
94,121,44
94,121,45
94,122,45
94,122,46
94,123,45
94,123,46
94,123,47
94,124,45
94,124,46
94,124,47
94,125,46
94,125,47
94,125,48
94,125,49
94,126,45
94,126,46
94,126,47
94,126,48
94,126,49
94,127,46
94,127,47
94,127,48
94,127,49
94,128,46
94,128,47
94,128,48
94,128,49
94,128,50
94,129,46
94,129,47
94,129,48
94,129,49
94,129,50
94,130,48
94,130,49
94,130,50
94,130,51
94,130,52
94,131,49
94,131,50
94,131,51
94,131,52
94,131,53
94,132,50
94,132,51
94,132,52
94,132,53
94,132,54
94,133,52
94,133,53
94,133,54
94,133,55
94,133,56
94,134,54
94,134,55
94,134,56
94,134,57
94,134,58
94,134,59
94,135,58
94,135,59
94,136,58
94,136,59
95,120,43
95,120,44
95,120,45
95,121,44
95,121,45
95,122,43
95,122,44
95,122,45
95,122,46
95,123,44
95,123,45
95,123,46
95,123,47
95,124,44
95,124,45
95,124,46
95,124,47
95,125,46
95,125,47
95,125,48
95,125,49
95,126,44
95,126,45
95,126,46
95,126,47
95,127,45
95,127,46
95,127,47
95,127,48
95,128,45
95,128,46
95,128,47
95,128,48
95,129,45
95,129,46
95,129,47
95,129,48
95,129,49
95,130,47
95,130,48
95,130,49
95,130,50
95,131,48
95,131,49
95,131,50
95,131,51
95,132,49
95,132,50
95,132,51
95,132,52
95,133,51
95,133,52
95,133,53
95,133,54
95,134,53
95,134,54
95,134,55
95,134,56
95,134,57
95,135,56
95,135,57
95,135,58
95,135,60
95,136,56
95,136,57
96,119,42
96,119,43
96,120,42
96,120,43
96,120,44
96,120,45
96,121,43
96,121,44
96,121,45
96,122,42
96,122,43
96,122,44
96,122,45
96,122,46
96,123,43
96,123,44
96,123,45
96,123,46
96,124,43
96,124,44
96,124,45
96,124,46
96,125,44
96,125,45
96,125,46
96,125,47
96,126,43
96,126,44
96,126,45
96,126,46
96,127,44
96,127,45
96,127,46
96,127,47
96,128,44
96,128,45
96,128,46
96,128,47
96,129,44
96,129,45
96,129,46
96,129,47
96,130,46
96,130,47
96,130,48
96,130,49
96,131,47
96,131,48
96,131,49
96,131,50
96,132,48
96,132,49
96,132,50
96,132,51
96,133,50
96,133,51
96,133,52
96,133,53
96,134,52
96,134,53
96,134,54
96,134,55
96,135,54
96,135,55
96,135,56
96,135,57
96,135,58
96,135,59
97,119,41
97,119,42
97,119,43
97,120,41
97,120,42
97,120,43
97,120,44
97,121,41
97,121,42
97,121,43
97,121,44
97,121,45
97,122,41
97,122,42
97,122,43
97,122,44
97,123,41
97,123,42
97,123,43
97,123,44
97,124,42
97,124,43
97,124,44
97,124,45
97,125,42
97,125,43
97,125,44
97,125,45
97,125,46
97,125,47
97,126,41
97,126,42
97,126,43
97,126,44
97,126,45
97,127,43
97,127,44
97,127,45
97,127,46
97,128,44
97,128,45
97,128,46
97,129,44
97,129,45
97,129,46
97,130,46
97,130,47
97,130,48
97,131,47
97,131,48
97,131,49
97,132,48
97,132,49
97,132,50
97,133,49
97,133,50
97,133,51
97,133,52
97,134,50
97,134,51
97,134,52
97,134,53
97,134,54
97,135,51
97,135,52
97,135,53
97,135,54
97,135,55
97,135,57
98,118,40
98,118,41
98,119,40
98,119,41
98,119,42
98,119,43
98,120,39
98,120,40
98,120,41
98,120,42
98,120,43
98,121,39
98,121,40
98,121,41
98,121,42
98,121,43
98,121,44
98,122,40
98,122,41
98,122,42
98,122,43
98,123,40
98,123,41
98,123,42
98,123,43
98,123,44
98,124,41
98,124,42
98,124,43
98,124,44
98,125,41
98,125,42
98,125,43
98,125,44
98,125,45
98,126,41
98,126,42
98,126,43
98,126,44
98,127,43
98,127,44
98,128,43
98,128,44
98,128,45
98,129,43
98,129,44
98,129,45
98,130,44
98,130,45
98,130,46
98,130,47
98,131,46
98,131,47
98,131,48
98,132,46
98,132,47
98,132,48
98,133,48
98,133,49
98,133,50
98,133,51
98,134,49
98,134,50
98,134,51
98,134,52
98,134,53
98,135,54
99,117,37
99,117,38
99,117,39
99,117,40
99,118,38
99,118,39
99,118,40
99,118,41
99,119,38
99,119,39
99,119,40
99,119,41
99,119,42
99,120,38
99,120,39
99,120,40
99,120,41
99,120,42
99,121,37
99,121,38
99,121,39
99,121,40
99,121,41
99,121,42
99,122,39
99,122,40
99,122,41
99,122,42
99,123,39
99,123,40
99,123,41
99,123,42
99,124,39
99,124,40
99,124,41
99,124,42
99,124,43
99,125,39
99,125,40
99,125,41
99,125,42
99,125,43
99,126,39
99,126,40
99,126,41
99,126,42
99,127,42
99,128,42
99,128,43
99,129,42
99,129,43
99,129,44
99,129,45
99,130,43
99,130,44
99,130,45
99,131,44
99,131,45
99,131,46
99,131,47
99,132,45
99,132,46
99,132,47
99,133,47
99,133,48
99,133,49
99,133,50
99,134,51
100,115,33
100,115,34
100,115,35
100,115,36
100,116,35
100,116,36
100,116,37
100,116,38
100,117,35
100,117,36
100,117,37
100,117,38
100,117,39
100,117,40
100,118,37
100,118,38
100,118,39
100,118,40
100,118,41
100,119,36
100,119,37
100,119,38
100,119,39
100,119,40
100,119,41
100,120,37
100,120,38
100,120,39
100,120,40
100,121,36
100,121,37
100,121,38
100,121,39
100,121,40
100,122,37
100,122,38
100,122,39
100,122,40
100,122,41
100,123,38
100,123,39
100,123,40
100,123,41
100,124,37
100,124,38
100,124,39
100,124,40
100,124,41
100,124,42
100,125,38
100,125,39
100,125,40
100,125,41
100,125,42
100,126,38
100,126,39
100,126,40
100,126,41
100,126,42
100,127,38
100,127,39
100,127,40
100,127,41
100,128,39
100,128,40
100,128,41
100,128,42
100,128,43
100,129,41
100,129,42
100,129,43
100,129,44
100,130,42
100,130,43
100,130,44
100,131,42
100,131,43
100,131,44
100,131,45
100,131,46
100,132,44
100,132,45
100,132,46
100,133,46
100,133,47
100,133,48
100,133,49
101,111,27
101,111,28
101,111,29
101,112,28
101,112,29
101,113,28
101,113,29
101,115,32
101,115,33
101,115,34
101,115,35
101,115,36
101,116,32
101,116,33
101,116,34
101,116,35
101,116,36
101,116,37
101,116,38
101,117,34
101,117,35
101,117,36
101,117,37
101,117,38
101,118,35
101,118,36
101,118,37
101,118,38
101,118,39
101,119,34
101,119,35
101,119,36
101,119,37
101,119,38
101,119,39
101,120,36
101,120,37
101,120,38
101,120,39
101,121,35
101,121,36
101,121,37
101,121,38
101,122,36
101,122,37
101,122,38
101,122,39
101,122,40
101,123,36
101,123,37
101,123,38
101,123,39
101,123,40
101,124,36
101,124,37
101,124,38
101,124,39
101,124,40
101,125,37
101,125,38
101,125,39
101,125,40
101,126,38
101,126,39
101,126,40
101,127,39
101,128,39
101,128,40
101,128,41
101,129,40
101,129,41
101,129,42
101,129,43
101,130,41
101,130,42
101,130,43
101,131,42
101,131,43
101,131,44
101,131,45
101,132,43
101,132,44
101,132,45
101,133,47
101,133,48
102,110,28
102,110,29
102,111,27
102,111,28
102,111,29
102,112,28
102,112,29
102,113,28
102,113,29
102,114,29
102,114,30
102,115,30
102,115,31
102,115,32
102,115,33
102,115,34
102,116,31
102,116,32
102,116,33
102,116,34
102,116,35
102,116,36
102,117,32
102,117,33
102,117,34
102,117,35
102,117,36
102,118,32
102,118,33
102,118,34
102,118,35
102,118,36
102,118,37
102,118,38
102,119,32
102,119,33
102,119,34
102,119,35
102,119,36
102,119,37
102,120,35
102,120,36
102,120,37
102,120,38
102,121,33
102,121,34
102,121,35
102,121,36
102,121,37
102,122,35
102,122,36
102,122,37
102,122,38
102,123,35
102,123,36
102,123,37
102,123,38
102,123,39
102,124,35
102,124,36
102,124,37
102,124,38
102,125,36
102,125,37
102,125,38
102,125,39
102,126,37
102,126,38
102,126,39
102,127,38
102,128,39
102,128,40
102,129,40
102,129,41
102,129,42
102,130,41
102,130,42
102,130,43
102,131,42
102,131,43
102,131,44
102,131,45
102,132,44
102,132,45
103,105,28
103,105,29
103,106,28
103,106,29
103,107,28
103,107,29
103,108,28
103,108,29
103,109,27
103,109,28
103,109,29
103,110,28
103,110,29
103,111,27
103,111,28
103,112,28
103,112,29
103,113,28
103,113,29
103,114,29
103,114,30
103,115,28
103,115,30
103,115,31
103,115,32
103,115,33
103,116,30
103,116,31
103,116,32
103,116,33
103,117,31
103,117,32
103,117,33
103,117,34
103,117,35
103,118,30
103,118,31
103,118,32
103,118,33
103,118,34
103,118,35
103,118,36
103,119,30
103,119,31
103,119,32
103,119,33
103,119,34
103,119,35
103,120,34
103,120,35
103,120,36
103,120,37
103,121,32
103,121,33
103,121,34
103,121,35
103,121,36
103,122,34
103,122,35
103,122,36
103,122,37
103,123,34
103,123,35
103,123,36
103,123,37
103,124,35
103,124,36
103,124,37
103,125,34
103,125,35
103,125,36
103,125,37
103,125,38
103,126,37
103,126,38
103,126,39
103,127,38
103,128,39
103,129,40
103,129,41
103,130,41
103,130,42
104,103,28
104,103,29
104,103,30
104,104,28
104,104,29
104,105,28
104,105,29
104,106,28
104,106,29
104,107,28
104,107,29
104,108,27
104,108,28
104,108,29
104,109,27
104,109,28
104,109,29
104,110,28
104,110,29
104,111,27
104,111,28
104,112,27
104,112,28
104,112,29
104,113,27
104,113,28
104,113,29
104,114,28
104,114,29
104,114,30
104,115,28
104,115,29
104,115,30
104,116,26
104,116,27
104,116,28
104,116,30
104,116,31
104,116,32
104,117,30
104,117,31
104,117,32
104,117,33
104,118,30
104,118,31
104,118,32
104,118,33
104,119,30
104,119,31
104,119,32
104,119,33
104,120,32
104,120,33
104,120,34
104,120,35
104,120,36
104,121,31
104,121,32
104,121,33
104,121,34
104,122,32
104,122,33
104,122,34
104,122,35
104,122,36
104,123,33
104,123,34
104,123,35
104,123,36
104,124,34
104,124,35
104,124,36
104,125,33
104,125,34
104,125,35
104,125,36
104,125,37
104,126,35
104,126,36
104,126,37
104,126,38
104,126,39
104,127,37
104,128,38
104,129,40
104,130,40
105,102,28
105,102,29
105,102,30
105,103,28
105,103,29
105,103,30
105,104,27
105,104,28
105,104,29
105,105,28
105,105,29
105,106,27
105,106,28
105,106,29
105,107,28
105,107,29
105,108,27
105,108,28
105,108,29
105,109,27
105,109,28
105,110,27
105,110,28
105,110,29
105,111,27
105,111,28
105,112,27
105,112,28
105,112,29
105,113,27
105,113,28
105,113,29
105,114,27
105,114,28
105,114,29
105,114,30
105,115,28
105,115,29
105,116,26
105,116,27
105,116,28
105,116,29
105,117,30
105,117,31
105,117,32
105,118,30
105,118,31
105,119,31
105,120,31
105,120,32
105,120,33
105,120,34
105,120,35
105,121,31
105,121,32
105,121,33
105,122,32
105,122,33
105,122,34
105,122,35
105,123,33
105,123,34
105,123,35
105,124,34
105,124,35
105,124,36
105,125,35
105,126,36
105,126,37
105,126,38
105,127,37
105,128,38
105,129,39
106,100,28
106,100,29
106,100,30
106,101,28
106,101,29
106,102,28
106,102,29
106,102,30
106,103,28
106,103,29
106,104,27
106,104,28
106,104,29
106,105,27
106,105,28
106,105,29
106,106,27
106,106,28
106,106,29
106,107,28
106,107,29
106,108,27
106,108,28
106,109,26
106,109,27
106,109,28
106,110,27
106,110,28
106,110,29
106,111,26
106,111,27
106,111,28
106,112,26
106,112,27
106,112,28
106,113,27
106,113,28
106,114,27
106,114,28
106,114,29
106,115,27
106,115,28
106,115,29
106,116,26
106,120,31
106,120,32
106,120,33
106,121,32
106,122,32
106,122,33
106,123,33
106,123,34
106,124,34
106,124,35
106,126,36
106,128,38
107,98,30
107,98,31
107,99,29
107,99,30
107,100,28
107,100,29
107,100,30
107,101,28
107,101,29
107,102,28
107,102,29
107,103,28
107,103,29
107,104,27
107,104,28
107,105,27
107,105,28
107,105,29
107,106,27
107,106,28
107,107,27
107,107,28
107,107,29
107,108,27
107,108,28
107,109,26
107,109,27
107,109,28
107,110,27
107,110,28
107,111,26
107,111,27
107,111,28
107,112,26
107,112,27
107,112,28
107,113,27
107,113,28
107,114,26
107,114,27
107,114,28
107,115,28
107,115,29
107,120,31
107,124,34
108,98,29
108,98,30
108,98,31
108,99,28
108,99,29
108,99,30
108,100,27
108,100,28
108,100,29
108,101,28
108,101,29
108,102,28
108,102,29
108,103,27
108,103,28
108,103,29
108,104,27
108,104,28
108,105,27
108,105,28
108,106,27
108,106,28
108,107,27
108,107,28
108,107,29
108,108,27
108,108,28
108,109,26
108,109,27
108,110,27
108,110,28
108,111,26
108,111,27
108,112,26
108,112,27
108,113,27
108,113,28
108,114,28
108,115,28
109,97,30
109,97,31
109,98,28
109,98,29
109,98,30
109,98,31
109,99,27
109,99,28
109,99,29
109,99,30
109,100,27
109,100,28
109,100,29
109,101,28
109,101,29
109,102,28
109,102,29
109,103,27
109,103,28
109,103,29
109,104,27
109,104,28
109,105,27
109,105,28
109,106,27
109,106,28
109,107,26
109,107,27
109,107,28
109,108,26
109,108,27
109,108,28
109,109,26
109,109,27
109,110,27
109,110,28
109,111,27
109,113,28
110,97,29
110,97,30
110,97,31
110,98,27
110,98,28
110,98,29
110,98,30
110,99,27
110,99,28
110,99,29
110,100,26
110,100,27
110,100,28
110,101,28
110,101,29
110,102,28
110,102,29
110,103,27
110,103,28
110,104,27
110,104,28
110,105,27
110,105,28
110,106,27
110,106,28
110,107,26
110,107,27
110,107,28
110,108,26
110,108,27
110,108,28
110,110,28
111,97,29
111,97,30
111,97,31
111,98,27
111,98,28
111,98,29
111,100,26
111,100,27
111,100,28
111,101,27
111,101,28
111,101,29
111,102,27
111,102,28
111,102,29
111,103,27
111,103,28
111,104,27
111,104,28
111,105,26
111,105,27
111,105,28
111,106,26
111,106,27
111,106,28
111,108,25
111,110,28
112,97,28
112,97,29
112,97,30
112,100,26
112,101,27
112,101,28
112,101,29
112,102,27
112,102,28
112,102,29
112,103,27
112,103,28
112,104,27
112,104,28
112,105,26
112,105,28
113,97,28
113,97,29
113,97,30
113,101,28
113,102,28
113,103,26
