"x","y","z"
45,117,29
46,117,29
46,118,30
47,117,28
47,117,29
47,118,29
47,118,30
47,118,31
47,122,29
48,117,28
48,117,29
48,118,27
48,118,28
48,118,29
48,118,30
48,118,31
48,119,27
48,119,28
48,120,28
48,121,28
48,122,29
48,122,30
48,123,28
48,123,29
48,123,30
49,117,27
49,117,28
49,117,29
49,117,30
49,118,28
49,118,29
49,118,30
49,118,31
49,119,27
49,119,28
49,120,27
49,120,28
49,121,27
49,121,28
49,122,26
49,122,27
49,122,28
49,122,29
49,123,27
49,123,28
49,123,29
49,123,30
49,124,28
49,125,28
50,117,27
50,117,28
50,117,29
50,117,30
50,119,27
50,119,28
50,120,27
50,120,28
50,121,27
50,121,28
50,122,26
50,122,27
50,122,28
50,122,29
50,123,27
50,123,28
50,123,29
50,124,26
50,124,27
50,124,28
50,125,27
50,125,28
50,126,25
50,127,28
51,117,27
51,117,28
51,119,27
51,119,28
51,120,27
51,120,28
51,121,27
51,121,28
51,122,26
51,122,27
51,122,28
51,124,27
51,124,28
51,125,27
51,125,28
51,126,26
51,126,27
51,127,26
51,127,27
51,127,28
51,128,29
52,117,27
52,117,28
52,119,27
52,119,28
52,121,27
52,121,28
52,122,26
52,122,27
52,122,28
52,124,27
52,124,28
52,124,29
52,125,27
52,125,28
52,126,26
52,126,27
52,127,27
52,127,28
52,127,29
52,128,27
52,128,28
52,128,29
52,129,29
52,129,30
52,130,29
53,121,27
53,121,28
53,122,27
53,122,28
53,124,27
53,124,28
53,124,29
53,125,27
53,125,28
53,126,26
53,126,27
53,126,28
53,127,27
53,127,28
53,127,29
53,127,30
53,128,28
53,128,29
53,128,30
53,129,27
53,129,28
53,129,29
53,129,30
53,130,27
53,130,28
53,130,29
53,130,30
53,132,30
54,122,27
54,122,28
54,124,28
54,124,29
54,125,27
54,125,28
54,126,26
54,126,27
54,126,28
54,126,29
54,127,28
54,127,29
54,127,30
54,128,28
54,128,29
54,128,30
54,129,29
54,129,30
54,129,31
54,130,28
54,130,29
54,130,30
54,131,27
54,131,28
54,131,29
54,132,28
54,132,30
54,132,31
55,124,28
55,124,29
55,125,27
55,125,28
55,125,29
55,126,27
55,126,28
55,126,29
55,127,29
55,127,30
55,127,31
55,128,29
55,128,30
55,128,31
55,129,29
55,129,30
55,129,31
55,130,29
55,130,30
55,130,31
55,131,27
55,131,28
55,131,29
55,131,30
55,132,29
55,132,30
55,132,31
55,133,29
55,133,31
55,134,32
56,124,28
56,124,29
56,125,27
56,125,28
56,125,29
56,126,28
56,126,29
56,126,30
56,127,29
56,127,30
56,127,31
56,128,29
56,128,30
56,128,31
56,129,30
56,129,31
56,129,32
56,130,29
56,130,30
56,130,31
56,131,28
56,131,29
56,131,30
56,132,30
56,132,31
56,132,32
56,133,29
56,133,30
56,133,31
56,133,32
56,134,30
56,134,31
56,134,32
56,135,32
56,136,33
56,138,35
57,125,28
57,125,29
57,126,28
57,126,29
57,126,30
57,126,31
57,127,30
57,127,31
57,128,30
57,128,31
57,128,32
57,129,30
57,129,31
57,129,32
57,129,33
57,130,30
57,130,31
57,130,32
57,131,29
57,131,30
57,131,31
57,131,32
57,132,30
57,132,31
57,132,32
57,132,33
57,133,30
57,133,31
57,133,32
57,133,33
57,134,31
57,134,32
57,134,33
57,135,30
57,135,31
57,135,32
57,135,33
57,136,33
57,136,34
57,137,34
57,137,35
57,138,35
57,138,36
58,125,28
58,125,29
58,126,29
58,126,30
58,126,31
58,126,32
58,127,30
58,127,31
58,127,32
58,128,30
58,128,31
58,128,32
58,129,31
58,129,32
58,129,33
58,129,34
58,130,30
58,130,31
58,130,32
58,131,29
58,131,30
58,131,31
58,131,32
58,131,33
58,132,31
58,132,32
58,132,33
58,133,31
58,133,32
58,133,33
58,134,31
58,134,32
58,134,33
58,134,34
58,135,31
58,135,32
58,135,33
58,136,32
58,136,33
58,136,34
58,137,34
58,137,35
58,137,36
58,138,36
58,138,37
58,139,36
58,140,37
59,126,30
59,126,31
59,126,32
59,127,30
59,127,31
59,127,32
59,128,31
59,128,32
59,128,33
59,129,32
59,129,33
59,129,34
59,130,31
59,130,32
59,130,33
59,130,34
59,131,31
59,131,32
59,131,33
59,132,32
59,132,33
59,132,34
59,133,32
59,133,33
59,133,34
59,134,32
59,134,33
59,134,34
59,135,32
59,135,33
59,135,34
59,136,33
59,136,34
59,136,35
59,137,34
59,137,35
59,137,36
59,137,37
59,138,35
59,138,36
59,138,37
59,139,36
59,139,37
59,139,38
59,140,37
59,141,39
60,127,31
60,127,32
60,128,31
60,128,32
60,128,33
60,128,34
60,129,33
60,129,34
60,129,35
60,130,31
60,130,32
60,130,33
60,130,34
60,131,32
60,131,33
60,131,34
60,132,32
60,132,33
60,132,34
60,132,35
60,133,32
60,133,33
60,133,34
60,133,35
60,134,33
60,134,34
60,134,35
60,135,32
60,135,33
60,135,34
60,135,35
60,135,36
60,136,33
60,136,34
60,136,35
60,136,36
60,137,35
60,137,36
60,137,37
60,137,38
60,138,36
60,138,37
60,138,38
60,139,35
60,139,36
60,139,37
60,139,38
60,140,36
60,140,37
60,140,38
60,141,37
60,141,38
60,141,39
60,141,40
60,142,39
60,143,41
61,128,32
61,128,33
61,128,34
61,128,35
61,129,33
61,129,34
61,129,35
61,129,36
61,130,33
61,130,34
61,130,35
61,131,32
61,131,33
61,131,34
61,132,33
61,132,34
61,132,35
61,132,36
61,133,33
61,133,34
61,133,35
61,133,36
61,134,33
61,134,34
61,134,35
61,134,36
61,135,33
61,135,34
61,135,35
61,135,36
61,136,34
61,136,35
61,136,36
61,136,37
61,137,36
61,137,37
61,137,38
61,138,36
61,138,37
61,138,38
61,138,39
61,139,37
61,139,38
61,139,39
61,140,36
61,140,37
61,140,38
61,140,39
61,141,38
61,141,39
61,141,40
61,142,37
61,142,38
61,142,39
61,143,39
61,143,40
61,143,41
62,128,33
62,128,34
62,128,35
62,129,34
62,129,35
62,129,36
62,129,37
62,130,33
62,130,34
62,130,35
62,130,36
62,131,33
62,131,34
62,132,34
62,132,35
62,132,36
62,133,34
62,133,35
62,133,36
62,133,37
62,134,34
62,134,35
62,134,36
62,134,37
62,134,38
62,135,35
62,135,36
62,135,37
62,136,35
62,136,36
62,136,37
62,136,38
62,137,37
62,137,38
62,137,39
62,138,37
62,138,38
62,138,39
62,138,40
62,139,37
62,139,38
62,139,39
62,140,37
62,140,38
62,140,39
62,141,39
62,141,40
62,141,41
62,142,38
62,142,39
62,142,40
62,143,40
62,143,41
62,143,42
63,129,35
63,129,36
63,129,37
63,130,34
63,130,35
63,130,36
63,130,37
63,131,33
63,131,34
63,131,35
63,132,35
63,132,36
63,132,37
63,133,35
63,133,36
63,133,37
63,133,38
63,134,35
63,134,36
63,134,37
63,134,38
63,134,39
63,135,35
63,135,36
63,135,37
63,135,38
63,136,36
63,136,37
63,136,38
63,136,39
63,137,37
63,137,38
63,137,39
63,137,40
63,138,38
63,138,39
63,138,40
63,139,38
63,139,39
63,139,40
63,140,38
63,140,39
63,140,40
63,141,39
63,141,40
63,141,41
63,142,38
63,142,39
63,142,40
63,143,40
63,143,41
63,143,42
64,129,36
64,129,37
64,129,38
64,130,35
64,130,36
64,130,37
64,131,33
64,131,34
64,131,35
64,131,36
64,132,35
64,132,36
64,132,37
64,132,38
64,133,36
64,133,37
64,133,38
64,133,39
64,134,37
64,134,38
64,134,39
64,135,36
64,135,37
64,135,38
64,135,39
64,136,37
64,136,38
64,136,39
64,137,38
64,137,39
64,137,40
64,138,39
64,138,40
64,138,41
64,139,38
64,139,39
64,139,40
64,139,41
64,140,38
64,140,39
64,140,40
64,140,41
64,141,40
64,141,41
64,141,42
65,129,36
65,129,37
65,129,38
65,130,36
65,130,37
65,130,38
65,131,34
65,131,35
65,131,36
65,131,37
65,132,36
65,132,37
65,132,38
65,133,37
65,133,38
65,133,39
65,134,38
65,134,39
65,135,37
65,135,38
65,135,39
65,136,38
65,136,39
65,136,40
65,137,39
65,137,40
65,137,41
65,138,39
65,138,40
65,138,41
65,139,39
65,139,40
65,139,41
65,140,39
65,140,40
65,140,41
65,140,42
65,141,40
65,141,41
65,141,42
66,129,37
66,129,38
66,130,36
66,130,37
66,130,38
66,131,35
66,131,36
66,131,37
66,131,38
66,132,37
66,132,38
66,134,38
66,134,39
66,135,38
66,135,39
66,136,38
66,136,39
66,136,40
66,137,39
66,137,40
66,137,41
66,138,40
66,138,41
66,139,40
66,139,41
66,140,40
66,140,41
66,140,42
66,141,41
66,141,42
67,129,37
67,129,38
67,130,37
67,130,38
67,131,36
67,131,37
67,131,38
67,137,40
67,137,41
85,129,37
85,129,38
85,129,39
85,130,37
85,130,38
85,131,37
85,131,38
85,133,38
85,133,39
86,129,36
86,129,37
86,129,38
86,129,39
86,130,37
86,130,38
86,131,36
86,131,37
86,131,38
86,133,37
86,133,38
86,133,39
86,134,37
86,134,38
86,137,40
86,137,41
86,138,40
86,138,41
86,138,42
86,139,42
86,139,43
86,140,42
86,140,43
86,141,42
86,141,43
87,128,35
87,128,36
87,128,37
87,129,36
87,129,37
87,129,38
87,130,36
87,130,37
87,130,38
87,131,35
87,131,36
87,131,37
87,131,38
87,133,36
87,133,37
87,133,38
87,133,39
87,134,36
87,134,37
87,134,38
87,135,37
87,135,38
87,136,38
87,136,39
87,136,40
87,137,40
87,137,41
87,138,40
87,138,41
87,138,42
87,139,41
87,139,42
87,139,43
87,140,41
87,140,42
87,140,43
87,141,41
87,141,42
87,141,43
88,128,34
88,128,35
88,128,36
88,128,37
88,129,35
88,129,36
88,129,37
88,130,35
88,130,36
88,130,37
88,130,38
88,131,35
88,131,36
88,131,37
88,132,35
88,132,36
88,132,37
88,133,35
88,133,36
88,133,37
88,133,38
88,134,36
88,134,37
88,134,38
88,135,36
88,135,37
88,135,38
88,136,38
88,136,39
88,136,40
88,137,39
88,137,40
88,137,41
88,138,39
88,138,40
88,138,41
88,139,40
88,139,41
88,139,42
88,139,43
88,140,40
88,140,41
88,140,42
88,140,43
88,141,40
88,141,41
88,141,42
89,128,33
89,128,34
89,128,35
89,128,36
89,129,35
89,129,36
89,129,37
89,130,34
89,130,35
89,130,36
89,130,37
89,131,35
89,131,36
89,132,35
89,132,36
89,132,37
89,133,34
89,133,35
89,133,36
89,133,37
89,134,35
89,134,36
89,134,37
89,135,36
89,135,37
89,135,38
89,136,37
89,136,38
89,136,39
89,137,38
89,137,39
89,137,40
89,137,41
89,138,39
89,138,40
89,138,41
89,139,39
89,139,40
89,139,41
89,139,42
89,140,39
89,140,40
89,140,41
89,140,42
89,141,39
89,141,40
89,141,41
89,141,42
89,142,40
89,142,41
89,143,41
89,143,42
90,127,31
90,127,32
90,127,33
90,128,32
90,128,33
90,128,34
90,128,35
90,129,33
90,129,34
90,129,35
90,129,36
90,130,34
90,130,35
90,130,36
90,131,34
90,131,35
90,131,36
90,132,34
90,132,35
90,132,36
90,133,34
90,133,35
90,133,36
90,134,34
90,134,35
90,134,36
90,134,37
90,135,35
90,135,36
90,135,37
90,136,36
90,136,37
90,136,38
90,136,39
90,137,37
90,137,38
90,137,39
90,137,40
90,138,38
90,138,39
90,138,40
90,139,38
90,139,39
90,139,40
90,139,41
90,140,39
90,140,40
90,140,41
90,141,38
90,141,39
90,141,40
90,142,39
90,142,40
90,142,41
90,143,40
90,143,41
90,143,42
91,127,31
91,127,32
91,127,33
91,128,32
91,128,33
91,128,34
91,129,32
91,129,33
91,129,34
91,130,33
91,130,34
91,130,35
91,131,33
91,131,34
91,131,35
91,132,33
91,132,34
91,133,33
91,133,34
91,133,35
91,133,36
91,134,34
91,134,35
91,135,34
91,135,35
91,135,36
91,136,35
91,136,36
91,136,37
91,137,36
91,137,37
91,137,38
91,138,37
91,138,38
91,138,39
91,138,40
91,139,37
91,139,38
91,139,39
91,140,38
91,140,39
91,140,40
91,141,37
91,141,38
91,141,39
91,142,38
91,142,39
91,142,40
91,142,41
91,143,42
92,126,31
92,127,30
92,127,31
92,127,32
92,128,31
92,128,32
92,128,33
92,128,34
92,129,32
92,129,33
92,129,34
92,130,32
92,130,33
92,130,34
92,130,35
92,131,31
92,131,32
92,131,33
92,131,34
92,131,35
92,132,33
92,132,34
92,133,32
92,133,33
92,133,34
92,134,33
92,134,34
92,134,35
92,135,33
92,135,34
92,135,35
92,135,36
92,136,35
92,136,36
92,136,37
92,137,35
92,137,36
92,137,37
92,137,38
92,138,36
92,138,37
92,138,38
92,139,36
92,139,37
92,139,38
92,140,36
92,140,37
92,140,38
92,140,39
92,140,40
93,126,30
93,126,31
93,127,29
93,127,30
93,127,31
93,127,32
93,128,30
93,128,31
93,128,32
93,128,33
93,128,34
93,129,31
93,129,32
93,129,33
93,130,32
93,130,33
93,130,34
93,131,31
93,131,32
93,131,33
93,131,34
93,132,32
93,132,33
93,132,34
93,133,32
93,133,33
93,133,34
93,134,32
93,134,33
93,134,34
93,134,35
93,135,33
93,135,34
93,135,35
93,136,34
93,136,35
93,136,36
93,136,37
93,137,34
93,137,35
93,137,36
93,137,37
93,137,38
93,138,35
93,138,36
93,138,37
93,138,38
93,139,36
93,139,37
93,139,38
93,140,36
93,140,38
93,140,39
94,126,29
94,126,30
94,126,31
94,127,29
94,127,30
94,127,31
94,128,29
94,128,30
94,128,31
94,128,32
94,128,33
94,129,30
94,129,31
94,129,32
94,129,33
94,130,31
94,130,32
94,130,33
94,131,30
94,131,31
94,131,32
94,132,31
94,132,32
94,132,33
94,132,34
94,133,31
94,133,32
94,133,33
94,134,32
94,134,33
94,134,34
94,134,35
94,135,32
94,135,33
94,135,34
94,136,33
94,136,34
94,136,35
94,136,36
94,137,34
94,137,35
94,137,36
94,138,36
94,138,37
94,139,37
95,125,29
95,125,30
95,126,28
95,126,29
95,126,30
95,126,31
95,127,28
95,127,29
95,127,30
95,128,29
95,128,30
95,128,31
95,128,32
95,129,29
95,129,30
95,129,31
95,129,32
95,130,30
95,130,31
95,130,32
95,130,33
95,131,29
95,131,30
95,131,31
95,131,32
95,132,31
95,132,32
95,132,33
95,133,30
95,133,31
95,133,32
95,133,33
95,134,31
95,134,32
95,134,33
95,134,34
95,135,31
95,135,32
95,135,33
95,136,34
95,136,35
95,137,35
95,138,36
96,125,29
96,125,30
96,126,28
96,126,29
96,126,30
96,127,28
96,127,29
96,127,30
96,128,28
96,128,29
96,128,30
96,128,31
96,129,29
96,129,30
96,129,31
96,130,30
96,130,31
96,130,32
96,131,29
96,131,30
96,131,31
96,132,30
96,132,31
96,132,32
96,133,29
96,133,30
96,133,31
96,133,32
96,134,32
96,134,33
96,135,33
96,136,34
96,137,34
97,124,29
97,124,30
97,125,28
97,125,29
97,125,30
97,126,27
97,126,28
97,126,29
97,127,27
97,127,28
97,127,29
97,128,27
97,128,28
97,128,29
97,128,30
97,129,28
97,129,29
97,129,30
97,129,31
97,130,29
97,130,30
97,130,31
97,131,28
97,131,29
97,131,30
97,132,29
97,132,30
97,132,31
97,132,32
97,133,28
97,133,29
97,133,31
97,134,32
97,136,33
98,124,28
98,124,29
98,124,30
98,125,28
98,125,29
98,125,30
98,126,27
98,126,28
98,126,29
98,127,27
98,127,28
98,127,29
98,128,27
98,128,28
98,128,29
98,129,27
98,129,28
98,129,29
98,129,30
98,130,29
98,130,30
98,130,31
98,131,28
98,131,29
98,131,30
99,122,27
99,122,28
99,124,27
99,124,28
99,124,29
99,124,30
99,125,28
99,125,29
99,126,26
99,126,27
99,126,28
99,127,27
99,127,28
99,128,26
99,128,27
99,128,28
99,129,27
99,129,28
99,129,29
99,130,29
99,130,30
100,122,27
100,122,28
100,124,27
100,124,28
100,124,29
100,125,27
100,125,28
100,125,29
100,126,26
100,126,27
100,126,28
100,127,26
100,127,27
100,127,28
100,128,26
100,128,27
100,128,28
101,119,28
101,119,29
101,120,28
101,120,29
101,121,28
101,121,29
101,121,30
101,122,27
101,122,28
101,124,27
101,124,28
101,125,27
101,125,28
101,125,29
101,126,25
101,126,26
101,127,28
102,117,27
102,118,28
102,118,29
102,119,28
102,119,29
102,120,28
102,120,29
102,121,27
102,121,28
102,121,29
102,121,30
102,122,27
102,122,28
102,123,27
102,123,28
102,124,27
102,124,28
102,125,28
103,117,27
103,118,28
103,118,29
103,119,27
103,119,28
103,119,29
103,120,28
103,120,29
103,121,29
103,122,28
103,123,27
103,123,28
103,123,29
103,124,28
104,117,27
104,120,29
104,123,29
