"x","y","z"
54,99,43
54,99,44
55,97,44
55,97,45
55,98,43
55,98,44
55,98,45
55,98,46
55,99,43
55,99,44
55,99,45
55,99,46
55,99,47
55,100,43
55,100,44
55,100,45
55,100,46
55,100,47
55,101,43
55,101,44
55,101,45
55,101,46
55,101,47
55,102,42
55,102,43
55,102,44
55,102,45
55,102,46
55,102,47
55,103,42
55,103,43
55,103,44
55,103,45
55,103,46
55,103,47
55,104,43
55,104,44
55,104,45
55,104,46
55,104,47
55,105,43
55,105,44
55,105,45
55,105,46
55,105,47
55,106,43
55,106,44
55,106,45
55,106,46
55,106,47
55,107,44
55,107,45
55,107,46
56,95,45
56,95,46
56,96,43
56,96,44
56,96,45
56,96,46
56,96,47
56,97,42
56,97,43
56,97,44
56,97,45
56,97,46
56,97,47
56,97,48
56,98,42
56,98,43
56,98,44
56,98,45
56,98,46
56,98,47
56,98,48
56,99,42
56,99,43
56,99,44
56,99,45
56,99,46
56,99,47
56,99,48
56,99,49
56,100,42
56,100,43
56,100,44
56,100,45
56,100,46
56,100,47
56,100,48
56,100,49
56,101,41
56,101,42
56,101,43
56,101,44
56,101,45
56,101,46
56,101,47
56,101,48
56,101,49
56,102,41
56,102,42
56,102,43
56,102,44
56,102,45
56,102,46
56,102,47
56,102,48
56,102,49
56,103,41
56,103,42
56,103,43
56,103,44
56,103,45
56,103,46
56,103,47
56,103,48
56,103,49
56,104,42
56,104,43
56,104,44
56,104,45
56,104,46
56,104,47
56,104,48
56,105,42
56,105,43
56,105,44
56,105,45
56,105,46
56,105,47
56,105,48
56,106,42
56,106,43
56,106,44
56,106,45
56,106,46
56,106,47
56,106,48
56,107,43
56,107,44
56,107,45
56,107,46
56,107,47
56,107,48
56,108,43
56,108,44
56,108,45
56,108,46
56,109,44
56,109,45
56,109,46
57,94,39
57,94,40
57,94,41
57,94,42
57,94,43
57,94,44
57,94,45
57,94,46
57,94,47
57,95,42
57,95,43
57,95,44
57,95,45
57,95,46
57,95,47
57,95,48
57,96,41
57,96,42
57,96,43
57,96,44
57,96,45
57,96,46
57,96,47
57,96,48
57,96,49
57,97,41
57,97,42
57,97,43
57,97,44
57,97,45
57,97,46
57,97,47
57,97,48
57,97,49
57,98,41
57,98,42
57,98,43
57,98,44
57,98,45
57,98,46
57,98,47
57,98,48
57,98,49
57,98,50
57,99,41
57,99,42
57,99,43
57,99,44
57,99,45
57,99,46
57,99,47
57,99,48
57,99,49
57,99,50
57,100,41
57,100,42
57,100,43
57,100,44
57,100,45
57,100,46
57,100,47
57,100,48
57,100,49
57,100,50
57,101,41
57,101,42
57,101,43
57,101,44
57,101,45
57,101,46
57,101,47
57,101,48
57,101,49
57,101,50
57,102,41
57,102,42
57,102,43
57,102,44
57,102,45
57,102,46
57,102,47
57,102,48
57,102,49
57,102,50
57,103,41
57,103,42
57,103,43
57,103,44
57,103,45
57,103,46
57,103,47
57,103,48
57,103,49
57,104,41
57,104,42
57,104,43
57,104,44
57,104,45
57,104,46
57,104,47
57,104,48
57,104,49
57,105,41
57,105,42
57,105,43
57,105,44
57,105,45
57,105,46
57,105,47
57,105,48
57,105,49
57,106,42
57,106,43
57,106,44
57,106,45
57,106,46
57,106,47
57,106,48
57,106,49
57,107,42
57,107,43
57,107,44
57,107,45
57,107,46
57,107,47
57,107,48
57,108,42
57,108,43
57,108,44
57,108,45
57,108,46
57,108,47
57,108,48
57,109,42
57,109,43
57,109,44
57,109,45
57,109,46
57,109,47
57,109,48
57,110,43
57,110,44
57,110,45
57,110,46
57,110,47
57,111,44
57,111,45
57,111,46
58,93,47
58,93,48
58,93,49
58,94,44
58,94,45
58,94,46
58,94,47
58,94,48
58,94,49
58,95,43
58,95,44
58,95,45
58,95,46
58,95,47
58,95,48
58,95,49
58,95,50
58,96,42
58,96,43
58,96,44
58,96,45
58,96,46
58,96,47
58,96,48
58,96,49
58,96,50
58,97,39
58,97,40
58,97,41
58,97,42
58,97,43
58,97,44
58,97,45
58,97,46
58,97,47
58,97,48
58,97,49
58,97,50
58,98,40
58,98,41
58,98,42
58,98,43
58,98,44
58,98,45
58,98,46
58,98,47
58,98,48
58,98,49
58,98,50
58,99,40
58,99,41
58,99,42
58,99,43
58,99,44
58,99,45
58,99,46
58,99,47
58,99,48
58,99,49
58,99,50
58,100,40
58,100,41
58,100,42
58,100,43
58,100,44
58,100,45
58,100,46
58,100,47
58,100,48
58,100,49
58,100,50
58,101,40
58,101,41
58,101,42
58,101,43
58,101,44
58,101,45
58,101,46
58,101,47
58,101,48
58,101,49
58,101,50
58,102,40
58,102,41
58,102,42
58,102,43
58,102,44
58,102,45
58,102,46
58,102,47
58,102,48
58,102,49
58,102,50
58,103,41
58,103,42
58,103,43
58,103,44
58,103,45
58,103,46
58,103,47
58,103,48
58,103,49
58,103,50
58,104,41
58,104,42
58,104,43
58,104,44
58,104,45
58,104,46
58,104,47
58,104,48
58,104,49
58,104,50
58,105,41
58,105,42
58,105,43
58,105,44
58,105,45
58,105,46
58,105,47
58,105,48
58,105,49
58,105,50
58,106,41
58,106,42
58,106,43
58,106,44
58,106,45
58,106,46
58,106,47
58,106,48
58,106,49
58,107,41
58,107,42
58,107,43
58,107,44
58,107,45
58,107,46
58,107,47
58,107,48
58,107,49
58,108,41
58,108,42
58,108,43
58,108,44
58,108,45
58,108,46
58,108,47
58,108,48
58,108,49
58,109,41
58,109,42
58,109,43
58,109,44
58,109,45
58,109,46
58,109,47
58,109,48
58,110,41
58,110,42
58,110,43
58,110,44
58,110,45
58,110,46
58,110,47
58,110,48
58,111,42
58,111,43
58,111,44
58,111,45
58,111,46
58,111,47
58,112,44
58,112,45
58,112,46
59,92,47
59,92,48
59,92,49
59,93,46
59,93,47
59,93,48
59,93,49
59,93,50
59,94,45
59,94,46
59,94,47
59,94,48
59,94,49
59,94,50
59,95,44
59,95,45
59,95,46
59,95,47
59,95,48
59,95,49
59,95,50
59,96,43
59,96,44
59,96,45
59,96,46
59,96,47
59,96,48
59,96,49
59,96,50
59,96,51
59,97,42
59,97,43
59,97,44
59,97,45
59,97,46
59,97,47
59,97,48
59,97,49
59,97,50
59,97,51
59,98,39
59,98,40
59,98,41
59,98,42
59,98,43
59,98,44
59,98,45
59,98,46
59,98,47
59,98,48
59,98,49
59,98,50
59,98,51
59,99,39
59,99,40
59,99,41
59,99,42
59,99,43
59,99,44
59,99,45
59,99,46
59,99,47
59,99,48
59,99,49
59,99,50
59,99,51
59,100,39
59,100,40
59,100,41
59,100,42
59,100,43
59,100,44
59,100,45
59,100,46
59,100,47
59,100,48
59,100,49
59,100,50
59,100,51
59,101,40
59,101,41
59,101,42
59,101,43
59,101,44
59,101,45
59,101,46
59,101,47
59,101,48
59,101,49
59,101,50
59,101,51
59,102,40
59,102,41
59,102,42
59,102,43
59,102,44
59,102,45
59,102,46
59,102,47
59,102,48
59,102,49
59,102,50
59,103,40
59,103,41
59,103,42
59,103,43
59,103,44
59,103,45
59,103,46
59,103,47
59,103,48
59,103,49
59,103,50
59,104,40
59,104,41
59,104,42
59,104,43
59,104,44
59,104,45
59,104,46
59,104,47
59,104,48
59,104,49
59,104,50
59,105,40
59,105,41
59,105,42
59,105,43
59,105,44
59,105,45
59,105,46
59,105,47
59,105,48
59,105,49
59,105,50
59,106,40
59,106,41
59,106,42
59,106,43
59,106,44
59,106,45
59,106,46
59,106,47
59,106,48
59,106,49
59,106,50
59,107,40
59,107,41
59,107,42
59,107,43
59,107,44
59,107,45
59,107,46
59,107,47
59,107,48
59,107,49
59,108,40
59,108,41
59,108,42
59,108,43
59,108,44
59,108,45
59,108,46
59,108,47
59,108,48
59,108,49
59,109,41
59,109,42
59,109,43
59,109,44
59,109,45
59,109,46
59,109,47
59,109,48
59,109,49
59,110,41
59,110,42
59,110,43
59,110,44
59,110,45
59,110,46
59,110,47
59,110,48
59,111,41
59,111,42
59,111,43
59,111,44
59,111,45
59,111,46
59,111,47
59,111,48
59,112,42
59,112,43
59,112,44
59,112,45
59,112,46
59,112,47
59,113,44
59,113,45
59,113,46
60,92,48
60,92,49
60,93,47
60,93,48
60,93,49
60,93,50
60,94,46
60,94,47
60,94,48
60,94,49
60,94,50
60,95,44
60,95,45
60,95,46
60,95,47
60,95,48
60,95,49
60,95,50
60,95,51
60,96,43
60,96,44
60,96,45
60,96,46
60,96,47
60,96,48
60,96,49
60,96,50
60,96,51
60,97,42
60,97,43
60,97,44
60,97,45
60,97,46
60,97,47
60,97,48
60,97,49
60,97,50
60,97,51
60,98,41
60,98,42
60,98,43
60,98,44
60,98,45
60,98,46
60,98,47
60,98,48
60,98,49
60,98,50
60,98,51
60,99,39
60,99,40
60,99,41
60,99,42
60,99,43
60,99,44
60,99,45
60,99,46
60,99,47
60,99,48
60,99,49
60,99,50
60,99,51
60,100,39
60,100,40
60,100,41
60,100,42
60,100,43
60,100,44
60,100,45
60,100,46
60,100,47
60,100,48
60,100,49
60,100,50
60,100,51
60,101,39
60,101,40
60,101,41
60,101,42
60,101,43
60,101,44
60,101,45
60,101,46
60,101,47
60,101,48
60,101,49
60,101,50
60,101,51
60,102,39
60,102,40
60,102,41
60,102,42
60,102,43
60,102,44
60,102,45
60,102,46
60,102,47
60,102,48
60,102,49
60,102,50
60,103,39
60,103,40
60,103,41
60,103,42
60,103,43
60,103,44
60,103,45
60,103,46
60,103,47
60,103,48
60,103,49
60,103,50
60,104,39
60,104,40
60,104,41
60,104,42
60,104,43
60,104,44
60,104,45
60,104,46
60,104,47
60,104,48
60,104,49
60,104,50
60,105,39
60,105,40
60,105,41
60,105,42
60,105,43
60,105,44
60,105,45
60,105,46
60,105,47
60,105,48
60,105,49
60,105,50
60,106,39
60,106,40
60,106,41
60,106,42
60,106,43
60,106,44
60,106,45
60,106,46
60,106,47
60,106,48
60,106,49
60,106,50
60,107,39
60,107,40
60,107,41
60,107,42
60,107,43
60,107,44
60,107,45
60,107,46
60,107,47
60,107,48
60,107,49
60,107,50
60,108,40
60,108,41
60,108,42
60,108,43
60,108,44
60,108,45
60,108,46
60,108,47
60,108,48
60,108,49
60,109,40
60,109,41
60,109,42
60,109,43
60,109,44
60,109,45
60,109,46
60,109,47
60,109,48
60,109,49
60,110,40
60,110,41
60,110,42
60,110,43
60,110,44
60,110,45
60,110,46
60,110,47
60,110,48
60,110,49
60,111,40
60,111,41
60,111,42
60,111,43
60,111,44
60,111,45
60,111,46
60,111,47
60,111,48
60,112,40
60,112,41
60,112,42
60,112,43
60,112,44
60,112,45
60,112,46
60,112,47
60,112,48
60,113,41
60,113,42
60,113,43
60,113,44
60,113,45
60,113,46
60,113,47
60,114,44
60,114,45
60,114,46
61,92,48
61,93,47
61,93,48
61,93,49
61,94,46
61,94,47
61,94,48
61,94,49
61,94,50
61,95,45
61,95,46
61,95,47
61,95,48
61,95,49
61,95,50
61,96,44
61,96,45
61,96,46
61,96,47
61,96,48
61,96,49
61,96,50
61,96,51
61,97,43
61,97,44
61,97,45
61,97,46
61,97,47
61,97,48
61,97,49
61,97,50
61,97,51
61,98,42
61,98,43
61,98,44
61,98,45
61,98,46
61,98,47
61,98,48
61,98,49
61,98,50
61,98,51
61,99,41
61,99,42
61,99,43
61,99,44
61,99,45
61,99,46
61,99,47
61,99,48
61,99,49
61,99,50
61,99,51
61,100,40
61,100,41
61,100,42
61,100,43
61,100,44
61,100,45
61,100,46
61,100,47
61,100,48
61,100,49
61,100,50
61,100,51
61,101,38
61,101,39
61,101,40
61,101,41
61,101,42
61,101,43
61,101,44
61,101,45
61,101,46
61,101,47
61,101,48
61,101,49
61,101,50
61,101,51
61,102,38
61,102,39
61,102,40
61,102,41
61,102,42
61,102,43
61,102,44
61,102,45
61,102,46
61,102,47
61,102,48
61,102,49
61,102,50
61,103,39
61,103,40
61,103,41
61,103,42
61,103,43
61,103,44
61,103,45
61,103,46
61,103,47
61,103,48
61,103,49
61,103,50
61,104,39
61,104,40
61,104,41
61,104,42
61,104,43
61,104,44
61,104,45
61,104,46
61,104,47
61,104,48
61,104,49
61,104,50
61,105,39
61,105,40
61,105,41
61,105,42
61,105,43
61,105,44
61,105,45
61,105,46
61,105,47
61,105,48
61,105,49
61,105,50
61,106,39
61,106,40
61,106,41
61,106,42
61,106,43
61,106,44
61,106,45
61,106,46
61,106,47
61,106,48
61,106,49
61,106,50
61,107,39
61,107,40
61,107,41
61,107,42
61,107,43
61,107,44
61,107,45
61,107,46
61,107,47
61,107,48
61,107,49
61,107,50
61,108,39
61,108,40
61,108,41
61,108,42
61,108,43
61,108,44
61,108,45
61,108,46
61,108,47
61,108,48
61,108,49
61,109,39
61,109,40
61,109,41
61,109,42
61,109,43
61,109,44
61,109,45
61,109,46
61,109,47
61,109,48
61,109,49
61,110,39
61,110,40
61,110,41
61,110,42
61,110,43
61,110,44
61,110,45
61,110,46
61,110,47
61,110,48
61,110,49
61,111,39
61,111,40
61,111,41
61,111,42
61,111,43
61,111,44
61,111,45
61,111,46
61,111,47
61,111,48
61,112,39
61,112,40
61,112,41
61,112,42
61,112,43
61,112,44
61,112,45
61,112,46
61,112,47
61,112,48
61,113,40
61,113,41
61,113,42
61,113,43
61,113,44
61,113,45
61,113,46
61,113,47
61,113,48
61,114,41
61,114,42
61,114,43
61,114,44
61,114,45
61,114,46
61,114,47
61,115,42
61,115,43
61,115,44
61,115,45
62,93,47
62,93,48
62,94,47
62,94,48
62,94,49
62,95,46
62,95,47
62,95,48
62,95,49
62,95,50
62,96,44
62,96,45
62,96,46
62,96,47
62,96,48
62,96,49
62,96,50
62,97,43
62,97,44
62,97,45
62,97,46
62,97,47
62,97,48
62,97,49
62,97,50
62,98,42
62,98,43
62,98,44
62,98,45
62,98,46
62,98,47
62,98,48
62,98,49
62,98,50
62,99,41
62,99,42
62,99,43
62,99,44
62,99,45
62,99,46
62,99,47
62,99,48
62,99,49
62,99,50
62,100,40
62,100,41
62,100,42
62,100,43
62,100,44
62,100,45
62,100,46
62,100,47
62,100,48
62,100,49
62,100,50
62,101,39
62,101,40
62,101,41
62,101,42
62,101,43
62,101,44
62,101,45
62,101,46
62,101,47
62,101,48
62,101,49
62,101,50
62,102,38
62,102,39
62,102,40
62,102,41
62,102,42
62,102,43
62,102,44
62,102,45
62,102,46
62,102,47
62,102,48
62,102,49
62,102,50
62,103,38
62,103,39
62,103,40
62,103,41
62,103,42
62,103,43
62,103,44
62,103,45
62,103,46
62,103,47
62,103,48
62,103,49
62,103,50
62,104,38
62,104,39
62,104,40
62,104,41
62,104,42
62,104,43
62,104,44
62,104,45
62,104,46
62,104,47
62,104,48
62,104,49
62,104,50
62,105,38
62,105,39
62,105,40
62,105,41
62,105,42
62,105,43
62,105,44
62,105,45
62,105,46
62,105,47
62,105,48
62,105,49
62,105,50
62,106,38
62,106,39
62,106,40
62,106,41
62,106,42
62,106,43
62,106,44
62,106,45
62,106,46
62,106,47
62,106,48
62,106,49
62,106,50
62,107,38
62,107,39
62,107,40
62,107,41
62,107,42
62,107,43
62,107,44
62,107,45
62,107,46
62,107,47
62,107,48
62,107,49
62,108,38
62,108,39
62,108,40
62,108,41
62,108,42
62,108,43
62,108,44
62,108,45
62,108,46
62,108,47
62,108,48
62,108,49
62,109,38
62,109,39
62,109,40
62,109,41
62,109,42
62,109,43
62,109,44
62,109,45
62,109,46
62,109,47
62,109,48
62,109,49
62,110,38
62,110,39
62,110,40
62,110,41
62,110,42
62,110,43
62,110,44
62,110,45
62,110,46
62,110,47
62,110,48
62,110,49
62,111,38
62,111,39
62,111,40
62,111,41
62,111,42
62,111,43
62,111,44
62,111,45
62,111,46
62,111,47
62,111,48
62,111,49
62,112,39
62,112,40
62,112,41
62,112,42
62,112,43
62,112,44
62,112,45
62,112,46
62,112,47
62,112,48
62,113,39
62,113,40
62,113,41
62,113,42
62,113,43
62,113,44
62,113,45
62,113,46
62,113,47
62,113,48
62,114,39
62,114,40
62,114,41
62,114,42
62,114,43
62,114,44
62,114,45
62,114,46
62,114,47
62,114,48
62,115,40
62,115,41
62,115,42
62,115,43
62,115,44
62,115,45
62,115,46
62,115,47
62,116,41
62,116,42
62,116,43
62,116,44
63,93,46
63,93,47
63,94,48
63,95,46
63,95,47
63,95,48
63,95,49
63,96,45
63,96,46
63,96,47
63,96,48
63,96,49
63,97,44
63,97,45
63,97,46
63,97,47
63,97,48
63,97,49
63,97,50
63,98,42
63,98,43
63,98,44
63,98,45
63,98,46
63,98,47
63,98,48
63,98,49
63,98,50
63,99,41
63,99,42
63,99,43
63,99,44
63,99,45
63,99,46
63,99,47
63,99,48
63,99,49
63,99,50
63,100,40
63,100,41
63,100,42
63,100,43
63,100,44
63,100,45
63,100,46
63,100,47
63,100,48
63,100,49
63,100,50
63,101,39
63,101,40
63,101,41
63,101,42
63,101,43
63,101,44
63,101,45
63,101,46
63,101,47
63,101,48
63,101,49
63,101,50
63,102,39
63,102,40
63,102,41
63,102,42
63,102,43
63,102,44
63,102,45
63,102,46
63,102,47
63,102,48
63,102,49
63,102,50
63,103,37
63,103,38
63,103,39
63,103,40
63,103,41
63,103,42
63,103,43
63,103,44
63,103,45
63,103,46
63,103,47
63,103,48
63,103,49
63,103,50
63,104,37
63,104,38
63,104,39
63,104,40
63,104,41
63,104,42
63,104,43
63,104,44
63,104,45
63,104,46
63,104,47
63,104,48
63,104,49
63,104,50
63,105,37
63,105,38
63,105,39
63,105,40
63,105,41
63,105,42
63,105,43
63,105,44
63,105,45
63,105,46
63,105,47
63,105,48
63,105,49
63,105,50
63,106,37
63,106,38
63,106,39
63,106,40
63,106,41
63,106,42
63,106,43
63,106,44
63,106,45
63,106,46
63,106,47
63,106,48
63,106,49
63,106,50
63,107,37
63,107,38
63,107,39
63,107,40
63,107,41
63,107,42
63,107,43
63,107,44
63,107,45
63,107,46
63,107,47
63,107,48
63,107,49
63,108,37
63,108,38
63,108,39
63,108,40
63,108,41
63,108,42
63,108,43
63,108,44
63,108,45
63,108,46
63,108,47
63,108,48
63,108,49
63,109,37
63,109,38
63,109,39
63,109,40
63,109,41
63,109,42
63,109,43
63,109,44
63,109,45
63,109,46
63,109,47
63,109,48
63,109,49
63,110,37
63,110,38
63,110,39
63,110,40
63,110,41
63,110,42
63,110,43
63,110,44
63,110,45
63,110,46
63,110,47
63,110,48
63,110,49
63,111,37
63,111,38
63,111,39
63,111,40
63,111,41
63,111,42
63,111,43
63,111,44
63,111,45
63,111,46
63,111,47
63,111,48
63,111,49
63,112,37
63,112,38
63,112,39
63,112,40
63,112,41
63,112,42
63,112,43
63,112,44
63,112,45
63,112,46
63,112,47
63,112,48
63,113,38
63,113,39
63,113,40
63,113,41
63,113,42
63,113,43
63,113,44
63,113,45
63,113,46
63,113,47
63,113,48
63,114,37
63,114,38
63,114,39
63,114,40
63,114,41
63,114,42
63,114,43
63,114,44
63,114,45
63,114,46
63,114,47
63,114,48
63,115,37
63,115,38
63,115,39
63,115,40
63,115,41
63,115,42
63,115,43
63,115,44
63,115,45
63,115,46
63,115,47
63,115,48
63,116,37
63,116,38
63,116,39
63,116,40
63,116,41
63,116,42
63,116,43
63,116,44
63,116,45
63,116,46
63,116,47
63,117,37
63,117,38
63,117,39
63,117,40
63,117,41
63,117,42
63,117,43
63,117,44
63,118,38
63,118,39
63,118,40
63,118,41
64,93,46
64,93,47
64,95,46
64,95,47
64,95,48
64,96,46
64,96,47
64,96,48
64,96,49
64,97,46
64,97,47
64,97,48
64,97,49
64,97,50
64,98,43
64,98,44
64,98,45
64,98,46
64,98,47
64,98,48
64,98,49
64,99,42
64,99,43
64,99,44
64,99,45
64,99,46
64,99,47
64,99,48
64,99,49
64,99,50
64,100,40
64,100,41
64,100,42
64,100,43
64,100,44
64,100,45
64,100,46
64,100,47
64,100,48
64,100,49
64,100,50
64,101,39
64,101,40
64,101,41
64,101,42
64,101,43
64,101,44
64,101,45
64,101,46
64,101,47
64,101,48
64,101,49
64,101,50
64,102,39
64,102,40
64,102,41
64,102,42
64,102,43
64,102,44
64,102,45
64,102,46
64,102,47
64,102,48
64,102,49
64,102,50
64,103,38
64,103,39
64,103,40
64,103,41
64,103,42
64,103,43
64,103,44
64,103,45
64,103,46
64,103,47
64,103,48
64,103,49
64,103,50
64,104,37
64,104,38
64,104,39
64,104,40
64,104,41
64,104,42
64,104,43
64,104,44
64,104,45
64,104,46
64,104,47
64,104,48
64,104,49
64,104,50
64,105,36
64,105,37
64,105,38
64,105,39
64,105,40
64,105,41
64,105,42
64,105,43
64,105,44
64,105,45
64,105,46
64,105,47
64,105,48
64,105,49
64,105,50
64,106,36
64,106,37
64,106,38
64,106,39
64,106,40
64,106,41
64,106,42
64,106,43
64,106,44
64,106,45
64,106,46
64,106,47
64,106,48
64,106,49
64,106,50
64,107,36
64,107,37
64,107,38
64,107,39
64,107,40
64,107,41
64,107,42
64,107,43
64,107,44
64,107,45
64,107,46
64,107,47
64,107,48
64,107,49
64,108,36
64,108,37
64,108,38
64,108,39
64,108,40
64,108,41
64,108,42
64,108,43
64,108,44
64,108,45
64,108,46
64,108,47
64,108,48
64,108,49
64,109,36
64,109,37
64,109,38
64,109,39
64,109,40
64,109,41
64,109,42
64,109,43
64,109,44
64,109,45
64,109,46
64,109,47
64,109,48
64,109,49
64,110,35
64,110,36
64,110,37
64,110,38
64,110,39
64,110,40
64,110,41
64,110,42
64,110,43
64,110,44
64,110,45
64,110,46
64,110,47
64,110,48
64,110,49
64,111,33
64,111,34
64,111,35
64,111,36
64,111,37
64,111,38
64,111,39
64,111,40
64,111,41
64,111,42
64,111,43
64,111,44
64,111,45
64,111,46
64,111,47
64,111,48
64,111,49
64,112,32
64,112,33
64,112,34
64,112,35
64,112,36
64,112,37
64,112,38
64,112,39
64,112,40
64,112,41
64,112,42
64,112,43
64,112,44
64,112,45
64,112,46
64,112,47
64,112,48
64,112,49
64,113,32
64,113,33
64,113,34
64,113,35
64,113,36
64,113,37
64,113,38
64,113,39
64,113,40
64,113,41
64,113,42
64,113,43
64,113,44
64,113,45
64,113,46
64,113,47
64,113,48
64,114,31
64,114,32
64,114,33
64,114,34
64,114,35
64,114,36
64,114,37
64,114,38
64,114,39
64,114,40
64,114,41
64,114,42
64,114,43
64,114,44
64,114,45
64,114,46
64,114,47
64,114,48
64,115,31
64,115,32
64,115,33
64,115,34
64,115,35
64,115,36
64,115,37
64,115,38
64,115,39
64,115,40
64,115,41
64,115,42
64,115,43
64,115,44
64,115,45
64,115,46
64,115,47
64,115,48
64,116,31
64,116,32
64,116,33
64,116,34
64,116,35
64,116,36
64,116,37
64,116,38
64,116,39
64,116,40
64,116,41
64,116,42
64,116,43
64,116,44
64,116,45
64,116,46
64,116,47
64,116,48
64,117,31
64,117,32
64,117,33
64,117,34
64,117,35
64,117,36
64,117,37
64,117,38
64,117,39
64,117,40
64,117,41
64,117,42
64,117,43
64,117,44
64,117,45
64,117,46
64,117,47
64,118,31
64,118,32
64,118,33
64,118,34
64,118,35
64,118,36
64,118,37
64,118,38
64,118,39
64,118,40
64,118,41
64,118,42
64,118,43
64,118,44
64,118,45
64,119,31
64,119,32
64,119,33
64,119,34
64,119,35
64,119,36
64,119,37
64,119,38
64,119,39
64,119,40
64,119,41
64,119,42
64,119,43
64,120,31
64,120,32
64,120,33
64,120,34
64,120,35
64,120,36
64,120,37
64,120,38
64,120,39
64,120,40
64,120,41
64,121,31
64,121,32
64,121,33
64,121,34
64,121,35
64,121,36
64,121,37
64,121,38
64,121,39
65,93,47
65,95,47
65,96,46
65,96,47
65,97,47
65,97,48
65,98,44
65,98,45
65,98,46
65,98,47
65,98,48
65,98,49
65,99,42
65,99,43
65,99,44
65,99,45
65,99,46
65,99,47
65,99,48
65,99,49
65,100,41
65,100,42
65,100,43
65,100,44
65,100,45
65,100,46
65,100,47
65,100,48
65,100,49
65,101,40
65,101,41
65,101,42
65,101,43
65,101,44
65,101,45
65,101,46
65,101,47
65,101,48
65,101,49
65,101,50
65,102,39
65,102,40
65,102,41
65,102,42
65,102,43
65,102,44
65,102,45
65,102,46
65,102,47
65,102,48
65,102,49
65,102,50
65,103,38
65,103,39
65,103,40
65,103,41
65,103,42
65,103,43
65,103,44
65,103,45
65,103,46
65,103,47
65,103,48
65,103,49
65,103,50
65,104,37
65,104,38
65,104,39
65,104,40
65,104,41
65,104,42
65,104,43
65,104,44
65,104,45
65,104,46
65,104,47
65,104,48
65,104,49
65,104,50
65,105,36
65,105,37
65,105,38
65,105,39
65,105,40
65,105,41
65,105,42
65,105,43
65,105,44
65,105,45
65,105,46
65,105,47
65,105,48
65,105,49
65,105,50
65,106,35
65,106,36
65,106,37
65,106,38
65,106,39
65,106,40
65,106,41
65,106,42
65,106,43
65,106,44
65,106,45
65,106,46
65,106,47
65,106,48
65,106,49
65,107,35
65,107,36
65,107,37
65,107,38
65,107,39
65,107,40
65,107,41
65,107,42
65,107,43
65,107,44
65,107,45
65,107,46
65,107,47
65,107,48
65,107,49
65,108,34
65,108,35
65,108,36
65,108,37
65,108,38
65,108,39
65,108,40
65,108,41
65,108,42
65,108,43
65,108,44
65,108,45
65,108,46
65,108,47
65,108,48
65,108,49
65,109,34
65,109,35
65,109,36
65,109,37
65,109,38
65,109,39
65,109,40
65,109,41
65,109,42
65,109,43
65,109,44
65,109,45
65,109,46
65,109,47
65,109,48
65,109,49
65,110,32
65,110,33
65,110,34
65,110,35
65,110,36
65,110,37
65,110,38
65,110,39
65,110,40
65,110,41
65,110,42
65,110,43
65,110,44
65,110,45
65,110,46
65,110,47
65,110,48
65,110,49
65,111,31
65,111,32
65,111,33
65,111,34
65,111,35
65,111,36
65,111,37
65,111,38
65,111,39
65,111,40
65,111,41
65,111,42
65,111,43
65,111,44
65,111,45
65,111,46
65,111,47
65,111,48
65,111,49
65,112,31
65,112,32
65,112,33
65,112,34
65,112,35
65,112,36
65,112,37
65,112,38
65,112,39
65,112,40
65,112,41
65,112,42
65,112,43
65,112,44
65,112,45
65,112,46
65,112,47
65,112,48
65,112,49
65,113,31
65,113,32
65,113,33
65,113,34
65,113,35
65,113,36
65,113,37
65,113,38
65,113,39
65,113,40
65,113,41
65,113,42
65,113,43
65,113,44
65,113,45
65,113,46
65,113,47
65,113,48
65,113,49
65,114,31
65,114,32
65,114,33
65,114,34
65,114,35
65,114,36
65,114,37
65,114,38
65,114,39
65,114,40
65,114,41
65,114,42
65,114,43
65,114,44
65,114,45
65,114,46
65,114,47
65,114,48
65,115,31
65,115,32
65,115,33
65,115,34
65,115,35
65,115,36
65,115,37
65,115,38
65,115,39
65,115,40
65,115,41
65,115,42
65,115,43
65,115,44
65,115,45
65,115,46
65,115,47
65,115,48
65,116,31
65,116,32
65,116,33
65,116,34
65,116,35
65,116,36
65,116,37
65,116,38
65,116,39
65,116,40
65,116,41
65,116,42
65,116,43
65,116,44
65,116,45
65,116,46
65,116,47
65,116,48
65,117,30
65,117,31
65,117,32
65,117,33
65,117,34
65,117,35
65,117,36
65,117,37
65,117,38
65,117,39
65,117,40
65,117,41
65,117,42
65,117,43
65,117,44
65,117,45
65,117,46
65,117,47
65,118,31
65,118,32
65,118,33
65,118,34
65,118,35
65,118,36
65,118,37
65,118,38
65,118,39
65,118,40
65,118,41
65,118,42
65,118,43
65,118,44
65,118,45
65,118,46
65,118,47
65,119,30
65,119,31
65,119,32
65,119,33
65,119,34
65,119,35
65,119,36
65,119,37
65,119,38
65,119,39
65,119,40
65,119,41
65,119,42
65,119,43
65,119,44
65,119,45
65,120,30
65,120,31
65,120,32
65,120,33
65,120,34
65,120,35
65,120,36
65,120,37
65,120,38
65,120,39
65,120,40
65,120,41
65,120,42
65,120,43
65,120,44
65,121,31
65,121,32
65,121,33
65,121,34
65,121,35
65,121,36
65,121,37
65,121,38
65,121,39
65,121,40
65,121,41
65,121,42
65,122,35
65,122,36
65,122,37
65,122,38
65,122,39
65,122,40
65,122,41
66,98,45
66,98,48
66,99,44
66,99,45
66,99,46
66,99,47
66,99,48
66,100,41
66,100,42
66,100,43
66,100,44
66,100,45
66,100,46
66,100,47
66,100,48
66,100,49
66,101,40
66,101,41
66,101,42
66,101,43
66,101,44
66,101,45
66,101,46
66,101,47
66,101,48
66,101,49
66,102,39
66,102,40
66,102,41
66,102,42
66,102,43
66,102,44
66,102,45
66,102,46
66,102,47
66,102,48
66,102,49
66,103,38
66,103,39
66,103,40
66,103,41
66,103,42
66,103,43
66,103,44
66,103,45
66,103,46
66,103,47
66,103,48
66,103,49
66,104,37
66,104,38
66,104,39
66,104,40
66,104,41
66,104,42
66,104,43
66,104,44
66,104,45
66,104,46
66,104,47
66,104,48
66,104,49
66,105,36
66,105,37
66,105,38
66,105,39
66,105,40
66,105,41
66,105,42
66,105,43
66,105,44
66,105,45
66,105,46
66,105,47
66,105,48
66,105,49
66,106,35
66,106,36
66,106,37
66,106,38
66,106,39
66,106,40
66,106,41
66,106,42
66,106,43
66,106,44
66,106,45
66,106,46
66,106,47
66,106,48
66,106,49
66,107,36
66,107,37
66,107,38
66,107,39
66,107,40
66,107,41
66,107,42
66,107,43
66,107,44
66,107,45
66,107,46
66,107,47
66,107,48
66,107,49
66,108,35
66,108,36
66,108,37
66,108,38
66,108,39
66,108,40
66,108,41
66,108,42
66,108,43
66,108,44
66,108,45
66,108,46
66,108,47
66,108,48
66,108,49
66,109,34
66,109,35
66,109,36
66,109,37
66,109,38
66,109,39
66,109,40
66,109,41
66,109,42
66,109,43
66,109,44
66,109,45
66,109,46
66,109,47
66,109,48
66,109,49
66,110,31
66,110,32
66,110,33
66,110,34
66,110,35
66,110,36
66,110,37
66,110,38
66,110,39
66,110,40
66,110,41
66,110,42
66,110,43
66,110,44
66,110,45
66,110,46
66,110,47
66,110,48
66,110,49
66,111,31
66,111,32
66,111,33
66,111,34
66,111,35
66,111,36
66,111,37
66,111,38
66,111,39
66,111,40
66,111,41
66,111,42
66,111,43
66,111,44
66,111,45
66,111,46
66,111,47
66,111,48
66,111,49
66,112,31
66,112,32
66,112,33
66,112,34
66,112,35
66,112,36
66,112,37
66,112,38
66,112,39
66,112,40
66,112,41
66,112,42
66,112,43
66,112,44
66,112,45
66,112,46
66,112,47
66,112,48
66,112,49
66,113,31
66,113,32
66,113,33
66,113,34
66,113,35
66,113,36
66,113,37
66,113,38
66,113,39
66,113,40
66,113,41
66,113,42
66,113,43
66,113,44
66,113,45
66,113,46
66,113,47
66,113,48
66,113,49
66,114,31
66,114,32
66,114,33
66,114,34
66,114,35
66,114,36
66,114,37
66,114,38
66,114,39
66,114,40
66,114,41
66,114,42
66,114,43
66,114,44
66,114,45
66,114,46
66,114,47
66,114,48
66,115,31
66,115,32
66,115,33
66,115,34
66,115,35
66,115,36
66,115,37
66,115,38
66,115,39
66,115,40
66,115,41
66,115,42
66,115,43
66,115,44
66,115,45
66,115,46
66,115,47
66,115,48
66,116,31
66,116,32
66,116,33
66,116,34
66,116,35
66,116,36
66,116,37
66,116,38
66,116,39
66,116,40
66,116,41
66,116,42
66,116,43
66,116,44
66,116,45
66,116,46
66,116,47
66,116,48
66,117,30
66,117,31
66,117,32
66,117,33
66,117,34
66,117,35
66,117,36
66,117,37
66,117,38
66,117,39
66,117,40
66,117,41
66,117,42
66,117,43
66,117,44
66,117,45
66,117,46
66,117,47
66,117,48
66,118,31
66,118,32
66,118,33
66,118,34
66,118,35
66,118,36
66,118,37
66,118,38
66,118,39
66,118,40
66,118,41
66,118,42
66,118,43
66,118,44
66,118,45
66,118,46
66,118,47
66,119,30
66,119,31
66,119,32
66,119,33
66,119,34
66,119,35
66,119,36
66,119,37
66,119,38
66,119,39
66,119,40
66,119,41
66,119,42
66,119,43
66,119,44
66,119,45
66,119,46
66,119,47
66,120,31
66,120,32
66,120,33
66,120,34
66,120,35
66,120,36
66,120,37
66,120,38
66,120,39
66,120,40
66,120,41
66,120,42
66,120,43
66,120,44
66,120,45
66,120,46
66,121,31
66,121,32
66,121,33
66,121,34
66,121,35
66,121,36
66,121,37
66,121,38
66,121,39
66,121,40
66,121,41
66,121,42
66,121,43
66,121,44
66,121,45
66,122,36
66,122,37
66,122,38
66,122,39
66,122,40
66,122,41
66,122,42
66,122,43
66,122,44
66,123,41
66,123,42
66,123,43
67,99,45
67,99,47
67,100,42
67,100,43
67,100,44
67,100,45
67,100,46
67,100,47
67,101,40
67,101,41
67,101,42
67,101,43
67,101,44
67,101,45
67,101,46
67,101,47
67,101,48
67,102,39
67,102,40
67,102,41
67,102,42
67,102,43
67,102,44
67,102,45
67,102,46
67,102,47
67,102,48
67,103,38
67,103,39
67,103,40
67,103,41
67,103,42
67,103,43
67,103,44
67,103,45
67,103,46
67,103,47
67,103,48
67,103,49
67,104,38
67,104,39
67,104,40
67,104,41
67,104,42
67,104,43
67,104,44
67,104,45
67,104,46
67,104,47
67,104,48
67,104,49
67,105,35
67,105,36
67,105,37
67,105,38
67,105,39
67,105,40
67,105,41
67,105,42
67,105,43
67,105,44
67,105,45
67,105,46
67,105,47
67,105,48
67,105,49
67,106,36
67,106,37
67,106,38
67,106,39
67,106,40
67,106,41
67,106,42
67,106,43
67,106,44
67,106,45
67,106,46
67,106,47
67,106,48
67,106,49
67,107,37
67,107,38
67,107,39
67,107,40
67,107,41
67,107,42
67,107,43
67,107,44
67,107,45
67,107,46
67,107,47
67,107,48
67,107,49
67,108,38
67,108,39
67,108,40
67,108,41
67,108,42
67,108,43
67,108,44
67,108,45
67,108,46
67,108,47
67,108,48
67,108,49
67,109,35
67,109,36
67,109,37
67,109,38
67,109,39
67,109,40
67,109,41
67,109,42
67,109,43
67,109,44
67,109,45
67,109,46
67,109,47
67,109,48
67,109,49
67,110,32
67,110,33
67,110,34
67,110,35
67,110,36
67,110,37
67,110,38
67,110,39
67,110,40
67,110,41
67,110,42
67,110,43
67,110,44
67,110,45
67,110,46
67,110,47
67,110,48
67,110,49
67,111,32
67,111,33
67,111,34
67,111,35
67,111,36
67,111,37
67,111,38
67,111,39
67,111,40
67,111,41
67,111,42
67,111,43
67,111,44
67,111,45
67,111,46
67,111,47
67,111,48
67,111,49
67,112,32
67,112,33
67,112,34
67,112,35
67,112,36
67,112,37
67,112,38
67,112,39
67,112,40
67,112,41
67,112,42
67,112,43
67,112,44
67,112,45
67,112,46
67,112,47
67,112,48
67,112,49
67,113,31
67,113,32
67,113,33
67,113,34
67,113,35
67,113,36
67,113,37
67,113,38
67,113,39
67,113,40
67,113,41
67,113,42
67,113,43
67,113,44
67,113,45
67,113,46
67,113,47
67,113,48
67,113,49
67,114,32
67,114,33
67,114,34
67,114,35
67,114,36
67,114,37
67,114,38
67,114,39
67,114,40
67,114,41
67,114,42
67,114,43
67,114,44
67,114,45
67,114,46
67,114,47
67,114,48
67,115,30
67,115,31
67,115,32
67,115,33
67,115,34
67,115,35
67,115,36
67,115,37
67,115,38
67,115,39
67,115,40
67,115,41
67,115,42
67,115,43
67,115,44
67,115,45
67,115,46
67,115,47
67,115,48
67,116,32
67,116,33
67,116,34
67,116,35
67,116,36
67,116,37
67,116,38
67,116,39
67,116,40
67,116,41
67,116,42
67,116,43
67,116,44
67,116,45
67,116,46
67,116,47
67,116,48
67,117,30
67,117,31
67,117,32
67,117,33
67,117,34
67,117,35
67,117,36
67,117,37
67,117,38
67,117,39
67,117,40
67,117,41
67,117,42
67,117,43
67,117,44
67,117,45
67,117,46
67,117,47
67,117,48
67,118,31
67,118,32
67,118,33
67,118,34
67,118,35
67,118,36
67,118,37
67,118,38
67,118,39
67,118,40
67,118,41
67,118,42
67,118,43
67,118,44
67,118,45
67,118,46
67,118,47
67,118,48
67,119,30
67,119,31
67,119,32
67,119,33
67,119,34
67,119,35
67,119,36
67,119,37
67,119,38
67,119,39
67,119,40
67,119,41
67,119,42
67,119,43
67,119,44
67,119,45
67,119,46
67,119,47
67,120,31
67,120,32
67,120,33
67,120,34
67,120,35
67,120,36
67,120,37
67,120,38
67,120,39
67,120,40
67,120,41
67,120,42
67,120,43
67,120,44
67,120,45
67,120,46
67,120,47
67,121,31
67,121,32
67,121,33
67,121,34
67,121,35
67,121,36
67,121,37
67,121,38
67,121,39
67,121,40
67,121,41
67,121,42
67,121,43
67,121,44
67,121,45
67,121,46
67,122,37
67,122,38
67,122,39
67,122,40
67,122,41
67,122,42
67,122,43
67,122,44
67,122,45
67,123,40
67,123,41
67,123,42
67,123,43
67,123,44
67,123,45
68,99,47
68,100,43
68,100,44
68,100,46
68,101,41
68,101,42
68,101,43
68,101,44
68,101,45
68,101,46
68,101,47
68,102,39
68,102,40
68,102,41
68,102,42
68,102,43
68,102,44
68,102,45
68,102,46
68,102,47
68,102,48
68,103,38
68,103,39
68,103,40
68,103,41
68,103,42
68,103,43
68,103,44
68,103,45
68,103,46
68,103,47
68,103,48
68,104,39
68,104,40
68,104,41
68,104,42
68,104,43
68,104,44
68,104,45
68,104,46
68,104,47
68,104,48
68,105,36
68,105,37
68,105,38
68,105,39
68,105,40
68,105,41
68,105,42
68,105,43
68,105,44
68,105,45
68,105,46
68,105,47
68,105,48
68,106,37
68,106,38
68,106,39
68,106,40
68,106,41
68,106,42
68,106,43
68,106,44
68,106,45
68,106,46
68,106,47
68,106,48
68,107,38
68,107,39
68,107,40
68,107,41
68,107,42
68,107,43
68,107,44
68,107,45
68,107,46
68,107,47
68,107,48
68,107,49
68,108,39
68,108,40
68,108,41
68,108,42
68,108,43
68,108,44
68,108,45
68,108,46
68,108,47
68,108,48
68,108,49
68,109,36
68,109,37
68,109,38
68,109,39
68,109,40
68,109,41
68,109,42
68,109,43
68,109,44
68,109,45
68,109,46
68,109,47
68,109,48
68,109,49
68,110,32
68,110,33
68,110,34
68,110,35
68,110,36
68,110,37
68,110,38
68,110,39
68,110,40
68,110,41
68,110,42
68,110,43
68,110,44
68,110,45
68,110,46
68,110,47
68,110,48
68,110,49
68,111,32
68,111,33
68,111,34
68,111,35
68,111,36
68,111,37
68,111,38
68,111,39
68,111,40
68,111,41
68,111,42
68,111,43
68,111,44
68,111,45
68,111,46
68,111,47
68,111,48
68,111,49
68,112,32
68,112,33
68,112,34
68,112,35
68,112,36
68,112,37
68,112,38
68,112,39
68,112,40
68,112,41
68,112,42
68,112,43
68,112,44
68,112,45
68,112,46
68,112,47
68,112,48
68,112,49
68,113,32
68,113,33
68,113,34
68,113,35
68,113,36
68,113,37
68,113,38
68,113,39
68,113,40
68,113,41
68,113,42
68,113,43
68,113,44
68,113,45
68,113,46
68,113,47
68,113,48
68,114,33
68,114,34
68,114,35
68,114,36
68,114,37
68,114,38
68,114,39
68,114,40
68,114,41
68,114,42
68,114,43
68,114,44
68,114,45
68,114,46
68,114,47
68,114,48
68,115,31
68,115,32
68,115,33
68,115,34
68,115,35
68,115,36
68,115,37
68,115,38
68,115,39
68,115,40
68,115,41
68,115,42
68,115,43
68,115,44
68,115,45
68,115,46
68,115,47
68,115,48
68,116,33
68,116,34
68,116,35
68,116,36
68,116,37
68,116,38
68,116,39
68,116,40
68,116,41
68,116,42
68,116,43
68,116,44
68,116,45
68,116,46
68,116,47
68,116,48
68,117,31
68,117,32
68,117,33
68,117,34
68,117,35
68,117,36
68,117,37
68,117,38
68,117,39
68,117,40
68,117,41
68,117,42
68,117,43
68,117,44
68,117,45
68,117,46
68,117,47
68,117,48
68,118,32
68,118,33
68,118,34
68,118,35
68,118,36
68,118,37
68,118,38
68,118,39
68,118,40
68,118,41
68,118,42
68,118,43
68,118,44
68,118,45
68,118,46
68,118,47
68,118,48
68,119,31
68,119,32
68,119,33
68,119,34
68,119,35
68,119,36
68,119,37
68,119,38
68,119,39
68,119,40
68,119,41
68,119,42
68,119,43
68,119,44
68,119,45
68,119,46
68,119,47
68,120,32
68,120,33
68,120,34
68,120,35
68,120,36
68,120,37
68,120,38
68,120,39
68,120,40
68,120,41
68,120,42
68,120,43
68,120,44
68,120,45
68,120,46
68,120,47
68,121,32
68,121,33
68,121,34
68,121,35
68,121,36
68,121,37
68,121,38
68,121,39
68,121,40
68,121,41
68,121,42
68,121,43
68,121,44
68,121,45
68,121,46
68,122,38
68,122,39
68,122,40
68,122,41
68,122,42
68,122,43
68,122,44
68,122,45
68,122,46
68,123,40
68,123,41
68,123,42
68,123,43
68,123,44
68,123,45
69,100,46
69,101,45
69,102,39
69,102,40
69,102,41
69,102,42
69,102,43
69,102,44
69,102,45
69,102,46
69,103,38
69,103,39
69,103,40
69,103,41
69,103,42
69,103,43
69,103,44
69,103,45
69,103,46
69,103,47
69,103,48
69,104,43
69,104,44
69,104,45
69,104,46
69,104,47
69,104,48
69,105,37
69,105,38
69,105,39
69,105,40
69,105,41
69,105,42
69,105,43
69,105,44
69,105,45
69,105,46
69,105,47
69,105,48
69,106,38
69,106,39
69,106,40
69,106,41
69,106,42
69,106,43
69,106,44
69,106,45
69,106,46
69,106,47
69,106,48
69,107,43
69,107,44
69,107,45
69,107,46
69,107,47
69,107,48
69,108,43
69,108,44
69,108,45
69,108,46
69,108,47
69,108,48
69,109,39
69,109,40
69,109,41
69,109,42
69,109,43
69,109,44
69,109,45
69,109,46
69,109,47
69,109,48
69,110,33
69,110,34
69,110,35
69,110,36
69,110,37
69,110,38
69,110,39
69,110,40
69,110,41
69,110,42
69,110,43
69,110,44
69,110,45
69,110,46
69,110,47
69,110,48
69,111,34
69,111,35
69,111,36
69,111,37
69,111,38
69,111,39
69,111,40
69,111,41
69,111,42
69,111,43
69,111,44
69,111,45
69,111,46
69,111,47
69,111,48
69,112,35
69,112,36
69,112,37
69,112,38
69,112,39
69,112,40
69,112,41
69,112,42
69,112,43
69,112,44
69,112,45
69,112,46
69,112,47
69,112,48
69,113,34
69,113,35
69,113,36
69,113,37
69,113,38
69,113,39
69,113,40
69,113,41
69,113,42
69,113,43
69,113,44
69,113,45
69,113,46
69,113,47
69,113,48
69,114,35
69,114,36
69,114,37
69,114,38
69,114,39
69,114,40
69,114,41
69,114,42
69,114,43
69,114,44
69,114,45
69,114,46
69,114,47
69,114,48
69,115,32
69,115,33
69,115,34
69,115,35
69,115,36
69,115,37
69,115,38
69,115,39
69,115,40
69,115,41
69,115,42
69,115,43
69,115,44
69,115,45
69,115,46
69,115,47
69,115,48
69,116,34
69,116,35
69,116,36
69,116,37
69,116,38
69,116,39
69,116,40
69,116,41
69,116,42
69,116,43
69,116,44
69,116,45
69,116,46
69,116,47
69,116,48
69,117,32
69,117,33
69,117,34
69,117,35
69,117,36
69,117,37
69,117,38
69,117,39
69,117,40
69,117,41
69,117,42
69,117,43
69,117,44
69,117,45
69,117,46
69,117,47
69,117,48
69,118,33
69,118,34
69,118,35
69,118,36
69,118,37
69,118,38
69,118,39
69,118,40
69,118,41
69,118,42
69,118,43
69,118,44
69,118,45
69,118,46
69,118,47
69,118,48
69,119,32
69,119,33
69,119,34
69,119,35
69,119,36
69,119,37
69,119,38
69,119,39
69,119,40
69,119,41
69,119,42
69,119,43
69,119,44
69,119,45
69,119,46
69,119,47
69,120,33
69,120,34
69,120,35
69,120,36
69,120,37
69,120,38
69,120,39
69,120,40
69,120,41
69,120,42
69,120,43
69,120,44
69,120,45
69,120,46
69,121,33
69,121,34
69,121,35
69,121,36
69,121,37
69,121,38
69,121,39
69,121,40
69,121,41
69,121,42
69,121,43
69,121,44
69,121,45
69,121,46
69,122,39
69,122,40
69,122,41
69,122,42
69,122,43
69,122,44
69,122,45
69,122,46
69,123,40
69,123,41
69,123,42
69,123,43
69,123,44
69,123,45
70,102,44
70,103,38
70,103,39
70,103,40
70,103,41
70,103,42
70,103,43
70,103,44
70,103,48
70,104,44
70,104,45
70,104,46
70,104,47
70,104,48
70,105,41
70,105,42
70,105,43
70,105,44
70,105,45
70,105,46
70,105,47
70,106,45
70,106,46
70,106,47
70,109,42
70,109,43
70,109,44
70,109,45
70,109,46
70,109,47
70,110,36
70,110,37
70,110,38
70,110,39
70,110,40
70,110,41
70,110,42
70,110,43
70,110,44
70,110,45
70,110,46
70,110,47
70,111,38
70,111,39
70,111,40
70,111,41
70,111,42
70,111,43
70,111,44
70,111,45
70,111,46
70,111,47
70,111,48
70,112,37
70,112,38
70,112,39
70,112,40
70,112,41
70,112,42
70,112,43
70,112,44
70,112,45
70,112,46
70,112,47
70,112,48
70,113,37
70,113,38
70,113,39
70,113,40
70,113,41
70,113,42
70,113,43
70,113,44
70,113,45
70,113,46
70,113,47
70,113,48
70,114,37
70,114,38
70,114,39
70,114,40
70,114,41
70,114,42
70,114,43
70,114,44
70,114,45
70,114,46
70,114,47
70,114,48
70,115,35
70,115,36
70,115,37
70,115,38
70,115,39
70,115,40
70,115,41
70,115,42
70,115,43
70,115,44
70,115,45
70,115,46
70,115,47
70,115,48
70,116,36
70,116,37
70,116,38
70,116,39
70,116,40
70,116,41
70,116,42
70,116,43
70,116,44
70,116,45
70,116,46
70,116,47
70,116,48
70,117,34
70,117,35
70,117,36
70,117,37
70,117,38
70,117,39
70,117,40
70,117,41
70,117,42
70,117,43
70,117,44
70,117,45
70,117,46
70,117,47
70,118,34
70,118,35
70,118,36
70,118,37
70,118,38
70,118,39
70,118,40
70,118,41
70,118,42
70,118,43
70,118,44
70,118,45
70,118,46
70,118,47
70,119,33
70,119,34
70,119,35
70,119,36
70,119,37
70,119,38
70,119,39
70,119,40
70,119,41
70,119,42
70,119,43
70,119,44
70,119,45
70,119,46
70,119,47
70,120,34
70,120,35
70,120,36
70,120,37
70,120,38
70,120,39
70,120,40
70,120,41
70,120,42
70,120,43
70,120,44
70,120,45
70,120,46
70,121,35
70,121,36
70,121,37
70,121,38
70,121,39
70,121,40
70,121,41
70,121,42
70,121,43
70,121,44
70,121,45
70,121,46
70,122,40
70,122,41
70,122,42
70,122,43
70,122,44
70,122,45
70,123,41
70,123,42
70,123,43
71,103,39
71,103,40
71,103,43
71,103,44
71,104,45
71,105,44
71,105,45
71,105,46
71,110,39
71,110,40
71,110,41
71,110,42
71,110,43
71,110,44
71,110,45
71,110,46
71,110,47
71,111,40
71,111,41
71,111,42
71,111,43
71,111,44
71,111,45
71,111,46
71,111,47
71,112,39
71,112,40
71,112,41
71,112,42
71,112,43
71,112,44
71,112,45
71,112,46
71,112,47
71,113,39
71,113,40
71,113,41
71,113,42
71,113,43
71,113,44
71,113,45
71,113,46
71,113,47
71,114,39
71,114,40
71,114,41
71,114,42
71,114,43
71,114,44
71,114,45
71,114,46
71,114,47
71,115,37
71,115,38
71,115,39
71,115,40
71,115,41
71,115,42
71,115,43
71,115,44
71,115,45
71,115,46
71,115,47
71,116,38
71,116,39
71,116,40
71,116,41
71,116,42
71,116,43
71,116,44
71,116,45
71,116,46
71,116,47
71,117,35
71,117,36
71,117,37
71,117,38
71,117,39
71,117,40
71,117,41
71,117,42
71,117,43
71,117,44
71,117,45
71,117,46
71,117,47
71,118,35
71,118,36
71,118,37
71,118,38
71,118,39
71,118,40
71,118,41
71,118,42
71,118,43
71,118,44
71,118,45
71,118,46
71,119,34
71,119,35
71,119,36
71,119,37
71,119,38
71,119,39
71,119,40
71,119,41
71,119,42
71,119,43
71,119,44
71,119,45
71,119,46
71,120,36
71,120,37
71,120,38
71,120,39
71,120,40
71,120,41
71,120,42
71,120,43
71,120,44
71,120,45
71,120,46
71,121,37
71,121,38
71,121,39
71,121,40
71,121,41
71,121,42
71,121,43
71,121,44
71,122,42
72,103,39
72,103,44
72,103,45
72,110,42
72,110,43
72,110,44
72,110,45
72,110,46
72,110,47
72,111,43
72,111,44
72,111,45
72,111,46
72,112,40
72,112,41
72,112,42
72,112,43
72,112,44
72,112,45
72,112,46
72,113,41
72,113,42
72,113,43
72,113,44
72,113,45
72,113,46
72,114,41
72,114,42
72,114,43
72,114,44
72,114,45
72,114,46
72,115,39
72,115,40
72,115,41
72,115,42
72,115,43
72,115,44
72,115,45
72,115,46
72,115,47
72,116,40
72,116,41
72,116,42
72,116,43
72,116,44
72,116,45
72,116,46
72,117,37
72,117,38
72,117,39
72,117,40
72,117,41
72,117,42
72,117,43
72,117,44
72,117,45
72,117,46
72,118,38
72,118,39
72,118,40
72,118,41
72,118,42
72,118,43
72,118,44
72,118,45
72,118,46
72,119,37
72,119,38
72,119,39
72,119,40
72,119,41
72,119,42
72,119,43
72,119,44
72,119,45
72,119,46
72,120,44
73,103,45
73,103,46
73,103,47
73,112,43
73,112,44
73,112,45
73,114,42
73,114,43
73,114,44
73,114,45
73,114,46
73,114,47
73,115,41
73,115,42
73,115,43
73,115,44
73,115,45
73,115,46
73,115,47
73,116,43
73,116,44
73,116,45
73,116,46
73,117,39
73,117,40
73,117,41
73,117,42
73,117,43
73,117,44
73,117,45
73,118,43
73,118,44
73,118,45
73,118,46
73,119,42
73,119,43
73,119,44
73,119,45
79,103,45
79,112,44
79,112,45
79,112,46
79,112,47
79,113,42
79,113,43
79,113,44
79,113,45
79,113,46
79,113,47
79,114,40
79,114,41
79,114,42
79,114,43
79,114,44
79,114,45
79,114,46
79,115,41
79,115,42
79,115,43
79,115,44
79,115,45
79,115,46
79,115,47
79,116,43
79,116,44
79,116,45
79,116,46
79,116,47
79,118,43
79,118,44
79,118,45
79,118,46
80,103,39
80,103,44
80,110,42
80,110,43
80,110,44
80,110,45
80,110,46
80,110,47
80,111,44
80,111,45
80,111,46
80,111,47
80,112,39
80,112,40
80,112,41
80,112,42
80,112,43
80,112,44
80,112,45
80,112,46
80,112,47
80,113,39
80,113,40
80,113,41
80,113,42
80,113,43
80,113,44
80,113,45
80,113,46
80,113,47
80,114,38
80,114,39
80,114,40
80,114,41
80,114,42
80,114,43
80,114,44
80,114,45
80,114,46
80,114,47
80,115,39
80,115,40
80,115,41
80,115,42
80,115,43
80,115,44
80,115,45
80,115,46
80,115,47
80,116,42
80,116,43
80,116,44
80,116,45
80,116,46
80,116,47
80,117,39
80,117,40
80,117,41
80,117,42
80,117,43
80,117,44
80,117,45
80,117,46
80,118,40
80,118,41
80,118,42
80,118,43
80,118,44
80,118,45
80,118,46
80,119,43
80,119,44
80,119,45
80,119,46
80,120,41
80,120,42
80,120,43
81,103,39
81,103,40
81,103,43
81,103,44
81,103,48
81,104,47
81,104,48
81,105,44
81,105,45
81,105,46
81,105,47
81,110,40
81,110,41
81,110,42
81,110,43
81,110,44
81,110,45
81,110,46
81,110,47
81,111,41
81,111,42
81,111,43
81,111,44
81,111,45
81,111,46
81,111,47
81,112,36
81,112,37
81,112,38
81,112,39
81,112,40
81,112,41
81,112,42
81,112,43
81,112,44
81,112,45
81,112,46
81,112,47
81,113,37
81,113,38
81,113,39
81,113,40
81,113,41
81,113,42
81,113,43
81,113,44
81,113,45
81,113,46
81,113,47
81,114,36
81,114,37
81,114,38
81,114,39
81,114,40
81,114,41
81,114,42
81,114,43
81,114,44
81,114,45
81,114,46
81,114,47
81,115,37
81,115,38
81,115,39
81,115,40
81,115,41
81,115,42
81,115,43
81,115,44
81,115,45
81,115,46
81,115,47
81,116,39
81,116,40
81,116,41
81,116,42
81,116,43
81,116,44
81,116,45
81,116,46
81,116,47
81,117,38
81,117,39
81,117,40
81,117,41
81,117,42
81,117,43
81,117,44
81,117,45
81,117,46
81,117,47
81,118,37
81,118,38
81,118,39
81,118,40
81,118,41
81,118,42
81,118,43
81,118,44
81,118,45
81,118,46
81,118,47
81,119,38
81,119,39
81,119,40
81,119,41
81,119,42
81,119,43
81,119,44
81,119,45
81,119,46
81,120,35
81,120,36
81,120,37
81,120,38
81,120,39
81,120,40
81,120,41
81,120,42
81,120,43
81,120,44
81,120,45
81,120,46
81,121,40
81,121,41
81,121,42
81,121,43
81,121,44
82,102,40
82,102,43
82,102,44
82,103,39
82,103,40
82,103,41
82,103,42
82,103,43
82,103,44
82,103,45
82,103,46
82,103,47
82,103,48
82,104,46
82,104,47
82,104,48
82,105,43
82,105,44
82,105,45
82,105,46
82,105,47
82,105,48
82,106,44
82,106,45
82,106,46
82,106,47
82,107,44
82,107,45
82,107,46
82,107,47
82,108,44
82,108,45
82,108,46
82,108,47
82,108,48
82,109,39
82,109,40
82,109,41
82,109,42
82,109,43
82,109,44
82,109,45
82,109,46
82,109,47
82,109,48
82,110,37
82,110,38
82,110,39
82,110,40
82,110,41
82,110,42
82,110,43
82,110,44
82,110,45
82,110,46
82,110,47
82,110,48
82,111,36
82,111,37
82,111,38
82,111,39
82,111,40
82,111,41
82,111,42
82,111,43
82,111,44
82,111,45
82,111,46
82,111,47
82,111,48
82,112,33
82,112,34
82,112,35
82,112,36
82,112,37
82,112,38
82,112,39
82,112,40
82,112,41
82,112,42
82,112,43
82,112,44
82,112,45
82,112,46
82,112,47
82,112,48
82,113,32
82,113,33
82,113,34
82,113,35
82,113,36
82,113,37
82,113,38
82,113,39
82,113,40
82,113,41
82,113,42
82,113,43
82,113,44
82,113,45
82,113,46
82,113,47
82,113,48
82,114,34
82,114,35
82,114,36
82,114,37
82,114,38
82,114,39
82,114,40
82,114,41
82,114,42
82,114,43
82,114,44
82,114,45
82,114,46
82,114,47
82,114,48
82,115,36
82,115,37
82,115,38
82,115,39
82,115,40
82,115,41
82,115,42
82,115,43
82,115,44
82,115,45
82,115,46
82,115,47
82,115,48
82,116,37
82,116,38
82,116,39
82,116,40
82,116,41
82,116,42
82,116,43
82,116,44
82,116,45
82,116,46
82,116,47
82,116,48
82,117,35
82,117,36
82,117,37
82,117,38
82,117,39
82,117,40
82,117,41
82,117,42
82,117,43
82,117,44
82,117,45
82,117,46
82,117,47
82,117,48
82,118,36
82,118,37
82,118,38
82,118,39
82,118,40
82,118,41
82,118,42
82,118,43
82,118,44
82,118,45
82,118,46
82,118,47
82,119,36
82,119,37
82,119,38
82,119,39
82,119,40
82,119,41
82,119,42
82,119,43
82,119,44
82,119,45
82,119,46
82,119,47
82,120,33
82,120,34
82,120,35
82,120,36
82,120,37
82,120,38
82,120,39
82,120,40
82,120,41
82,120,42
82,120,43
82,120,44
82,120,45
82,120,46
82,121,39
82,121,40
82,121,41
82,121,42
82,121,43
82,121,44
82,121,45
82,121,46
82,122,41
82,122,42
82,122,43
82,122,44
82,123,41
82,123,42
83,100,46
83,101,42
83,101,43
83,101,44
83,101,45
83,101,46
83,102,39
83,102,40
83,102,41
83,102,42
83,102,43
83,102,44
83,102,45
83,102,46
83,102,47
83,102,48
83,102,49
83,103,38
83,103,39
83,103,40
83,103,41
83,103,42
83,103,43
83,103,44
83,103,45
83,103,46
83,103,47
83,103,48
83,104,44
83,104,45
83,104,46
83,104,47
83,104,48
83,105,41
83,105,42
83,105,43
83,105,44
83,105,45
83,105,46
83,105,47
83,105,48
83,106,40
83,106,41
83,106,42
83,106,43
83,106,44
83,106,45
83,106,46
83,106,47
83,106,48
83,107,39
83,107,40
83,107,41
83,107,42
83,107,43
83,107,44
83,107,45
83,107,46
83,107,47
83,107,48
83,108,37
83,108,38
83,108,39
83,108,40
83,108,41
83,108,42
83,108,43
83,108,44
83,108,45
83,108,46
83,108,47
83,108,48
83,109,38
83,109,39
83,109,40
83,109,41
83,109,42
83,109,43
83,109,44
83,109,45
83,109,46
83,109,47
83,109,48
83,110,36
83,110,37
83,110,38
83,110,39
83,110,40
83,110,41
83,110,42
83,110,43
83,110,44
83,110,45
83,110,46
83,110,47
83,110,48
83,111,32
83,111,33
83,111,34
83,111,35
83,111,36
83,111,37
83,111,38
83,111,39
83,111,40
83,111,41
83,111,42
83,111,43
83,111,44
83,111,45
83,111,46
83,111,47
83,111,48
83,112,32
83,112,33
83,112,34
83,112,35
83,112,36
83,112,37
83,112,38
83,112,39
83,112,40
83,112,41
83,112,42
83,112,43
83,112,44
83,112,45
83,112,46
83,112,47
83,112,48
83,113,31
83,113,32
83,113,33
83,113,34
83,113,35
83,113,36
83,113,37
83,113,38
83,113,39
83,113,40
83,113,41
83,113,42
83,113,43
83,113,44
83,113,45
83,113,46
83,113,47
83,113,48
83,114,33
83,114,34
83,114,35
83,114,36
83,114,37
83,114,38
83,114,39
83,114,40
83,114,41
83,114,42
83,114,43
83,114,44
83,114,45
83,114,46
83,114,47
83,114,48
83,115,34
83,115,35
83,115,36
83,115,37
83,115,38
83,115,39
83,115,40
83,115,41
83,115,42
83,115,43
83,115,44
83,115,45
83,115,46
83,115,47
83,115,48
83,116,34
83,116,35
83,116,36
83,116,37
83,116,38
83,116,39
83,116,40
83,116,41
83,116,42
83,116,43
83,116,44
83,116,45
83,116,46
83,116,47
83,116,48
83,117,33
83,117,34
83,117,35
83,117,36
83,117,37
83,117,38
83,117,39
83,117,40
83,117,41
83,117,42
83,117,43
83,117,44
83,117,45
83,117,46
83,117,47
83,117,48
83,118,35
83,118,36
83,118,37
83,118,38
83,118,39
83,118,40
83,118,41
83,118,42
83,118,43
83,118,44
83,118,45
83,118,46
83,118,47
83,119,35
83,119,36
83,119,37
83,119,38
83,119,39
83,119,40
83,119,41
83,119,42
83,119,43
83,119,44
83,119,45
83,119,46
83,119,47
83,120,32
83,120,33
83,120,34
83,120,35
83,120,36
83,120,37
83,120,38
83,120,39
83,120,40
83,120,41
83,120,42
83,120,43
83,120,44
83,120,45
83,120,46
83,121,36
83,121,37
83,121,38
83,121,39
83,121,40
83,121,41
83,121,42
83,121,43
83,121,44
83,121,45
83,121,46
83,122,39
83,122,40
83,122,41
83,122,42
83,122,43
83,122,44
83,122,45
83,123,40
83,123,41
83,123,42
83,123,43
83,123,44
83,123,45
84,99,47
84,100,43
84,100,44
84,100,45
84,100,46
84,100,47
84,101,41
84,101,42
84,101,43
84,101,44
84,101,45
84,101,46
84,101,47
84,101,48
84,101,49
84,102,39
84,102,40
84,102,41
84,102,42
84,102,43
84,102,44
84,102,45
84,102,46
84,102,47
84,102,48
84,102,49
84,103,38
84,103,39
84,103,40
84,103,41
84,103,42
84,103,43
84,103,44
84,103,45
84,103,46
84,103,47
84,103,48
84,104,41
84,104,42
84,104,43
84,104,44
84,104,45
84,104,46
84,104,47
84,104,48
84,104,49
84,105,38
84,105,39
84,105,40
84,105,41
84,105,42
84,105,43
84,105,44
84,105,45
84,105,46
84,105,47
84,105,48
84,105,49
84,106,37
84,106,38
84,106,39
84,106,40
84,106,41
84,106,42
84,106,43
84,106,44
84,106,45
84,106,46
84,106,47
84,106,48
84,106,49
84,107,37
84,107,38
84,107,39
84,107,40
84,107,41
84,107,42
84,107,43
84,107,44
84,107,45
84,107,46
84,107,47
84,107,48
84,107,49
84,108,36
84,108,37
84,108,38
84,108,39
84,108,40
84,108,41
84,108,42
84,108,43
84,108,44
84,108,45
84,108,46
84,108,47
84,108,48
84,108,49
84,109,34
84,109,35
84,109,36
84,109,37
84,109,38
84,109,39
84,109,40
84,109,41
84,109,42
84,109,43
84,109,44
84,109,45
84,109,46
84,109,47
84,109,48
84,109,49
84,110,33
84,110,34
84,110,35
84,110,36
84,110,37
84,110,38
84,110,39
84,110,40
84,110,41
84,110,42
84,110,43
84,110,44
84,110,45
84,110,46
84,110,47
84,110,48
84,110,49
84,111,32
84,111,33
84,111,34
84,111,35
84,111,36
84,111,37
84,111,38
84,111,39
84,111,40
84,111,41
84,111,42
84,111,43
84,111,44
84,111,45
84,111,46
84,111,47
84,111,48
84,111,49
84,112,31
84,112,32
84,112,33
84,112,34
84,112,35
84,112,36
84,112,37
84,112,38
84,112,39
84,112,40
84,112,41
84,112,42
84,112,43
84,112,44
84,112,45
84,112,46
84,112,47
84,112,48
84,113,31
84,113,32
84,113,33
84,113,34
84,113,35
84,113,36
84,113,37
84,113,38
84,113,39
84,113,40
84,113,41
84,113,42
84,113,43
84,113,44
84,113,45
84,113,46
84,113,47
84,113,48
84,114,32
84,114,33
84,114,34
84,114,35
84,114,36
84,114,37
84,114,38
84,114,39
84,114,40
84,114,41
84,114,42
84,114,43
84,114,44
84,114,45
84,114,46
84,114,47
84,114,48
84,115,32
84,115,33
84,115,34
84,115,35
84,115,36
84,115,37
84,115,38
84,115,39
84,115,40
84,115,41
84,115,42
84,115,43
84,115,44
84,115,45
84,115,46
84,115,47
84,115,48
84,116,31
84,116,32
84,116,33
84,116,34
84,116,35
84,116,36
84,116,37
84,116,38
84,116,39
84,116,40
84,116,41
84,116,42
84,116,43
84,116,44
84,116,45
84,116,46
84,116,47
84,116,48
84,117,32
84,117,33
84,117,34
84,117,35
84,117,36
84,117,37
84,117,38
84,117,39
84,117,40
84,117,41
84,117,42
84,117,43
84,117,44
84,117,45
84,117,46
84,117,47
84,117,48
84,118,34
84,118,35
84,118,36
84,118,37
84,118,38
84,118,39
84,118,40
84,118,41
84,118,42
84,118,43
84,118,44
84,118,45
84,118,46
84,118,47
84,118,48
84,119,33
84,119,34
84,119,35
84,119,36
84,119,37
84,119,38
84,119,39
84,119,40
84,119,41
84,119,42
84,119,43
84,119,44
84,119,45
84,119,46
84,119,47
84,120,31
84,120,32
84,120,33
84,120,34
84,120,35
84,120,36
84,120,37
84,120,38
84,120,39
84,120,40
84,120,41
84,120,42
84,120,43
84,120,44
84,120,45
84,120,46
84,121,34
84,121,35
84,121,36
84,121,37
84,121,38
84,121,39
84,121,40
84,121,41
84,121,42
84,121,43
84,121,44
84,121,45
84,121,46
84,122,38
84,122,39
84,122,40
84,122,41
84,122,42
84,122,43
84,122,44
84,122,45
84,122,46
84,123,39
84,123,40
84,123,41
84,123,42
84,123,43
84,123,44
84,123,45
85,98,45
85,98,48
85,99,44
85,99,45
85,99,46
85,99,47
85,99,48
85,100,42
85,100,43
85,100,44
85,100,45
85,100,46
85,100,47
85,100,48
85,100,49
85,101,40
85,101,41
85,101,42
85,101,43
85,101,44
85,101,45
85,101,46
85,101,47
85,101,48
85,101,49
85,102,39
85,102,40
85,102,41
85,102,42
85,102,43
85,102,44
85,102,45
85,102,46
85,102,47
85,102,48
85,102,49
85,103,37
85,103,38
85,103,39
85,103,40
85,103,41
85,103,42
85,103,43
85,103,44
85,103,45
85,103,46
85,103,47
85,103,48
85,103,49
85,104,37
85,104,38
85,104,39
85,104,40
85,104,41
85,104,42
85,104,43
85,104,44
85,104,45
85,104,46
85,104,47
85,104,48
85,104,49
85,105,37
85,105,38
85,105,39
85,105,40
85,105,41
85,105,42
85,105,43
85,105,44
85,105,45
85,105,46
85,105,47
85,105,48
85,105,49
85,106,36
85,106,37
85,106,38
85,106,39
85,106,40
85,106,41
85,106,42
85,106,43
85,106,44
85,106,45
85,106,46
85,106,47
85,106,48
85,106,49
85,107,36
85,107,37
85,107,38
85,107,39
85,107,40
85,107,41
85,107,42
85,107,43
85,107,44
85,107,45
85,107,46
85,107,47
85,107,48
85,107,49
85,108,35
85,108,36
85,108,37
85,108,38
85,108,39
85,108,40
85,108,41
85,108,42
85,108,43
85,108,44
85,108,45
85,108,46
85,108,47
85,108,48
85,108,49
85,109,33
85,109,34
85,109,35
85,109,36
85,109,37
85,109,38
85,109,39
85,109,40
85,109,41
85,109,42
85,109,43
85,109,44
85,109,45
85,109,46
85,109,47
85,109,48
85,109,49
85,110,32
85,110,33
85,110,34
85,110,35
85,110,36
85,110,37
85,110,38
85,110,39
85,110,40
85,110,41
85,110,42
85,110,43
85,110,44
85,110,45
85,110,46
85,110,47
85,110,48
85,110,49
85,111,31
85,111,32
85,111,33
85,111,34
85,111,35
85,111,36
85,111,37
85,111,38
85,111,39
85,111,40
85,111,41
85,111,42
85,111,43
85,111,44
85,111,45
85,111,46
85,111,47
85,111,48
85,111,49
85,112,31
85,112,32
85,112,33
85,112,34
85,112,35
85,112,36
85,112,37
85,112,38
85,112,39
85,112,40
85,112,41
85,112,42
85,112,43
85,112,44
85,112,45
85,112,46
85,112,47
85,112,48
85,112,49
85,113,31
85,113,32
85,113,33
85,113,34
85,113,35
85,113,36
85,113,37
85,113,38
85,113,39
85,113,40
85,113,41
85,113,42
85,113,43
85,113,44
85,113,45
85,113,46
85,113,47
85,113,48
85,114,31
85,114,32
85,114,33
85,114,34
85,114,35
85,114,36
85,114,37
85,114,38
85,114,39
85,114,40
85,114,41
85,114,42
85,114,43
85,114,44
85,114,45
85,114,46
85,114,47
85,114,48
85,115,31
85,115,32
85,115,33
85,115,34
85,115,35
85,115,36
85,115,37
85,115,38
85,115,39
85,115,40
85,115,41
85,115,42
85,115,43
85,115,44
85,115,45
85,115,46
85,115,47
85,115,48
85,116,30
85,116,31
85,116,32
85,116,33
85,116,34
85,116,35
85,116,36
85,116,37
85,116,38
85,116,39
85,116,40
85,116,41
85,116,42
85,116,43
85,116,44
85,116,45
85,116,46
85,116,47
85,116,48
85,117,31
85,117,32
85,117,33
85,117,34
85,117,35
85,117,36
85,117,37
85,117,38
85,117,39
85,117,40
85,117,41
85,117,42
85,117,43
85,117,44
85,117,45
85,117,46
85,117,47
85,117,48
85,118,33
85,118,34
85,118,35
85,118,36
85,118,37
85,118,38
85,118,39
85,118,40
85,118,41
85,118,42
85,118,43
85,118,44
85,118,45
85,118,46
85,118,47
85,119,32
85,119,33
85,119,34
85,119,35
85,119,36
85,119,37
85,119,38
85,119,39
85,119,40
85,119,41
85,119,42
85,119,43
85,119,44
85,119,45
85,119,46
85,119,47
85,120,30
85,120,31
85,120,32
85,120,33
85,120,34
85,120,35
85,120,36
85,120,37
85,120,38
85,120,39
85,120,40
85,120,41
85,120,42
85,120,43
85,120,44
85,120,45
85,120,46
85,121,33
85,121,34
85,121,35
85,121,36
85,121,37
85,121,38
85,121,39
85,121,40
85,121,41
85,121,42
85,121,43
85,121,44
85,121,45
85,121,46
85,122,37
85,122,38
85,122,39
85,122,40
85,122,41
85,122,42
85,122,43
85,122,44
85,122,45
85,123,39
85,123,40
85,123,41
85,123,42
85,123,43
85,123,44
86,97,46
86,98,45
86,98,46
86,98,47
86,98,48
86,99,43
86,99,44
86,99,45
86,99,46
86,99,47
86,99,48
86,99,49
86,100,41
86,100,42
86,100,43
86,100,44
86,100,45
86,100,46
86,100,47
86,100,48
86,100,49
86,101,40
86,101,41
86,101,42
86,101,43
86,101,44
86,101,45
86,101,46
86,101,47
86,101,48
86,101,49
86,102,38
86,102,39
86,102,40
86,102,41
86,102,42
86,102,43
86,102,44
86,102,45
86,102,46
86,102,47
86,102,48
86,102,49
86,103,38
86,103,39
86,103,40
86,103,41
86,103,42
86,103,43
86,103,44
86,103,45
86,103,46
86,103,47
86,103,48
86,103,49
86,104,37
86,104,38
86,104,39
86,104,40
86,104,41
86,104,42
86,104,43
86,104,44
86,104,45
86,104,46
86,104,47
86,104,48
86,104,49
86,105,36
86,105,37
86,105,38
86,105,39
86,105,40
86,105,41
86,105,42
86,105,43
86,105,44
86,105,45
86,105,46
86,105,47
86,105,48
86,105,49
86,106,35
86,106,36
86,106,37
86,106,38
86,106,39
86,106,40
86,106,41
86,106,42
86,106,43
86,106,44
86,106,45
86,106,46
86,106,47
86,106,48
86,106,49
86,107,35
86,107,36
86,107,37
86,107,38
86,107,39
86,107,40
86,107,41
86,107,42
86,107,43
86,107,44
86,107,45
86,107,46
86,107,47
86,107,48
86,107,49
86,108,34
86,108,35
86,108,36
86,108,37
86,108,38
86,108,39
86,108,40
86,108,41
86,108,42
86,108,43
86,108,44
86,108,45
86,108,46
86,108,47
86,108,48
86,108,49
86,109,32
86,109,33
86,109,34
86,109,35
86,109,36
86,109,37
86,109,38
86,109,39
86,109,40
86,109,41
86,109,42
86,109,43
86,109,44
86,109,45
86,109,46
86,109,47
86,109,48
86,109,49
86,110,31
86,110,32
86,110,33
86,110,34
86,110,35
86,110,36
86,110,37
86,110,38
86,110,39
86,110,40
86,110,41
86,110,42
86,110,43
86,110,44
86,110,45
86,110,46
86,110,47
86,110,48
86,110,49
86,111,31
86,111,32
86,111,33
86,111,34
86,111,35
86,111,36
86,111,37
86,111,38
86,111,39
86,111,40
86,111,41
86,111,42
86,111,43
86,111,44
86,111,45
86,111,46
86,111,47
86,111,48
86,111,49
86,112,31
86,112,32
86,112,33
86,112,34
86,112,35
86,112,36
86,112,37
86,112,38
86,112,39
86,112,40
86,112,41
86,112,42
86,112,43
86,112,44
86,112,45
86,112,46
86,112,47
86,112,48
86,112,49
86,113,31
86,113,32
86,113,33
86,113,34
86,113,35
86,113,36
86,113,37
86,113,38
86,113,39
86,113,40
86,113,41
86,113,42
86,113,43
86,113,44
86,113,45
86,113,46
86,113,47
86,113,48
86,114,31
86,114,32
86,114,33
86,114,34
86,114,35
86,114,36
86,114,37
86,114,38
86,114,39
86,114,40
86,114,41
86,114,42
86,114,43
86,114,44
86,114,45
86,114,46
86,114,47
86,114,48
86,115,30
86,115,31
86,115,32
86,115,33
86,115,34
86,115,35
86,115,36
86,115,37
86,115,38
86,115,39
86,115,40
86,115,41
86,115,42
86,115,43
86,115,44
86,115,45
86,115,46
86,115,47
86,115,48
86,116,30
86,116,31
86,116,32
86,116,33
86,116,34
86,116,35
86,116,36
86,116,37
86,116,38
86,116,39
86,116,40
86,116,41
86,116,42
86,116,43
86,116,44
86,116,45
86,116,46
86,116,47
86,116,48
86,117,30
86,117,31
86,117,32
86,117,33
86,117,34
86,117,35
86,117,36
86,117,37
86,117,38
86,117,39
86,117,40
86,117,41
86,117,42
86,117,43
86,117,44
86,117,45
86,117,46
86,117,47
86,117,48
86,118,32
86,118,33
86,118,34
86,118,35
86,118,36
86,118,37
86,118,38
86,118,39
86,118,40
86,118,41
86,118,42
86,118,43
86,118,44
86,118,45
86,118,46
86,118,47
86,119,31
86,119,32
86,119,33
86,119,34
86,119,35
86,119,36
86,119,37
86,119,38
86,119,39
86,119,40
86,119,41
86,119,42
86,119,43
86,119,44
86,119,45
86,119,46
86,120,30
86,120,31
86,120,32
86,120,33
86,120,34
86,120,35
86,120,36
86,120,37
86,120,38
86,120,39
86,120,40
86,120,41
86,120,42
86,120,43
86,120,44
86,120,45
86,121,32
86,121,33
86,121,34
86,121,35
86,121,36
86,121,37
86,121,38
86,121,39
86,121,40
86,121,41
86,121,42
86,121,43
86,121,44
86,122,37
86,122,38
86,122,39
86,122,40
86,122,41
86,122,42
86,122,43
86,123,39
86,123,40
86,123,41
86,123,42
87,96,47
87,96,49
87,97,45
87,97,46
87,97,47
87,97,48
87,97,49
87,98,44
87,98,45
87,98,46
87,98,47
87,98,48
87,98,49
87,98,50
87,99,42
87,99,43
87,99,44
87,99,45
87,99,46
87,99,47
87,99,48
87,99,49
87,100,40
87,100,41
87,100,42
87,100,43
87,100,44
87,100,45
87,100,46
87,100,47
87,100,48
87,100,49
87,100,50
87,101,39
87,101,40
87,101,41
87,101,42
87,101,43
87,101,44
87,101,45
87,101,46
87,101,47
87,101,48
87,101,49
87,101,50
87,102,38
87,102,39
87,102,40
87,102,41
87,102,42
87,102,43
87,102,44
87,102,45
87,102,46
87,102,47
87,102,48
87,102,49
87,102,50
87,103,38
87,103,39
87,103,40
87,103,41
87,103,42
87,103,43
87,103,44
87,103,45
87,103,46
87,103,47
87,103,48
87,103,49
87,103,50
87,104,37
87,104,38
87,104,39
87,104,40
87,104,41
87,104,42
87,104,43
87,104,44
87,104,45
87,104,46
87,104,47
87,104,48
87,104,49
87,104,50
87,105,36
87,105,37
87,105,38
87,105,39
87,105,40
87,105,41
87,105,42
87,105,43
87,105,44
87,105,45
87,105,46
87,105,47
87,105,48
87,105,49
87,106,35
87,106,36
87,106,37
87,106,38
87,106,39
87,106,40
87,106,41
87,106,42
87,106,43
87,106,44
87,106,45
87,106,46
87,106,47
87,106,48
87,106,49
87,107,35
87,107,36
87,107,37
87,107,38
87,107,39
87,107,40
87,107,41
87,107,42
87,107,43
87,107,44
87,107,45
87,107,46
87,107,47
87,107,48
87,107,49
87,108,34
87,108,35
87,108,36
87,108,37
87,108,38
87,108,39
87,108,40
87,108,41
87,108,42
87,108,43
87,108,44
87,108,45
87,108,46
87,108,47
87,108,48
87,108,49
87,109,32
87,109,33
87,109,34
87,109,35
87,109,36
87,109,37
87,109,38
87,109,39
87,109,40
87,109,41
87,109,42
87,109,43
87,109,44
87,109,45
87,109,46
87,109,47
87,109,48
87,109,49
87,110,31
87,110,32
87,110,33
87,110,34
87,110,35
87,110,36
87,110,37
87,110,38
87,110,39
87,110,40
87,110,41
87,110,42
87,110,43
87,110,44
87,110,45
87,110,46
87,110,47
87,110,48
87,110,49
87,111,31
87,111,32
87,111,33
87,111,34
87,111,35
87,111,36
87,111,37
87,111,38
87,111,39
87,111,40
87,111,41
87,111,42
87,111,43
87,111,44
87,111,45
87,111,46
87,111,47
87,111,48
87,111,49
87,112,31
87,112,32
87,112,33
87,112,34
87,112,35
87,112,36
87,112,37
87,112,38
87,112,39
87,112,40
87,112,41
87,112,42
87,112,43
87,112,44
87,112,45
87,112,46
87,112,47
87,112,48
87,112,49
87,113,31
87,113,32
87,113,33
87,113,34
87,113,35
87,113,36
87,113,37
87,113,38
87,113,39
87,113,40
87,113,41
87,113,42
87,113,43
87,113,44
87,113,45
87,113,46
87,113,47
87,113,48
87,114,31
87,114,32
87,114,33
87,114,34
87,114,35
87,114,36
87,114,37
87,114,38
87,114,39
87,114,40
87,114,41
87,114,42
87,114,43
87,114,44
87,114,45
87,114,46
87,114,47
87,114,48
87,115,30
87,115,31
87,115,32
87,115,33
87,115,34
87,115,35
87,115,36
87,115,37
87,115,38
87,115,39
87,115,40
87,115,41
87,115,42
87,115,43
87,115,44
87,115,45
87,115,46
87,115,47
87,115,48
87,116,30
87,116,31
87,116,32
87,116,33
87,116,34
87,116,35
87,116,36
87,116,37
87,116,38
87,116,39
87,116,40
87,116,41
87,116,42
87,116,43
87,116,44
87,116,45
87,116,46
87,116,47
87,116,48
87,117,30
87,117,31
87,117,32
87,117,33
87,117,34
87,117,35
87,117,36
87,117,37
87,117,38
87,117,39
87,117,40
87,117,41
87,117,42
87,117,43
87,117,44
87,117,45
87,117,46
87,117,47
87,118,31
87,118,32
87,118,33
87,118,34
87,118,35
87,118,36
87,118,37
87,118,38
87,118,39
87,118,40
87,118,41
87,118,42
87,118,43
87,118,44
87,118,45
87,118,46
87,119,30
87,119,31
87,119,32
87,119,33
87,119,34
87,119,35
87,119,36
87,119,37
87,119,38
87,119,39
87,119,40
87,119,41
87,119,42
87,119,43
87,119,44
87,120,30
87,120,31
87,120,32
87,120,33
87,120,34
87,120,35
87,120,36
87,120,37
87,120,38
87,120,39
87,120,40
87,120,41
87,120,42
87,120,43
87,121,31
87,121,32
87,121,33
87,121,34
87,121,35
87,121,36
87,121,37
87,121,38
87,121,39
87,121,40
87,121,41
87,122,36
87,122,37
87,122,38
87,122,39
87,122,40
88,92,48
88,94,47
88,94,48
88,95,48
88,96,46
88,96,47
88,96,48
88,96,49
88,97,44
88,97,45
88,97,46
88,97,47
88,97,48
88,97,49
88,97,50
88,98,43
88,98,44
88,98,45
88,98,46
88,98,47
88,98,48
88,98,49
88,98,50
88,99,41
88,99,42
88,99,43
88,99,44
88,99,45
88,99,46
88,99,47
88,99,48
88,99,49
88,99,50
88,100,40
88,100,41
88,100,42
88,100,43
88,100,44
88,100,45
88,100,46
88,100,47
88,100,48
88,100,49
88,100,50
88,101,39
88,101,40
88,101,41
88,101,42
88,101,43
88,101,44
88,101,45
88,101,46
88,101,47
88,101,48
88,101,49
88,101,50
88,102,38
88,102,39
88,102,40
88,102,41
88,102,42
88,102,43
88,102,44
88,102,45
88,102,46
88,102,47
88,102,48
88,102,49
88,102,50
88,103,37
88,103,38
88,103,39
88,103,40
88,103,41
88,103,42
88,103,43
88,103,44
88,103,45
88,103,46
88,103,47
88,103,48
88,103,49
88,103,50
88,104,37
88,104,38
88,104,39
88,104,40
88,104,41
88,104,42
88,104,43
88,104,44
88,104,45
88,104,46
88,104,47
88,104,48
88,104,49
88,104,50
88,105,36
88,105,37
88,105,38
88,105,39
88,105,40
88,105,41
88,105,42
88,105,43
88,105,44
88,105,45
88,105,46
88,105,47
88,105,48
88,105,49
88,105,50
88,106,36
88,106,37
88,106,38
88,106,39
88,106,40
88,106,41
88,106,42
88,106,43
88,106,44
88,106,45
88,106,46
88,106,47
88,106,48
88,106,49
88,107,36
88,107,37
88,107,38
88,107,39
88,107,40
88,107,41
88,107,42
88,107,43
88,107,44
88,107,45
88,107,46
88,107,47
88,107,48
88,107,49
88,108,36
88,108,37
88,108,38
88,108,39
88,108,40
88,108,41
88,108,42
88,108,43
88,108,44
88,108,45
88,108,46
88,108,47
88,108,48
88,108,49
88,109,36
88,109,37
88,109,38
88,109,39
88,109,40
88,109,41
88,109,42
88,109,43
88,109,44
88,109,45
88,109,46
88,109,47
88,109,48
88,109,49
88,110,36
88,110,37
88,110,38
88,110,39
88,110,40
88,110,41
88,110,42
88,110,43
88,110,44
88,110,45
88,110,46
88,110,47
88,110,48
88,110,49
88,111,32
88,111,33
88,111,36
88,111,37
88,111,38
88,111,39
88,111,40
88,111,41
88,111,42
88,111,43
88,111,44
88,111,45
88,111,46
88,111,47
88,111,48
88,111,49
88,112,32
88,112,33
88,112,34
88,112,35
88,112,36
88,112,37
88,112,38
88,112,39
88,112,40
88,112,41
88,112,42
88,112,43
88,112,44
88,112,45
88,112,46
88,112,47
88,112,48
88,113,32
88,113,33
88,113,34
88,113,35
88,113,36
88,113,37
88,113,38
88,113,39
88,113,40
88,113,41
88,113,42
88,113,43
88,113,44
88,113,45
88,113,46
88,113,47
88,113,48
88,114,32
88,114,33
88,114,34
88,114,35
88,114,36
88,114,37
88,114,38
88,114,39
88,114,40
88,114,41
88,114,42
88,114,43
88,114,44
88,114,45
88,114,46
88,114,47
88,114,48
88,115,32
88,115,33
88,115,34
88,115,35
88,115,36
88,115,37
88,115,38
88,115,39
88,115,40
88,115,41
88,115,42
88,115,43
88,115,44
88,115,45
88,115,46
88,115,47
88,115,48
88,116,31
88,116,32
88,116,33
88,116,34
88,116,35
88,116,36
88,116,37
88,116,38
88,116,39
88,116,40
88,116,41
88,116,42
88,116,43
88,116,44
88,116,45
88,116,46
88,116,47
88,117,31
88,117,32
88,117,33
88,117,34
88,117,35
88,117,36
88,117,37
88,117,38
88,117,39
88,117,40
88,117,41
88,117,42
88,117,43
88,117,44
88,117,45
88,117,46
88,118,31
88,118,32
88,118,33
88,118,34
88,118,35
88,118,36
88,118,37
88,118,38
88,118,39
88,118,40
88,118,41
88,118,42
88,118,43
88,119,31
88,119,32
88,119,33
88,119,34
88,119,35
88,119,36
88,119,37
88,119,38
88,119,39
88,119,40
88,120,31
88,120,32
88,120,33
88,120,34
88,120,35
88,120,36
88,120,37
88,120,38
88,120,39
88,121,31
88,121,32
88,121,33
88,121,34
88,121,35
88,121,36
88,121,37
88,121,38
89,93,47
89,93,48
89,94,47
89,94,48
89,94,49
89,95,47
89,95,48
89,95,49
89,96,45
89,96,46
89,96,47
89,96,48
89,96,49
89,96,50
89,97,44
89,97,45
89,97,46
89,97,47
89,97,48
89,97,49
89,97,50
89,98,42
89,98,43
89,98,44
89,98,45
89,98,46
89,98,47
89,98,48
89,98,49
89,98,50
89,99,41
89,99,42
89,99,43
89,99,44
89,99,45
89,99,46
89,99,47
89,99,48
89,99,49
89,99,50
89,100,40
89,100,41
89,100,42
89,100,43
89,100,44
89,100,45
89,100,46
89,100,47
89,100,48
89,100,49
89,100,50
89,101,39
89,101,40
89,101,41
89,101,42
89,101,43
89,101,44
89,101,45
89,101,46
89,101,47
89,101,48
89,101,49
89,101,50
89,102,38
89,102,39
89,102,40
89,102,41
89,102,42
89,102,43
89,102,44
89,102,45
89,102,46
89,102,47
89,102,48
89,102,49
89,102,50
89,103,37
89,103,38
89,103,39
89,103,40
89,103,41
89,103,42
89,103,43
89,103,44
89,103,45
89,103,46
89,103,47
89,103,48
89,103,49
89,103,50
89,104,37
89,104,38
89,104,39
89,104,40
89,104,41
89,104,42
89,104,43
89,104,44
89,104,45
89,104,46
89,104,47
89,104,48
89,104,49
89,104,50
89,105,37
89,105,38
89,105,39
89,105,40
89,105,41
89,105,42
89,105,43
89,105,44
89,105,45
89,105,46
89,105,47
89,105,48
89,105,49
89,105,50
89,106,37
89,106,38
89,106,39
89,106,40
89,106,41
89,106,42
89,106,43
89,106,44
89,106,45
89,106,46
89,106,47
89,106,48
89,106,49
89,107,37
89,107,38
89,107,39
89,107,40
89,107,41
89,107,42
89,107,43
89,107,44
89,107,45
89,107,46
89,107,47
89,107,48
89,107,49
89,108,37
89,108,38
89,108,39
89,108,40
89,108,41
89,108,42
89,108,43
89,108,44
89,108,45
89,108,46
89,108,47
89,108,48
89,108,49
89,109,37
89,109,38
89,109,39
89,109,40
89,109,41
89,109,42
89,109,43
89,109,44
89,109,45
89,109,46
89,109,47
89,109,48
89,109,49
89,110,38
89,110,39
89,110,40
89,110,41
89,110,42
89,110,43
89,110,44
89,110,45
89,110,46
89,110,47
89,110,48
89,110,49
89,111,38
89,111,39
89,111,40
89,111,41
89,111,42
89,111,43
89,111,44
89,111,45
89,111,46
89,111,47
89,111,48
89,112,38
89,112,39
89,112,40
89,112,41
89,112,42
89,112,43
89,112,44
89,112,45
89,112,46
89,112,47
89,112,48
89,113,38
89,113,39
89,113,40
89,113,41
89,113,42
89,113,43
89,113,44
89,113,45
89,113,46
89,113,47
89,113,48
89,114,39
89,114,40
89,114,41
89,114,42
89,114,43
89,114,44
89,114,45
89,114,46
89,114,47
89,114,48
89,115,39
89,115,40
89,115,41
89,115,42
89,115,43
89,115,44
89,115,45
89,115,46
89,115,47
89,116,40
89,116,41
89,116,42
89,116,43
89,116,44
89,116,45
89,116,46
89,117,41
89,117,42
89,121,31
90,92,48
90,93,47
90,93,48
90,93,49
90,94,47
90,94,48
90,94,49
90,94,50
90,95,46
90,95,47
90,95,48
90,95,49
90,95,50
90,96,44
90,96,45
90,96,46
90,96,47
90,96,48
90,96,49
90,96,50
90,97,43
90,97,44
90,97,45
90,97,46
90,97,47
90,97,48
90,97,49
90,97,50
90,97,51
90,98,42
90,98,43
90,98,44
90,98,45
90,98,46
90,98,47
90,98,48
90,98,49
90,98,50
90,98,51
90,99,41
90,99,42
90,99,43
90,99,44
90,99,45
90,99,46
90,99,47
90,99,48
90,99,49
90,99,50
90,99,51
90,100,40
90,100,41
90,100,42
90,100,43
90,100,44
90,100,45
90,100,46
90,100,47
90,100,48
90,100,49
90,100,50
90,101,38
90,101,39
90,101,40
90,101,41
90,101,42
90,101,43
90,101,44
90,101,45
90,101,46
90,101,47
90,101,48
90,101,49
90,101,50
90,102,38
90,102,39
90,102,40
90,102,41
90,102,42
90,102,43
90,102,44
90,102,45
90,102,46
90,102,47
90,102,48
90,102,49
90,102,50
90,103,38
90,103,39
90,103,40
90,103,41
90,103,42
90,103,43
90,103,44
90,103,45
90,103,46
90,103,47
90,103,48
90,103,49
90,103,50
90,104,38
90,104,39
90,104,40
90,104,41
90,104,42
90,104,43
90,104,44
90,104,45
90,104,46
90,104,47
90,104,48
90,104,49
90,104,50
90,105,38
90,105,39
90,105,40
90,105,41
90,105,42
90,105,43
90,105,44
90,105,45
90,105,46
90,105,47
90,105,48
90,105,49
90,105,50
90,106,38
90,106,39
90,106,40
90,106,41
90,106,42
90,106,43
90,106,44
90,106,45
90,106,46
90,106,47
90,106,48
90,106,49
90,106,50
90,107,38
90,107,39
90,107,40
90,107,41
90,107,42
90,107,43
90,107,44
90,107,45
90,107,46
90,107,47
90,107,48
90,107,49
90,108,38
90,108,39
90,108,40
90,108,41
90,108,42
90,108,43
90,108,44
90,108,45
90,108,46
90,108,47
90,108,48
90,108,49
90,109,38
90,109,39
90,109,40
90,109,41
90,109,42
90,109,43
90,109,44
90,109,45
90,109,46
90,109,47
90,109,48
90,109,49
90,110,39
90,110,40
90,110,41
90,110,42
90,110,43
90,110,44
90,110,45
90,110,46
90,110,47
90,110,48
90,110,49
90,111,39
90,111,40
90,111,41
90,111,42
90,111,43
90,111,44
90,111,45
90,111,46
90,111,47
90,111,48
90,112,39
90,112,40
90,112,41
90,112,42
90,112,43
90,112,44
90,112,45
90,112,46
90,112,47
90,112,48
90,113,39
90,113,40
90,113,41
90,113,42
90,113,43
90,113,44
90,113,45
90,113,46
90,113,47
90,113,48
90,114,40
90,114,41
90,114,42
90,114,43
90,114,44
90,114,45
90,114,46
90,114,47
90,115,41
90,115,42
90,115,43
90,115,44
90,115,45
90,115,46
91,91,48
91,92,48
91,92,49
91,93,47
91,93,48
91,93,49
91,93,50
91,94,46
91,94,47
91,94,48
91,94,49
91,94,50
91,95,45
91,95,46
91,95,47
91,95,48
91,95,49
91,95,50
91,95,51
91,96,43
91,96,44
91,96,45
91,96,46
91,96,47
91,96,48
91,96,49
91,96,50
91,96,51
91,97,42
91,97,43
91,97,44
91,97,45
91,97,46
91,97,47
91,97,48
91,97,49
91,97,50
91,97,51
91,98,41
91,98,42
91,98,43
91,98,44
91,98,45
91,98,46
91,98,47
91,98,48
91,98,49
91,98,50
91,98,51
91,99,40
91,99,41
91,99,42
91,99,43
91,99,44
91,99,45
91,99,46
91,99,47
91,99,48
91,99,49
91,99,50
91,99,51
91,100,39
91,100,40
91,100,41
91,100,42
91,100,43
91,100,44
91,100,45
91,100,46
91,100,47
91,100,48
91,100,49
91,100,50
91,100,51
91,101,38
91,101,39
91,101,40
91,101,41
91,101,42
91,101,43
91,101,44
91,101,45
91,101,46
91,101,47
91,101,48
91,101,49
91,101,50
91,101,51
91,102,39
91,102,40
91,102,41
91,102,42
91,102,43
91,102,44
91,102,45
91,102,46
91,102,47
91,102,48
91,102,49
91,102,50
91,103,39
91,103,40
91,103,41
91,103,42
91,103,43
91,103,44
91,103,45
91,103,46
91,103,47
91,103,48
91,103,49
91,103,50
91,104,39
91,104,40
91,104,41
91,104,42
91,104,43
91,104,44
91,104,45
91,104,46
91,104,47
91,104,48
91,104,49
91,104,50
91,105,39
91,105,40
91,105,41
91,105,42
91,105,43
91,105,44
91,105,45
91,105,46
91,105,47
91,105,48
91,105,49
91,105,50
91,106,39
91,106,40
91,106,41
91,106,42
91,106,43
91,106,44
91,106,45
91,106,46
91,106,47
91,106,48
91,106,49
91,107,39
91,107,40
91,107,41
91,107,42
91,107,43
91,107,44
91,107,45
91,107,46
91,107,47
91,107,48
91,107,49
91,108,39
91,108,40
91,108,41
91,108,42
91,108,43
91,108,44
91,108,45
91,108,46
91,108,47
91,108,48
91,108,49
91,109,39
91,109,40
91,109,41
91,109,42
91,109,43
91,109,44
91,109,45
91,109,46
91,109,47
91,109,48
91,109,49
91,110,39
91,110,40
91,110,41
91,110,42
91,110,43
91,110,44
91,110,45
91,110,46
91,110,47
91,110,48
91,111,40
91,111,41
91,111,42
91,111,43
91,111,44
91,111,45
91,111,46
91,111,47
91,111,48
91,112,40
91,112,41
91,112,42
91,112,43
91,112,44
91,112,45
91,112,46
91,112,47
91,112,48
91,113,41
91,113,42
91,113,43
91,113,44
91,113,45
91,113,46
91,113,47
91,114,42
91,114,43
91,114,44
91,114,45
91,114,46
91,114,47
92,91,48
92,92,47
92,92,48
92,92,49
92,92,50
92,93,46
92,93,47
92,93,48
92,93,49
92,93,50
92,94,45
92,94,46
92,94,47
92,94,48
92,94,49
92,94,50
92,94,51
92,95,44
92,95,45
92,95,46
92,95,47
92,95,48
92,95,49
92,95,50
92,95,51
92,96,43
92,96,44
92,96,45
92,96,46
92,96,47
92,96,48
92,96,49
92,96,50
92,96,51
92,97,42
92,97,43
92,97,44
92,97,45
92,97,46
92,97,47
92,97,48
92,97,49
92,97,50
92,97,51
92,98,41
92,98,42
92,98,43
92,98,44
92,98,45
92,98,46
92,98,47
92,98,48
92,98,49
92,98,50
92,98,51
92,99,39
92,99,40
92,99,41
92,99,42
92,99,43
92,99,44
92,99,45
92,99,46
92,99,47
92,99,48
92,99,49
92,99,50
92,99,51
92,100,39
92,100,40
92,100,41
92,100,42
92,100,43
92,100,44
92,100,45
92,100,46
92,100,47
92,100,48
92,100,49
92,100,50
92,100,51
92,101,39
92,101,40
92,101,41
92,101,42
92,101,43
92,101,44
92,101,45
92,101,46
92,101,47
92,101,48
92,101,49
92,101,50
92,101,51
92,102,39
92,102,40
92,102,41
92,102,42
92,102,43
92,102,44
92,102,45
92,102,46
92,102,47
92,102,48
92,102,49
92,102,50
92,103,39
92,103,40
92,103,41
92,103,42
92,103,43
92,103,44
92,103,45
92,103,46
92,103,47
92,103,48
92,103,49
92,103,50
92,104,40
92,104,41
92,104,42
92,104,43
92,104,44
92,104,45
92,104,46
92,104,47
92,104,48
92,104,49
92,104,50
92,105,40
92,105,41
92,105,42
92,105,43
92,105,44
92,105,45
92,105,46
92,105,47
92,105,48
92,105,49
92,105,50
92,106,40
92,106,41
92,106,42
92,106,43
92,106,44
92,106,45
92,106,46
92,106,47
92,106,48
92,106,49
92,107,40
92,107,41
92,107,42
92,107,43
92,107,44
92,107,45
92,107,46
92,107,47
92,107,48
92,107,49
92,108,40
92,108,41
92,108,42
92,108,43
92,108,44
92,108,45
92,108,46
92,108,47
92,108,48
92,108,49
92,109,40
92,109,41
92,109,42
92,109,43
92,109,44
92,109,45
92,109,46
92,109,47
92,109,48
92,109,49
92,110,40
92,110,41
92,110,42
92,110,43
92,110,44
92,110,45
92,110,46
92,110,47
92,110,48
92,111,40
92,111,41
92,111,42
92,111,43
92,111,44
92,111,45
92,111,46
92,111,47
92,111,48
92,112,41
92,112,42
92,112,43
92,112,44
92,112,45
92,112,46
92,112,47
92,113,42
92,113,43
92,113,44
92,113,45
92,113,46
92,113,47
93,92,47
93,92,48
93,92,49
93,93,46
93,93,47
93,93,48
93,93,49
93,93,50
93,94,45
93,94,46
93,94,47
93,94,48
93,94,49
93,94,50
93,95,43
93,95,44
93,95,45
93,95,46
93,95,47
93,95,48
93,95,49
93,95,50
93,96,42
93,96,43
93,96,44
93,96,45
93,96,46
93,96,47
93,96,48
93,96,49
93,96,50
93,96,51
93,97,41
93,97,42
93,97,43
93,97,44
93,97,45
93,97,46
93,97,47
93,97,48
93,97,49
93,97,50
93,97,51
93,98,39
93,98,40
93,98,41
93,98,42
93,98,43
93,98,44
93,98,45
93,98,46
93,98,47
93,98,48
93,98,49
93,98,50
93,98,51
93,99,40
93,99,41
93,99,42
93,99,43
93,99,44
93,99,45
93,99,46
93,99,47
93,99,48
93,99,49
93,99,50
93,99,51
93,100,40
93,100,41
93,100,42
93,100,43
93,100,44
93,100,45
93,100,46
93,100,47
93,100,48
93,100,49
93,100,50
93,100,51
93,101,40
93,101,41
93,101,42
93,101,43
93,101,44
93,101,45
93,101,46
93,101,47
93,101,48
93,101,49
93,101,50
93,102,40
93,102,41
93,102,42
93,102,43
93,102,44
93,102,45
93,102,46
93,102,47
93,102,48
93,102,49
93,102,50
93,103,40
93,103,41
93,103,42
93,103,43
93,103,44
93,103,45
93,103,46
93,103,47
93,103,48
93,103,49
93,103,50
93,104,40
93,104,41
93,104,42
93,104,43
93,104,44
93,104,45
93,104,46
93,104,47
93,104,48
93,104,49
93,104,50
93,105,40
93,105,41
93,105,42
93,105,43
93,105,44
93,105,45
93,105,46
93,105,47
93,105,48
93,105,49
93,106,40
93,106,41
93,106,42
93,106,43
93,106,44
93,106,45
93,106,46
93,106,47
93,106,48
93,106,49
93,107,41
93,107,42
93,107,43
93,107,44
93,107,45
93,107,46
93,107,47
93,107,48
93,107,49
93,108,41
93,108,42
93,108,43
93,108,44
93,108,45
93,108,46
93,108,47
93,108,48
93,108,49
93,109,41
93,109,42
93,109,43
93,109,44
93,109,45
93,109,46
93,109,47
93,109,48
93,110,41
93,110,42
93,110,43
93,110,44
93,110,45
93,110,46
93,110,47
93,110,48
93,111,41
93,111,42
93,111,43
93,111,44
93,111,45
93,111,46
93,111,47
93,112,42
93,112,43
93,112,44
93,112,45
93,112,46
93,112,47
94,93,46
94,93,47
94,93,48
94,94,43
94,94,44
94,94,45
94,94,46
94,94,47
94,94,48
94,94,49
94,95,42
94,95,43
94,95,44
94,95,45
94,95,46
94,95,47
94,95,48
94,95,49
94,95,50
94,96,41
94,96,42
94,96,43
94,96,44
94,96,45
94,96,46
94,96,47
94,96,48
94,96,49
94,96,50
94,97,41
94,97,42
94,97,43
94,97,44
94,97,45
94,97,46
94,97,47
94,97,48
94,97,49
94,97,50
94,98,41
94,98,42
94,98,43
94,98,44
94,98,45
94,98,46
94,98,47
94,98,48
94,98,49
94,98,50
94,99,40
94,99,41
94,99,42
94,99,43
94,99,44
94,99,45
94,99,46
94,99,47
94,99,48
94,99,49
94,99,50
94,100,40
94,100,41
94,100,42
94,100,43
94,100,44
94,100,45
94,100,46
94,100,47
94,100,48
94,100,49
94,100,50
94,101,41
94,101,42
94,101,43
94,101,44
94,101,45
94,101,46
94,101,47
94,101,48
94,101,49
94,101,50
94,102,41
94,102,42
94,102,43
94,102,44
94,102,45
94,102,46
94,102,47
94,102,48
94,102,49
94,102,50
94,103,41
94,103,42
94,103,43
94,103,44
94,103,45
94,103,46
94,103,47
94,103,48
94,103,49
94,103,50
94,104,41
94,104,42
94,104,43
94,104,44
94,104,45
94,104,46
94,104,47
94,104,48
94,104,49
94,105,41
94,105,42
94,105,43
94,105,44
94,105,45
94,105,46
94,105,47
94,105,48
94,105,49
94,106,41
94,106,42
94,106,43
94,106,44
94,106,45
94,106,46
94,106,47
94,106,48
94,106,49
94,107,41
94,107,42
94,107,43
94,107,44
94,107,45
94,107,46
94,107,47
94,107,48
94,108,42
94,108,43
94,108,44
94,108,45
94,108,46
94,108,47
94,108,48
94,109,42
94,109,43
94,109,44
94,109,45
94,109,46
94,109,47
94,109,48
94,110,42
94,110,43
94,110,44
94,110,45
94,110,46
94,110,47
94,111,43
94,111,44
94,111,45
94,111,46
95,94,42
95,94,43
95,94,44
95,94,45
95,94,46
95,94,47
95,95,42
95,95,43
95,95,44
95,95,45
95,95,46
95,95,47
95,95,48
95,96,42
95,96,43
95,96,44
95,96,45
95,96,46
95,96,47
95,96,48
95,96,49
95,97,42
95,97,43
95,97,44
95,97,45
95,97,46
95,97,47
95,97,48
95,97,49
95,98,41
95,98,42
95,98,43
95,98,44
95,98,45
95,98,46
95,98,47
95,98,48
95,98,49
95,99,41
95,99,42
95,99,43
95,99,44
95,99,45
95,99,46
95,99,47
95,99,48
95,99,49
95,100,41
95,100,42
95,100,43
95,100,44
95,100,45
95,100,46
95,100,47
95,100,48
95,100,49
95,101,41
95,101,42
95,101,43
95,101,44
95,101,45
95,101,46
95,101,47
95,101,48
95,101,49
95,102,41
95,102,42
95,102,43
95,102,44
95,102,45
95,102,46
95,102,47
95,102,48
95,102,49
95,103,41
95,103,42
95,103,43
95,103,44
95,103,45
95,103,46
95,103,47
95,103,48
95,103,49
95,104,42
95,104,43
95,104,44
95,104,45
95,104,46
95,104,47
95,104,48
95,104,49
95,105,42
95,105,43
95,105,44
95,105,45
95,105,46
95,105,47
95,105,48
95,106,42
95,106,43
95,106,44
95,106,45
95,106,46
95,106,47
95,106,48
95,107,42
95,107,43
95,107,44
95,107,45
95,107,46
95,107,47
95,107,48
95,108,42
95,108,43
95,108,44
95,108,45
95,108,46
95,108,47
95,109,43
95,109,44
95,109,45
95,109,46
95,110,44
95,110,45
96,95,43
96,95,44
96,95,45
96,95,46
96,96,43
96,96,44
96,96,45
96,96,46
96,96,47
96,97,43
96,97,44
96,97,45
96,97,46
96,97,48
96,98,42
96,98,43
96,98,44
96,98,45
96,98,46
96,98,47
96,98,48
96,99,42
96,99,43
96,99,44
96,99,45
96,99,46
96,99,47
96,99,48
96,100,42
96,100,43
96,100,44
96,100,45
96,100,46
96,100,47
96,100,48
96,101,41
96,101,42
96,101,43
96,101,44
96,101,45
96,101,46
96,101,47
96,101,48
96,102,42
96,102,43
96,102,44
96,102,45
96,102,46
96,102,47
96,102,48
96,103,42
96,103,43
96,103,44
96,103,45
96,103,46
96,103,47
96,103,48
96,104,42
96,104,43
96,104,44
96,104,45
96,104,46
96,104,47
96,104,48
96,105,42
96,105,43
96,105,44
96,105,45
96,105,46
96,105,47
96,106,43
96,106,44
96,106,45
96,106,46
96,106,47
96,107,43
96,107,44
96,107,45
96,107,46
96,108,44
96,108,45
97,98,44
97,98,45
97,99,43
97,99,44
97,99,45
97,100,43
97,100,44
97,100,45
97,100,46
97,101,42
97,101,43
97,101,44
97,101,45
97,101,46
97,101,47
97,102,42
97,102,43
97,102,44
97,102,45
97,102,46
97,103,42
97,103,43
97,103,44
97,103,45
97,103,46
97,103,47
97,104,43
97,104,44
97,104,45
97,104,46
97,105,43
97,105,44
97,105,45
