"x","y","z"
65,66,52
65,66,53
65,66,54
65,67,51
65,67,52
65,67,53
65,67,54
65,67,55
65,67,56
65,68,50
65,68,51
65,68,52
65,68,53
65,68,54
65,68,55
65,68,56
65,68,57
65,69,49
65,69,50
65,69,51
65,69,52
65,69,53
65,69,54
65,69,55
65,69,56
65,69,57
65,70,49
65,70,50
65,70,51
65,70,52
65,70,53
65,70,54
65,70,55
65,70,56
65,70,57
65,71,49
65,71,50
65,71,51
65,71,56
65,71,57
65,71,58
65,72,49
65,72,50
65,72,51
65,72,56
65,72,57
65,72,58
65,73,57
65,73,58
65,74,57
65,74,58
65,75,57
65,75,58
65,76,57
65,76,58
65,77,57
65,77,58
65,78,57
65,78,58
65,79,57
65,79,58
65,80,57
65,80,58
65,81,57
65,81,58
65,82,56
65,82,57
65,82,58
65,83,56
65,83,57
65,83,58
65,84,55
65,84,56
65,84,57
65,85,55
65,85,56
65,85,57
65,86,55
65,86,56
65,86,57
65,87,55
65,87,56
65,87,57
65,88,53
65,88,54
65,88,55
65,88,56
65,88,57
65,89,54
65,89,55
65,89,56
65,89,57
65,90,53
65,90,54
65,90,55
65,90,56
65,90,57
65,91,53
65,91,54
65,91,55
65,91,56
65,92,53
65,92,54
65,92,55
65,92,56
65,93,51
65,93,52
65,93,53
65,93,54
65,93,55
65,93,56
65,94,52
65,94,53
65,94,54
65,94,55
65,95,52
65,95,53
65,95,54
65,95,55
65,96,52
65,96,53
65,96,54
65,97,51
65,97,52
65,97,53
65,98,50
65,98,51
65,98,52
65,98,53
65,99,50
65,99,51
65,99,52
65,99,53
65,100,50
65,100,51
65,100,52
65,100,53
65,101,51
65,101,52
65,101,53
65,102,51
65,102,53
65,103,51
65,103,53
65,104,51
65,104,53
65,105,51
65,105,53
65,106,51
65,107,51
65,108,51
65,109,50
65,109,51
65,110,50
65,110,51
65,111,50
65,111,51
65,112,50
65,112,51
65,113,50
65,113,51
65,114,49
65,114,50
65,114,51
65,115,49
65,115,50
65,115,51
65,116,50
66,65,54
66,65,55
66,66,53
66,66,54
66,66,55
66,66,56
66,67,52
66,67,53
66,67,54
66,67,55
66,67,56
66,67,57
66,68,51
66,68,52
66,68,53
66,68,54
66,68,55
66,68,56
66,68,57
66,69,50
66,69,51
66,69,52
66,69,53
66,69,54
66,69,55
66,69,56
66,69,57
66,70,50
66,70,51
66,70,52
66,70,53
66,70,54
66,70,55
66,70,56
66,70,57
66,71,50
66,71,51
66,71,52
66,71,53
66,71,54
66,71,55
66,71,56
66,71,57
66,72,49
66,72,50
66,72,51
66,72,52
66,72,55
66,72,56
66,72,57
66,72,58
66,73,49
66,73,50
66,73,51
66,73,56
66,73,57
66,73,58
66,74,57
66,74,58
66,75,57
66,75,58
66,76,57
66,77,57
66,78,57
66,79,57
66,80,56
66,80,57
66,81,56
66,81,57
66,82,56
66,82,57
66,83,55
66,83,56
66,83,57
66,83,58
66,84,54
66,84,55
66,84,56
66,84,57
66,85,55
66,85,56
66,85,57
66,86,55
66,86,56
66,87,54
66,87,55
66,87,56
66,88,53
66,88,54
66,88,55
66,88,56
66,89,54
66,89,55
66,89,56
66,90,52
66,90,53
66,90,54
66,90,55
66,91,52
66,91,53
66,91,54
66,91,55
66,92,52
66,92,53
66,92,54
66,92,55
66,93,52
66,93,53
66,93,54
66,93,55
66,94,52
66,94,53
66,94,54
66,95,51
66,95,52
66,95,53
66,95,54
66,96,51
66,96,52
66,96,53
66,96,54
66,97,51
66,97,52
66,97,53
66,98,51
66,98,52
66,98,53
66,99,49
66,99,50
66,99,51
66,99,52
66,99,53
66,100,50
66,100,51
66,100,52
66,101,50
66,101,51
66,102,50
66,102,51
66,103,50
66,103,51
66,104,50
66,104,51
66,105,50
66,105,51
66,106,50
66,106,51
66,107,50
66,107,51
66,108,50
66,108,51
66,109,50
66,109,51
66,110,50
66,110,51
66,111,50
66,111,51
66,112,50
66,112,51
66,113,50
66,113,51
66,114,49
66,114,50
66,114,51
66,115,49
66,115,50
66,116,49
67,65,55
67,66,54
67,66,55
67,67,52
67,67,53
67,67,54
67,67,55
67,68,51
67,68,52
67,68,53
67,68,54
67,68,55
67,68,56
67,69,51
67,69,52
67,69,53
67,69,54
67,69,55
67,69,56
67,70,50
67,70,51
67,70,52
67,70,53
67,70,54
67,70,55
67,70,56
67,71,50
67,71,51
67,71,52
67,71,53
67,71,54
67,71,55
67,71,56
67,71,57
67,72,50
67,72,51
67,72,52
67,72,53
67,72,54
67,72,55
67,72,56
67,72,57
67,73,50
67,73,51
67,73,52
67,73,55
67,73,56
67,73,57
67,74,50
67,74,51
67,74,56
67,74,57
67,75,56
67,75,57
67,76,56
67,76,57
67,77,56
67,77,57
67,78,56
67,78,57
67,79,56
67,79,57
67,80,56
67,80,57
67,81,55
67,81,56
67,82,55
67,82,56
67,83,54
67,83,55
67,83,56
67,84,53
67,84,54
67,84,55
67,85,53
67,85,54
67,85,55
67,86,53
67,86,54
67,86,55
67,87,53
67,87,54
67,87,55
67,88,52
67,88,53
67,88,54
67,88,55
67,89,52
67,89,53
67,89,54
67,90,52
67,90,53
67,90,54
67,91,52
67,91,53
67,92,51
67,92,52
67,92,53
67,93,51
67,93,52
67,93,53
67,94,51
67,94,52
67,94,53
67,95,51
67,95,52
67,95,53
67,96,51
67,96,52
67,96,53
67,97,51
67,97,52
67,97,53
67,98,50
67,98,51
67,98,52
67,99,50
67,99,51
67,99,52
67,100,49
67,100,50
67,100,51
67,101,49
67,101,50
67,101,51
67,102,49
67,102,50
67,102,51
67,103,50
67,103,51
67,104,50
67,104,51
67,105,50
67,105,51
67,106,50
67,106,51
67,107,50
67,107,51
67,108,50
67,108,51
67,109,50
67,109,51
67,110,50
67,110,51
67,111,50
67,111,51
67,112,50
67,112,51
67,113,50
67,113,51
67,114,49
67,114,50
67,114,51
67,115,49
67,115,50
67,116,49
68,66,55
68,67,53
68,67,54
68,67,55
68,67,56
68,68,52
68,68,53
68,68,54
68,68,55
68,68,56
68,68,57
68,69,51
68,69,52
68,69,53
68,69,54
68,69,55
68,69,56
68,69,57
68,70,51
68,70,52
68,70,53
68,70,54
68,70,55
68,70,56
68,70,57
68,71,51
68,71,52
68,71,53
68,71,54
68,71,55
68,71,56
68,71,57
68,72,50
68,72,51
68,72,52
68,72,53
68,72,54
68,72,55
68,72,56
68,72,57
68,73,50
68,73,51
68,73,52
68,73,53
68,73,54
68,73,55
68,73,56
68,73,57
68,74,50
68,74,51
68,74,52
68,74,53
68,74,54
68,74,55
68,74,56
68,74,57
68,75,50
68,75,51
68,75,55
68,75,56
68,76,55
68,76,56
68,77,55
68,77,56
68,78,55
68,78,56
68,79,55
68,79,56
68,80,55
68,80,56
68,81,55
68,81,56
68,82,54
68,82,55
68,82,56
68,83,54
68,83,55
68,83,56
68,84,53
68,84,54
68,84,55
68,85,52
68,85,53
68,85,54
68,85,55
68,86,52
68,86,53
68,86,54
68,86,55
68,87,52
68,87,53
68,87,54
68,87,55
68,88,52
68,88,53
68,88,54
68,89,51
68,89,52
68,89,53
68,89,54
68,90,51
68,90,52
68,90,53
68,91,51
68,91,52
68,91,53
68,92,51
68,92,52
68,92,53
68,93,50
68,93,51
68,93,52
68,93,53
68,94,50
68,94,51
68,94,52
68,94,53
68,95,50
68,95,51
68,95,52
68,96,49
68,96,50
68,96,51
68,96,52
68,97,50
68,97,51
68,97,52
68,98,50
68,98,51
68,99,49
68,99,50
68,99,51
68,100,49
68,100,50
68,100,51
68,101,49
68,101,50
68,101,51
68,102,49
68,102,50
68,102,51
68,103,49
68,103,50
68,103,51
68,104,49
68,104,50
68,104,51
68,105,49
68,105,50
68,105,51
68,106,49
68,106,50
68,106,51
68,107,50
68,107,51
68,108,50
68,108,51
68,109,50
68,109,51
68,110,50
68,110,51
68,111,50
68,111,51
68,112,50
68,112,51
68,113,49
68,113,50
68,113,51
68,114,49
68,114,50
68,114,51
68,115,49
68,115,50
68,115,51
68,116,49
68,116,50
68,116,51
68,117,49
68,117,50
69,67,53
69,67,55
69,68,52
69,68,53
69,68,54
69,68,55
69,68,56
69,69,51
69,69,52
69,69,53
69,69,54
69,69,55
69,69,56
69,70,51
69,70,52
69,70,53
69,70,54
69,70,55
69,70,56
69,71,51
69,71,52
69,71,53
69,71,54
69,71,55
69,71,56
69,72,51
69,72,52
69,72,53
69,72,54
69,72,55
69,72,56
69,73,50
69,73,51
69,73,52
69,73,53
69,73,54
69,73,55
69,73,56
69,74,50
69,74,51
69,74,52
69,74,53
69,74,54
69,74,55
69,74,56
69,75,50
69,75,51
69,75,52
69,75,53
69,75,54
69,75,55
69,75,56
69,76,50
69,76,51
69,76,52
69,76,53
69,76,54
69,76,55
69,76,56
69,77,54
69,77,55
69,77,56
69,78,54
69,78,55
69,79,54
69,79,55
69,80,54
69,80,55
69,81,54
69,81,55
69,82,53
69,82,54
69,82,55
69,83,53
69,83,54
69,83,55
69,84,52
69,84,53
69,84,54
69,85,51
69,85,52
69,85,53
69,85,54
69,86,51
69,86,52
69,86,53
69,86,54
69,87,51
69,87,52
69,87,53
69,87,54
69,88,51
69,88,52
69,88,53
69,89,50
69,89,51
69,89,52
69,89,53
69,90,50
69,90,51
69,90,52
69,91,50
69,91,51
69,91,52
69,92,50
69,92,51
69,92,52
69,93,50
69,93,51
69,93,52
69,94,50
69,94,51
69,94,52
69,95,50
69,95,51
69,96,49
69,96,50
69,96,51
69,97,49
69,97,50
69,97,51
69,98,49
69,98,50
69,98,51
69,99,49
69,99,50
69,99,51
69,100,49
69,100,50
69,100,51
69,101,49
69,101,50
69,101,51
69,102,49
69,102,50
69,102,51
69,103,49
69,103,50
69,103,51
69,104,49
69,104,50
69,104,51
69,105,49
69,105,50
69,105,51
69,106,49
69,106,50
69,106,51
69,107,49
69,107,50
69,107,51
69,108,49
69,108,50
69,108,51
69,109,49
69,109,50
69,109,51
69,110,49
69,110,50
69,110,51
69,111,49
69,111,50
69,111,51
69,112,49
69,112,50
69,112,51
69,113,49
69,113,50
69,113,51
69,114,49
69,114,50
69,114,51
69,115,49
69,115,50
69,115,51
69,116,49
69,116,50
69,116,51
69,117,49
69,117,50
69,117,51
69,118,49
69,118,50
69,119,48
69,119,49
69,119,50
69,120,47
69,120,48
69,120,49
69,120,50
69,121,47
69,121,48
69,121,49
69,121,50
69,122,48
69,122,49
69,122,50
69,123,47
69,123,48
69,123,49
69,123,50
69,124,46
69,124,47
69,124,48
69,124,49
69,124,50
69,125,45
69,125,46
69,125,47
69,125,48
69,125,49
69,126,46
69,126,47
70,67,54
70,67,55
70,68,52
70,68,53
70,68,54
70,68,55
70,69,51
70,69,52
70,69,53
70,69,54
70,69,55
70,69,56
70,70,51
70,70,52
70,70,53
70,70,54
70,70,55
70,70,56
70,71,50
70,71,51
70,71,52
70,71,53
70,71,54
70,71,55
70,71,56
70,72,51
70,72,52
70,72,53
70,72,54
70,72,55
70,72,56
70,73,51
70,73,52
70,73,53
70,73,54
70,73,55
70,73,56
70,74,50
70,74,51
70,74,52
70,74,53
70,74,54
70,74,55
70,74,56
70,75,50
70,75,51
70,75,52
70,75,53
70,75,54
70,75,55
70,75,56
70,76,50
70,76,51
70,76,52
70,76,53
70,76,54
70,76,55
70,76,56
70,77,50
70,77,51
70,77,52
70,77,53
70,77,54
70,77,55
70,77,56
70,78,51
70,78,52
70,78,53
70,78,54
70,79,52
70,79,53
70,79,54
70,80,53
70,80,54
70,81,53
70,81,54
70,82,52
70,82,53
70,82,54
70,83,52
70,83,53
70,84,52
70,84,53
70,85,51
70,85,52
70,85,53
70,86,50
70,86,51
70,86,52
70,86,53
70,87,50
70,87,51
70,87,52
70,87,53
70,88,50
70,88,51
70,88,52
70,89,50
70,89,51
70,89,52
70,90,50
70,90,51
70,90,52
70,91,50
70,91,51
70,91,52
70,92,50
70,92,51
70,92,52
70,93,50
70,93,51
70,93,52
70,94,50
70,94,51
70,94,52
70,95,50
70,95,51
70,95,52
70,96,50
70,96,51
70,96,52
70,97,49
70,97,50
70,97,51
70,97,52
70,98,49
70,98,50
70,98,51
70,99,49
70,99,50
70,99,51
70,100,48
70,100,49
70,100,50
70,101,48
70,101,49
70,101,50
70,102,48
70,102,49
70,102,50
70,103,49
70,103,50
70,103,51
70,104,49
70,104,50
70,104,51
70,105,48
70,105,49
70,105,50
70,105,51
70,106,48
70,106,49
70,106,50
70,106,51
70,107,48
70,107,49
70,107,50
70,107,51
70,108,48
70,108,49
70,108,50
70,108,51
70,109,48
70,109,49
70,109,50
70,109,51
70,110,48
70,110,49
70,110,50
70,110,51
70,111,49
70,111,50
70,111,51
70,112,49
70,112,50
70,112,51
70,113,49
70,113,50
70,113,51
70,114,49
70,114,50
70,114,51
70,115,49
70,115,50
70,115,51
70,116,49
70,116,50
70,116,51
70,117,48
70,117,49
70,117,50
70,117,51
70,118,48
70,118,49
70,118,50
70,118,51
70,119,48
70,119,49
70,119,50
70,119,51
70,120,47
70,120,48
70,120,49
70,120,50
70,120,51
70,121,47
70,121,48
70,121,49
70,121,50
70,121,51
70,122,46
70,122,47
70,122,48
70,122,49
70,122,50
70,122,51
70,123,44
70,123,45
70,123,46
70,123,47
70,123,48
70,123,49
70,123,50
70,123,51
70,124,43
70,124,44
70,124,45
70,124,46
70,124,47
70,124,48
70,124,49
70,124,50
70,124,51
70,125,44
70,125,45
70,125,46
70,125,47
70,125,48
70,125,49
70,125,50
70,126,45
70,126,46
70,126,47
70,126,48
70,126,49
70,127,46
70,127,47
71,68,52
71,68,53
71,68,54
71,68,55
71,69,51
71,69,52
71,69,53
71,69,54
71,69,55
71,69,56
71,70,51
71,70,52
71,70,53
71,70,54
71,70,55
71,70,56
71,71,51
71,71,52
71,71,53
71,71,54
71,71,55
71,71,56
71,72,51
71,72,52
71,72,53
71,72,54
71,72,55
71,72,56
71,73,51
71,73,52
71,73,53
71,73,54
71,73,55
71,73,56
71,74,51
71,74,52
71,74,53
71,74,54
71,74,55
71,74,56
71,75,51
71,75,52
71,75,53
71,75,54
71,75,55
71,75,56
71,75,57
71,76,50
71,76,51
71,76,52
71,76,53
71,76,54
71,76,55
71,76,56
71,76,57
71,77,50
71,77,51
71,77,52
71,77,53
71,77,54
71,77,55
71,77,56
71,78,50
71,78,51
71,78,52
71,78,53
71,78,54
71,78,55
71,79,51
71,79,52
71,79,53
71,79,54
71,80,51
71,80,52
71,80,53
71,80,54
71,81,52
71,81,53
71,81,54
71,82,52
71,82,53
71,82,54
71,83,51
71,83,52
71,83,53
71,84,51
71,84,52
71,84,53
71,85,50
71,85,51
71,85,52
71,85,53
71,86,50
71,86,51
71,86,52
71,87,50
71,87,51
71,87,52
71,88,50
71,88,51
71,88,52
71,89,50
71,89,51
71,90,50
71,90,51
71,91,50
71,91,51
71,92,50
71,92,51
71,93,50
71,93,51
71,94,50
71,94,51
71,95,49
71,95,50
71,96,49
71,96,50
71,97,49
71,97,50
71,98,49
71,98,50
71,99,49
71,99,50
71,100,49
71,100,50
71,101,49
71,101,50
71,102,49
71,102,50
71,103,48
71,103,49
71,103,50
71,104,48
71,104,49
71,104,50
71,105,48
71,105,49
71,105,50
71,106,47
71,106,48
71,106,49
71,106,50
71,106,51
71,107,48
71,107,49
71,107,50
71,107,51
71,108,48
71,108,49
71,108,50
71,108,51
71,109,48
71,109,49
71,109,50
71,109,51
71,110,48
71,110,49
71,110,50
71,110,51
71,111,48
71,111,49
71,111,50
71,111,51
71,112,48
71,112,49
71,112,50
71,112,51
71,113,48
71,113,49
71,113,50
71,113,51
71,114,48
71,114,49
71,114,50
71,114,51
71,115,48
71,115,49
71,115,50
71,115,51
71,116,48
71,116,49
71,116,50
71,116,51
71,117,48
71,117,49
71,117,50
71,117,51
71,118,47
71,118,48
71,118,49
71,118,50
71,118,51
71,119,47
71,119,48
71,119,49
71,119,50
71,119,51
71,120,47
71,120,48
71,120,49
71,120,50
71,120,51
71,121,45
71,121,46
71,121,47
71,121,48
71,121,49
71,121,50
71,121,51
71,122,43
71,122,44
71,122,45
71,122,46
71,122,47
71,122,48
71,122,49
71,122,50
71,122,51
71,123,42
71,123,43
71,123,44
71,123,45
71,123,46
71,123,47
71,123,48
71,123,49
71,123,50
71,123,51
71,124,42
71,124,43
71,124,44
71,124,45
71,124,46
71,124,47
71,124,48
71,124,49
71,124,50
71,124,51
71,125,43
71,125,44
71,125,45
71,125,46
71,125,47
71,125,48
71,125,49
71,125,50
71,126,48
71,126,49
71,127,47
72,68,54
72,69,52
72,69,53
72,69,54
72,69,55
72,70,51
72,70,52
72,70,53
72,70,54
72,70,55
72,71,51
72,71,52
72,71,53
72,71,54
72,71,55
72,72,51
72,72,52
72,72,53
72,72,54
72,72,55
72,73,51
72,73,52
72,73,53
72,73,54
72,73,55
72,74,51
72,74,52
72,74,53
72,74,54
72,74,55
72,75,51
72,75,52
72,75,53
72,75,54
72,75,55
72,76,51
72,76,52
72,76,53
72,76,54
72,77,50
72,77,51
72,77,52
72,77,53
72,77,54
72,78,50
72,78,51
72,78,52
72,78,53
72,78,54
72,79,50
72,79,51
72,79,52
72,79,53
72,80,51
72,80,52
72,80,53
72,81,51
72,81,52
72,81,53
72,82,51
72,82,52
72,82,53
72,83,50
72,83,51
72,83,52
72,84,50
72,84,51
72,84,52
72,85,50
72,85,51
72,85,52
72,86,49
72,86,50
72,86,51
72,86,52
72,87,49
72,87,50
72,87,51
72,88,49
72,88,50
72,88,51
72,89,49
72,89,50
72,89,51
72,90,49
72,90,50
72,90,51
72,91,49
72,91,50
72,91,51
72,92,49
72,92,50
72,92,51
72,93,49
72,93,50
72,93,51
72,94,49
72,94,50
72,95,48
72,95,49
72,95,50
72,96,48
72,96,49
72,96,50
72,97,48
72,97,49
72,97,50
72,98,48
72,98,49
72,98,50
72,99,48
72,99,49
72,99,50
72,100,48
72,100,49
72,100,50
72,101,48
72,101,49
72,101,50
72,102,48
72,102,49
72,102,50
72,103,47
72,103,48
72,103,49
72,103,50
72,104,47
72,104,48
72,104,49
72,104,50
72,105,48
72,105,49
72,105,50
72,106,48
72,106,49
72,106,50
72,107,48
72,107,49
72,107,50
72,108,48
72,108,49
72,108,50
72,109,48
72,109,49
72,109,50
72,110,48
72,110,49
72,110,50
72,111,47
72,111,48
72,111,49
72,111,50
72,112,47
72,112,48
72,112,49
72,112,50
72,113,47
72,113,48
72,113,49
72,113,50
72,114,47
72,114,48
72,114,49
72,114,50
72,115,48
72,115,49
72,115,50
72,116,47
72,116,48
72,116,49
72,116,50
72,117,47
72,117,48
72,117,49
72,117,50
72,118,47
72,118,48
72,118,49
72,118,50
72,119,47
72,119,48
72,119,49
72,119,50
72,120,45
72,120,46
72,120,47
72,120,48
72,120,49
72,120,50
72,121,42
72,121,43
72,121,44
72,121,45
72,121,46
72,121,47
72,121,48
72,121,49
72,121,50
72,122,41
72,122,42
72,122,43
72,122,44
72,122,45
72,122,46
72,122,47
72,122,48
72,122,49
72,122,50
72,123,42
72,123,43
72,123,44
72,123,45
72,123,46
72,123,47
72,123,48
72,123,49
72,124,44
72,124,45
72,124,46
72,124,47
72,124,48
73,68,54
73,69,51
73,69,52
73,69,53
73,69,54
73,70,51
73,70,52
73,70,53
73,70,54
73,70,55
73,71,51
73,71,52
73,71,53
73,71,54
73,71,55
73,72,51
73,72,52
73,72,53
73,72,54
73,72,55
73,73,50
73,73,51
73,73,52
73,73,53
73,73,54
73,73,55
73,74,50
73,74,51
73,74,52
73,74,53
73,74,54
73,74,55
73,75,51
73,75,52
73,75,53
73,75,54
73,75,55
73,76,51
73,76,52
73,76,53
73,76,54
73,77,51
73,77,52
73,77,53
73,77,54
73,78,51
73,78,52
73,78,53
73,79,50
73,79,51
73,79,52
73,79,53
73,80,50
73,80,51
73,80,52
73,80,53
73,81,50
73,81,51
73,81,52
73,81,53
73,82,50
73,82,51
73,82,52
73,83,50
73,83,51
73,83,52
73,84,49
73,84,50
73,84,51
73,84,52
73,85,49
73,85,50
73,85,51
73,85,52
73,86,49
73,86,50
73,86,51
73,87,49
73,87,50
73,87,51
73,88,49
73,88,50
73,88,51
73,89,49
73,89,50
73,89,51
73,90,49
73,90,50
73,90,51
73,91,49
73,91,50
73,91,51
73,92,49
73,92,50
73,92,51
73,93,49
73,93,50
73,93,51
73,94,48
73,94,49
73,94,50
73,94,51
73,95,48
73,95,49
73,95,50
73,96,48
73,96,49
73,96,50
73,97,48
73,97,49
73,97,50
73,98,48
73,98,49
73,98,50
73,99,48
73,99,49
73,99,50
73,100,48
73,100,49
73,100,50
73,101,48
73,101,49
73,101,50
73,102,47
73,102,48
73,102,49
73,102,50
73,103,48
73,103,49
73,103,50
73,104,48
73,104,49
73,104,50
73,105,48
73,105,49
73,105,50
73,106,47
73,106,48
73,106,49
73,106,50
73,107,48
73,107,49
73,107,50
73,108,47
73,108,48
73,108,49
73,108,50
73,109,48
73,109,49
73,109,50
73,110,48
73,110,49
73,110,50
73,111,48
73,111,49
73,111,50
73,112,47
73,112,48
73,112,49
73,112,50
73,113,47
73,113,48
73,113,49
73,113,50
73,114,48
73,114,49
73,114,50
73,115,48
73,115,49
73,115,50
73,116,48
73,116,49
73,116,50
73,117,47
73,117,48
73,117,49
73,117,50
73,118,47
73,118,48
73,118,49
73,118,50
73,119,46
73,119,47
73,119,48
73,119,49
73,120,42
73,120,43
73,120,44
73,120,45
73,120,46
73,120,47
73,120,48
73,120,49
73,121,42
73,121,43
73,121,44
73,121,45
73,121,46
73,121,47
73,121,48
73,121,49
73,122,42
73,122,43
73,122,44
73,122,45
73,122,46
73,122,47
73,122,48
73,123,44
73,123,45
73,123,46
73,123,47
74,68,52
74,69,51
74,69,52
74,69,53
74,69,54
74,69,55
74,70,51
74,70,52
74,70,53
74,70,54
74,70,55
74,71,51
74,71,52
74,71,53
74,71,54
74,71,55
74,71,56
74,72,50
74,72,51
74,72,52
74,72,53
74,72,54
74,72,55
74,72,56
74,73,50
74,73,51
74,73,52
74,73,53
74,73,54
74,73,55
74,74,50
74,74,51
74,74,52
74,74,53
74,74,54
74,74,55
74,75,51
74,75,52
74,75,53
74,75,54
74,75,55
74,76,51
74,76,52
74,76,53
74,76,54
74,77,51
74,77,52
74,77,53
74,77,54
74,78,51
74,78,52
74,78,53
74,78,54
74,79,51
74,79,52
74,79,53
74,80,50
74,80,51
74,80,52
74,80,53
74,81,50
74,81,51
74,81,52
74,81,53
74,82,50
74,82,51
74,82,52
74,83,50
74,83,51
74,83,52
74,84,49
74,84,50
74,84,51
74,84,52
74,85,49
74,85,50
74,85,51
74,85,52
74,86,48
74,86,49
74,86,50
74,86,51
74,86,52
74,87,49
74,87,50
74,87,51
74,87,52
74,88,49
74,88,50
74,88,51
74,88,52
74,89,49
74,89,50
74,89,51
74,90,49
74,90,50
74,90,51
74,91,49
74,91,50
74,91,51
74,92,48
74,92,49
74,92,50
74,92,51
74,93,48
74,93,49
74,93,50
74,93,51
74,94,48
74,94,49
74,94,50
74,94,51
74,95,48
74,95,49
74,95,50
74,95,51
74,96,48
74,96,49
74,96,50
74,96,51
74,97,48
74,97,49
74,97,50
74,97,51
74,98,48
74,98,49
74,98,50
74,98,51
74,99,48
74,99,49
74,99,50
74,99,51
74,100,48
74,100,49
74,100,50
74,100,51
74,101,48
74,101,49
74,101,50
74,101,51
74,102,48
74,102,49
74,102,50
74,102,51
74,103,47
74,103,48
74,103,49
74,103,50
74,103,51
74,104,47
74,104,48
74,104,49
74,104,50
74,104,51
74,105,47
74,105,48
74,105,49
74,105,50
74,105,51
74,106,47
74,106,48
74,106,49
74,106,50
74,106,51
74,107,48
74,107,49
74,107,50
74,107,51
74,107,52
74,108,46
74,108,47
74,108,48
74,108,49
74,108,50
74,108,51
74,108,52
74,109,46
74,109,47
74,109,48
74,109,49
74,109,50
74,109,51
74,110,46
74,110,47
74,110,48
74,110,49
74,110,50
74,110,51
74,111,47
74,111,48
74,111,49
74,111,50
74,111,51
74,112,47
74,112,48
74,112,49
74,112,50
74,112,51
74,113,47
74,113,48
74,113,49
74,113,50
74,113,51
74,114,47
74,114,48
74,114,49
74,114,50
74,114,51
74,115,47
74,115,48
74,115,49
74,115,50
74,115,51
74,116,47
74,116,48
74,116,49
74,116,50
74,116,51
74,117,47
74,117,48
74,117,49
74,117,50
74,117,51
74,118,46
74,118,47
74,118,48
74,118,49
74,118,50
74,118,51
74,119,43
74,119,44
74,119,45
74,119,46
74,119,47
74,119,48
74,119,49
74,119,50
74,119,51
74,120,43
74,120,44
74,120,45
74,120,46
74,120,47
74,120,48
74,120,49
74,120,50
74,121,43
74,121,44
74,121,45
74,121,46
74,121,47
74,121,48
74,121,49
74,122,44
74,122,45
74,122,46
74,122,47
74,122,48
75,68,52
75,68,53
75,68,54
75,69,52
75,69,53
75,69,54
75,69,55
75,70,51
75,70,52
75,70,53
75,70,54
75,70,55
75,70,56
75,71,51
75,71,52
75,71,53
75,71,54
75,71,55
75,71,56
75,72,51
75,72,52
75,72,53
75,72,54
75,72,55
75,72,56
75,73,50
75,73,51
75,73,52
75,73,53
75,73,54
75,73,55
75,74,50
75,74,51
75,74,52
75,74,53
75,74,54
75,74,55
75,75,50
75,75,51
75,75,52
75,75,53
75,75,54
75,75,55
75,76,51
75,76,52
75,76,53
75,76,54
75,76,55
75,77,51
75,77,52
75,77,53
75,77,54
75,78,51
75,78,52
75,78,53
75,78,54
75,79,51
75,79,52
75,79,53
75,80,50
75,80,51
75,80,52
75,80,53
75,81,50
75,81,51
75,81,52
75,81,53
75,82,50
75,82,51
75,82,52
75,83,48
75,83,49
75,83,50
75,83,51
75,83,52
75,84,48
75,84,49
75,84,50
75,84,51
75,84,52
75,85,49
75,85,50
75,85,51
75,86,48
75,86,49
75,86,50
75,86,51
75,87,48
75,87,49
75,87,50
75,87,51
75,88,49
75,88,50
75,88,51
75,89,48
75,89,49
75,89,50
75,89,51
75,90,48
75,90,49
75,90,50
75,90,51
75,91,48
75,91,49
75,91,50
75,91,51
75,92,47
75,92,48
75,92,49
75,92,50
75,92,51
75,92,52
75,93,47
75,93,48
75,93,49
75,93,50
75,93,51
75,93,52
75,94,47
75,94,48
75,94,49
75,94,50
75,94,51
75,94,52
75,95,47
75,95,48
75,95,49
75,95,50
75,95,51
75,96,47
75,96,48
75,96,49
75,96,50
75,96,51
75,97,48
75,97,49
75,97,50
75,97,51
75,97,52
75,98,48
75,98,49
75,98,50
75,98,51
75,99,47
75,99,48
75,99,49
75,99,50
75,99,51
75,100,47
75,100,48
75,100,49
75,100,50
75,100,51
75,101,47
75,101,48
75,101,49
75,101,50
75,101,51
75,102,47
75,102,48
75,102,49
75,102,50
75,103,47
75,103,48
75,103,49
75,104,47
75,104,48
75,104,49
75,105,47
75,105,48
75,105,49
75,105,50
75,105,51
75,106,47
75,106,48
75,106,49
75,106,50
75,106,51
75,107,48
75,107,49
75,107,50
75,107,51
75,108,46
75,108,47
75,108,48
75,108,49
75,108,50
75,108,51
75,109,47
75,109,48
75,109,49
75,109,50
75,109,51
75,110,47
75,110,48
75,110,49
75,110,50
75,110,51
75,111,47
75,111,48
75,111,49
75,111,50
75,112,47
75,112,48
75,112,49
75,113,47
75,113,48
75,113,49
75,113,50
75,114,47
75,114,48
75,114,49
75,114,50
75,115,47
75,115,48
75,115,49
75,115,50
75,116,47
75,116,48
75,116,49
75,116,50
75,117,47
75,117,48
75,117,49
75,117,50
75,117,51
75,118,44
75,118,45
75,118,46
75,118,47
75,118,48
75,118,49
75,119,43
75,119,44
75,119,45
75,119,46
75,119,47
75,119,48
75,119,49
75,119,50
75,120,43
75,120,44
75,120,45
75,120,46
75,120,47
75,120,48
75,120,49
75,120,50
75,121,44
75,121,45
75,121,46
75,121,47
75,121,48
75,121,49
75,122,47
75,122,48
76,67,53
76,67,54
76,67,55
76,68,52
76,68,53
76,69,52
76,69,53
76,70,50
76,70,51
76,70,52
76,70,53
76,70,54
76,71,51
76,71,52
76,71,53
76,71,54
76,71,55
76,72,50
76,72,51
76,72,52
76,72,53
76,72,54
76,72,55
76,73,50
76,73,51
76,73,52
76,73,53
76,73,54
76,73,55
76,74,50
76,74,51
76,74,52
76,74,53
76,74,54
76,74,55
76,75,51
76,75,52
76,75,53
76,75,54
76,76,51
76,76,52
76,76,53
76,76,54
76,77,51
76,77,52
76,77,53
76,77,54
76,78,51
76,78,52
76,78,53
76,79,50
76,79,51
76,79,52
76,79,53
76,80,50
76,80,51
76,80,52
76,81,50
76,81,51
76,81,52
76,82,50
76,82,51
76,82,52
76,83,48
76,83,49
76,83,50
76,83,51
76,83,52
76,84,49
76,84,50
76,84,51
76,85,49
76,85,50
76,85,51
76,86,47
76,86,48
76,86,49
76,86,50
76,86,51
76,87,47
76,87,48
76,87,49
76,87,50
76,87,51
76,88,48
76,88,49
76,88,50
76,88,51
76,89,48
76,89,49
76,89,50
76,90,48
76,90,49
76,90,50
76,90,51
76,90,52
76,91,47
76,91,48
76,91,49
76,91,50
76,91,51
76,91,52
76,92,47
76,92,48
76,92,49
76,92,50
76,92,51
76,92,52
76,93,47
76,93,48
76,93,49
76,93,50
76,93,51
76,93,52
76,94,47
76,94,48
76,94,49
76,94,50
76,94,51
76,94,52
76,95,47
76,95,48
76,95,49
76,95,50
76,95,51
76,96,47
76,96,48
76,96,49
76,96,50
76,96,51
76,97,47
76,97,48
76,97,49
76,97,50
76,97,51
76,98,47
76,98,48
76,98,49
76,98,50
76,99,47
76,99,48
76,99,49
76,100,47
76,100,48
76,100,49
76,101,47
76,101,48
76,101,49
76,102,47
76,102,48
76,102,49
76,103,47
76,103,48
76,103,49
76,104,47
76,104,48
76,104,49
76,105,47
76,105,48
76,105,49
76,105,50
76,106,47
76,106,48
76,106,49
76,106,50
76,107,48
76,107,49
76,107,50
76,108,47
76,108,48
76,108,49
76,108,50
76,108,51
76,109,47
76,109,48
76,109,49
76,109,50
76,109,51
76,110,47
76,110,48
76,110,49
76,110,50
76,111,47
76,111,48
76,111,49
76,112,47
76,112,48
76,112,49
76,113,47
76,113,48
76,113,49
76,113,50
76,114,47
76,114,48
76,114,49
76,114,50
76,115,47
76,115,48
76,115,49
76,115,50
76,116,47
76,116,48
76,116,49
76,116,50
76,117,47
76,117,48
76,117,49
76,117,50
76,118,46
76,118,47
76,118,48
76,118,49
76,119,43
76,119,44
76,119,45
76,119,46
76,119,47
76,119,48
76,119,49
76,120,43
76,120,44
76,120,45
76,120,46
76,120,47
76,120,48
76,121,44
76,121,45
76,121,46
76,121,47
77,69,52
77,69,53
77,69,54
77,70,51
77,70,52
77,70,53
77,70,54
77,70,55
77,71,51
77,71,52
77,71,53
77,71,54
77,71,55
77,72,50
77,72,51
77,72,52
77,72,53
77,72,54
77,72,55
77,72,56
77,73,50
77,73,51
77,73,52
77,73,53
77,73,54
77,73,55
77,73,56
77,74,50
77,74,51
77,74,52
77,74,53
77,74,54
77,74,55
77,75,51
77,75,52
77,75,53
77,75,54
77,75,55
77,76,51
77,76,52
77,76,53
77,76,54
77,77,51
77,77,52
77,77,53
77,77,54
77,78,51
77,78,52
77,78,53
77,78,54
77,79,51
77,79,52
77,79,53
77,80,50
77,80,51
77,80,52
77,80,53
77,81,50
77,81,51
77,81,52
77,81,53
77,82,50
77,82,51
77,82,52
77,82,53
77,83,50
77,83,51
77,83,52
77,83,53
77,84,48
77,84,49
77,84,50
77,84,51
77,84,52
77,84,53
77,85,48
77,85,49
77,85,50
77,85,51
77,85,52
77,86,49
77,86,50
77,86,51
77,86,52
77,87,48
77,87,49
77,87,50
77,87,51
77,87,52
77,88,49
77,88,50
77,88,51
77,88,52
77,89,48
77,89,49
77,89,50
77,89,51
77,90,48
77,90,49
77,90,50
77,90,51
77,91,48
77,91,49
77,91,50
77,91,51
77,92,47
77,92,48
77,92,49
77,92,50
77,92,51
77,93,47
77,93,48
77,93,49
77,93,50
77,93,51
77,93,52
77,94,47
77,94,48
77,94,49
77,94,50
77,94,51
77,94,52
77,95,47
77,95,48
77,95,49
77,95,50
77,95,51
77,96,47
77,96,48
77,96,49
77,96,50
77,96,51
77,97,48
77,97,49
77,97,50
77,97,51
77,98,48
77,98,49
77,98,50
77,99,47
77,99,48
77,99,49
77,99,50
77,99,51
77,100,47
77,100,48
77,100,49
77,100,50
77,101,47
77,101,48
77,101,49
77,101,50
77,102,47
77,102,48
77,102,49
77,102,50
77,102,51
77,103,47
77,103,48
77,103,49
77,103,50
77,103,51
77,104,47
77,104,48
77,104,49
77,104,50
77,104,51
77,105,47
77,105,48
77,105,49
77,105,50
77,106,47
77,106,48
77,106,49
77,106,50
77,107,48
77,107,49
77,107,50
77,108,47
77,108,48
77,108,49
77,108,50
77,108,51
77,109,47
77,109,48
77,109,49
77,109,50
77,109,51
77,110,47
77,110,48
77,110,49
77,110,50
77,110,51
77,111,47
77,111,48
77,111,49
77,111,50
77,111,51
77,112,47
77,112,48
77,112,49
77,112,50
77,112,51
77,113,47
77,113,48
77,113,49
77,113,50
77,113,51
77,114,47
77,114,48
77,114,49
77,114,50
77,114,51
77,114,52
77,115,47
77,115,48
77,115,49
77,115,50
77,115,51
77,115,52
77,116,47
77,116,48
77,116,49
77,116,50
77,116,51
77,116,52
77,117,47
77,117,48
77,117,49
77,117,50
77,117,51
77,118,44
77,118,45
77,118,46
77,118,47
77,118,48
77,118,49
77,118,50
77,118,51
77,119,43
77,119,44
77,119,45
77,119,46
77,119,47
77,119,48
77,119,49
77,119,50
77,120,43
77,120,44
77,120,45
77,120,46
77,120,47
77,120,48
77,120,49
77,120,50
77,121,44
77,121,45
77,121,46
77,121,47
77,121,48
77,121,49
77,122,47
77,122,48
78,67,53
78,68,52
78,68,53
78,68,54
78,69,51
78,69,52
78,69,53
78,69,54
78,69,55
78,70,51
78,70,52
78,70,53
78,70,54
78,70,55
78,71,50
78,71,51
78,71,52
78,71,53
78,71,54
78,71,55
78,72,50
78,72,51
78,72,52
78,72,53
78,72,54
78,72,55
78,72,56
78,73,50
78,73,51
78,73,52
78,73,53
78,73,54
78,73,55
78,74,51
78,74,52
78,74,53
78,74,54
78,74,55
78,75,51
78,75,52
78,75,53
78,75,54
78,75,55
78,76,51
78,76,52
78,76,53
78,76,54
78,76,55
78,77,51
78,77,52
78,77,53
78,77,54
78,78,51
78,78,52
78,78,53
78,78,54
78,79,51
78,79,52
78,79,53
78,80,50
78,80,51
78,80,52
78,80,53
78,81,50
78,81,51
78,81,52
78,81,53
78,82,50
78,82,51
78,82,52
78,82,53
78,83,50
78,83,51
78,83,52
78,84,49
78,84,50
78,84,51
78,84,52
78,85,49
78,85,50
78,85,51
78,85,52
78,86,49
78,86,50
78,86,51
78,86,52
78,87,49
78,87,50
78,87,51
78,87,52
78,88,49
78,88,50
78,88,51
78,89,49
78,89,50
78,89,51
78,90,49
78,90,50
78,90,51
78,91,49
78,91,50
78,91,51
78,92,48
78,92,49
78,92,50
78,92,51
78,93,48
78,93,49
78,93,50
78,93,51
78,94,48
78,94,49
78,94,50
78,94,51
78,95,48
78,95,49
78,95,50
78,95,51
78,96,48
78,96,49
78,96,50
78,97,48
78,97,49
78,97,50
78,98,48
78,98,49
78,98,50
78,99,48
78,99,49
78,99,50
78,100,48
78,100,49
78,100,50
78,101,48
78,101,49
78,101,50
78,102,48
78,102,49
78,102,50
78,103,48
78,103,49
78,103,50
78,104,48
78,104,49
78,104,50
78,105,48
78,105,49
78,105,50
78,106,48
78,106,49
78,106,50
78,107,48
78,107,49
78,107,50
78,108,48
78,108,49
78,108,50
78,109,48
78,109,49
78,109,50
78,110,48
78,110,49
78,110,50
78,111,47
78,111,48
78,111,49
78,111,50
78,112,48
78,112,49
78,112,50
78,113,48
78,113,49
78,113,50
78,114,47
78,114,48
78,114,49
78,114,50
78,115,47
78,115,48
78,115,49
78,115,50
78,116,47
78,116,48
78,116,49
78,116,50
78,117,47
78,117,48
78,117,49
78,117,50
78,118,46
78,118,47
78,118,48
78,118,49
78,118,50
78,119,43
78,119,44
78,119,45
78,119,46
78,119,47
78,119,48
78,119,49
78,119,50
78,120,43
78,120,44
78,120,45
78,120,46
78,120,47
78,120,48
78,120,49
78,121,43
78,121,44
78,121,45
78,121,46
78,121,47
78,121,48
78,121,49
78,122,44
78,122,45
78,122,46
78,122,47
78,122,48
79,68,53
79,69,51
79,69,52
79,69,53
79,69,54
79,70,51
79,70,52
79,70,53
79,70,54
79,70,55
79,71,51
79,71,52
79,71,53
79,71,54
79,71,55
79,72,51
79,72,52
79,72,53
79,72,54
79,72,55
79,73,51
79,73,52
79,73,53
79,73,54
79,73,55
79,74,51
79,74,52
79,74,53
79,74,54
79,74,55
79,75,51
79,75,52
79,75,53
79,75,54
79,75,55
79,76,51
79,76,52
79,76,53
79,76,54
79,77,51
79,77,52
79,77,53
79,77,54
79,78,51
79,78,52
79,78,53
79,78,54
79,79,51
79,79,52
79,79,53
79,80,50
79,80,51
79,80,52
79,80,53
79,81,50
79,81,51
79,81,52
79,81,53
79,82,50
79,82,51
79,82,52
79,82,53
79,83,50
79,83,51
79,83,52
79,84,50
79,84,51
79,84,52
79,85,49
79,85,50
79,85,51
79,85,52
79,86,49
79,86,50
79,86,51
79,86,52
79,87,49
79,87,50
79,87,51
79,88,49
79,88,50
79,88,51
79,89,49
79,89,50
79,89,51
79,90,49
79,90,50
79,90,51
79,91,49
79,91,50
79,91,51
79,92,49
79,92,50
79,92,51
79,93,49
79,93,50
79,93,51
79,94,49
79,94,50
79,94,51
79,95,49
79,95,50
79,96,49
79,96,50
79,97,49
79,97,50
79,98,49
79,98,50
79,99,49
79,99,50
79,100,49
79,100,50
79,101,48
79,101,49
79,101,50
79,102,48
79,102,49
79,102,50
79,103,48
79,103,49
79,103,50
79,104,48
79,104,49
79,104,50
79,105,48
79,105,49
79,105,50
79,106,48
79,106,49
79,106,50
79,107,48
79,107,49
79,107,50
79,108,48
79,108,49
79,108,50
79,109,48
79,109,49
79,109,50
79,110,48
79,110,49
79,110,50
79,111,48
79,111,49
79,111,50
79,112,48
79,112,49
79,112,50
79,113,48
79,113,49
79,113,50
79,114,48
79,114,49
79,114,50
79,115,48
79,115,49
79,115,50
79,116,48
79,116,49
79,116,50
79,117,47
79,117,48
79,117,49
79,117,50
79,118,47
79,118,48
79,118,49
79,118,50
79,119,45
79,119,46
79,119,47
79,119,48
79,119,49
79,119,50
79,120,42
79,120,43
79,120,44
79,120,45
79,120,46
79,120,47
79,120,48
79,120,49
79,121,42
79,121,43
79,121,44
79,121,45
79,121,46
79,121,47
79,121,48
79,121,49
79,122,43
79,122,44
79,122,45
79,122,46
79,122,47
79,122,48
79,123,45
79,123,46
79,123,47
80,68,52
80,68,53
80,68,54
80,69,51
80,69,52
80,69,53
80,69,54
80,69,55
80,70,51
80,70,52
80,70,53
80,70,54
80,70,55
80,71,50
80,71,51
80,71,52
80,71,53
80,71,54
80,71,55
80,72,51
80,72,52
80,72,53
80,72,54
80,72,55
80,73,51
80,73,52
80,73,53
80,73,54
80,73,55
80,74,51
80,74,52
80,74,53
80,74,54
80,74,55
80,75,51
80,75,52
80,75,53
80,75,54
80,75,55
80,76,51
80,76,52
80,76,53
80,76,54
80,76,55
80,77,51
80,77,52
80,77,53
80,77,54
80,78,51
80,78,52
80,78,53
80,78,54
80,79,51
80,79,52
80,79,53
80,79,54
80,80,51
80,80,52
80,80,53
80,80,54
80,81,51
80,81,52
80,81,53
80,82,51
80,82,52
80,82,53
80,83,51
80,83,52
80,83,53
80,84,50
80,84,51
80,84,52
80,84,53
80,85,50
80,85,51
80,85,52
80,86,50
80,86,51
80,86,52
80,87,49
80,87,50
80,87,51
80,87,52
80,88,49
80,88,50
80,88,51
80,88,52
80,89,49
80,89,50
80,89,51
80,90,49
80,90,50
80,90,51
80,91,49
80,91,50
80,91,51
80,92,49
80,92,50
80,92,51
80,93,49
80,93,50
80,93,51
80,94,49
80,94,50
80,94,51
80,95,49
80,95,50
80,96,49
80,96,50
80,97,49
80,97,50
80,98,49
80,98,50
80,99,48
80,99,49
80,99,50
80,100,48
80,100,49
80,100,50
80,101,48
80,101,49
80,101,50
80,102,49
80,102,50
80,103,48
80,103,49
80,103,50
80,104,49
80,104,50
80,105,49
80,105,50
80,106,48
80,106,49
80,106,50
80,107,48
80,107,49
80,107,50
80,108,48
80,108,49
80,108,50
80,109,48
80,109,49
80,109,50
80,110,48
80,110,49
80,110,50
80,111,48
80,111,49
80,111,50
80,112,48
80,112,49
80,112,50
80,112,51
80,113,48
80,113,49
80,113,50
80,113,51
80,114,48
80,114,49
80,114,50
80,114,51
80,115,48
80,115,49
80,115,50
80,115,51
80,116,48
80,116,49
80,116,50
80,116,51
80,117,47
80,117,48
80,117,49
80,117,50
80,117,51
80,118,47
80,118,48
80,118,49
80,118,50
80,118,51
80,119,47
80,119,48
80,119,49
80,119,50
80,119,51
80,120,44
80,120,45
80,120,46
80,120,47
80,120,48
80,120,49
80,120,50
80,120,51
80,121,42
80,121,43
80,121,44
80,121,45
80,121,46
80,121,47
80,121,48
80,121,49
80,121,50
80,121,51
80,122,42
80,122,43
80,122,44
80,122,45
80,122,46
80,122,47
80,122,48
80,122,49
80,122,50
80,123,42
80,123,43
80,123,44
80,123,45
80,123,46
80,123,47
80,123,48
80,123,49
80,123,50
80,124,45
80,124,46
80,124,47
80,124,48
80,124,49
80,125,47
80,125,48
80,126,47
81,68,52
81,68,53
81,68,54
81,68,55
81,68,56
81,69,52
81,69,53
81,69,54
81,69,55
81,69,56
81,70,52
81,70,53
81,70,54
81,70,55
81,70,56
81,71,51
81,71,52
81,71,53
81,71,54
81,71,55
81,71,56
81,72,51
81,72,52
81,72,53
81,72,54
81,72,55
81,72,56
81,73,51
81,73,52
81,73,53
81,73,54
81,73,55
81,73,56
81,74,51
81,74,52
81,74,53
81,74,54
81,74,55
81,74,56
81,75,51
81,75,52
81,75,53
81,75,54
81,75,55
81,75,56
81,76,50
81,76,51
81,76,52
81,76,53
81,76,54
81,76,55
81,76,56
81,77,50
81,77,51
81,77,52
81,77,53
81,77,54
81,77,56
81,78,51
81,78,52
81,78,53
81,78,54
81,79,51
81,79,52
81,79,53
81,79,54
81,80,52
81,80,53
81,80,54
81,81,52
81,81,53
81,81,54
81,82,52
81,82,53
81,83,52
81,83,53
81,84,51
81,84,52
81,84,53
81,85,51
81,85,52
81,85,53
81,86,50
81,86,51
81,86,52
81,86,53
81,87,50
81,87,51
81,87,52
81,88,50
81,88,51
81,88,52
81,89,50
81,89,51
81,89,52
81,90,50
81,90,51
81,90,52
81,91,50
81,91,51
81,91,52
81,92,50
81,92,51
81,92,52
81,93,50
81,93,51
81,93,52
81,94,50
81,94,51
81,94,52
81,95,50
81,95,51
81,95,52
81,96,50
81,96,51
81,96,52
81,97,49
81,97,50
81,97,51
81,97,52
81,98,49
81,98,50
81,98,51
81,98,52
81,99,49
81,99,50
81,99,51
81,100,49
81,100,50
81,100,51
81,101,49
81,101,50
81,101,51
81,102,49
81,102,50
81,102,51
81,103,49
81,103,50
81,103,51
81,104,49
81,104,50
81,104,51
81,105,49
81,105,50
81,105,51
81,106,48
81,106,49
81,106,50
81,106,51
81,107,48
81,107,49
81,107,50
81,107,51
81,108,48
81,108,49
81,108,50
81,108,51
81,109,48
81,109,49
81,109,50
81,109,51
81,110,48
81,110,49
81,110,50
81,110,51
81,111,48
81,111,49
81,111,50
81,111,51
81,112,48
81,112,49
81,112,50
81,112,51
81,113,48
81,113,49
81,113,50
81,113,51
81,114,48
81,114,49
81,114,50
81,114,51
81,115,48
81,115,49
81,115,50
81,115,51
81,116,48
81,116,49
81,116,50
81,116,51
81,117,48
81,117,49
81,117,50
81,117,51
81,118,48
81,118,49
81,118,50
81,118,51
81,119,47
81,119,48
81,119,49
81,119,50
81,120,47
81,120,48
81,120,49
81,120,50
81,121,46
81,121,47
81,121,48
81,121,49
81,122,42
81,122,43
81,122,44
81,122,45
81,122,46
81,122,47
81,122,48
81,123,42
81,123,43
81,123,44
81,123,45
81,123,46
81,123,47
81,123,48
81,124,42
81,124,43
81,124,44
81,124,45
81,124,46
81,124,47
82,67,54
82,67,55
82,68,52
82,68,53
82,68,54
82,68,55
82,68,56
82,69,51
82,69,52
82,69,53
82,69,54
82,69,55
82,69,56
82,70,51
82,70,52
82,70,53
82,70,54
82,70,55
82,70,56
82,71,51
82,71,52
82,71,53
82,71,54
82,71,55
82,71,56
82,72,51
82,72,52
82,72,53
82,72,54
82,72,55
82,72,56
82,73,51
82,73,52
82,73,53
82,73,54
82,73,55
82,73,56
82,74,51
82,74,52
82,74,53
82,74,54
82,74,55
82,74,56
82,75,50
82,75,51
82,75,52
82,75,53
82,75,54
82,75,55
82,75,56
82,76,50
82,76,51
82,76,52
82,76,53
82,76,54
82,76,55
82,76,56
82,77,51
82,77,52
82,77,53
82,77,54
82,77,55
82,77,56
82,78,53
82,78,54
82,78,55
82,79,53
82,79,54
82,79,55
82,80,53
82,80,54
82,81,53
82,81,54
82,82,53
82,82,54
82,83,53
82,83,54
82,84,52
82,84,53
82,85,51
82,85,52
82,85,53
82,86,51
82,86,52
82,86,53
82,87,50
82,87,51
82,87,52
82,87,53
82,88,50
82,88,51
82,88,52
82,88,53
82,89,50
82,89,51
82,89,52
82,89,53
82,90,50
82,90,51
82,90,52
82,91,50
82,91,51
82,91,52
82,92,50
82,92,51
82,92,52
82,93,50
82,93,51
82,94,50
82,94,51
82,95,50
82,95,51
82,96,49
82,96,50
82,96,51
82,96,52
82,97,49
82,97,50
82,97,51
82,97,52
82,98,50
82,98,51
82,99,50
82,99,51
82,100,49
82,100,50
82,100,51
82,101,49
82,101,50
82,101,51
82,102,49
82,102,50
82,102,51
82,103,49
82,103,50
82,103,51
82,104,49
82,104,50
82,104,51
82,105,49
82,105,50
82,105,51
82,106,49
82,106,50
82,106,51
82,107,48
82,107,49
82,107,50
82,107,51
82,108,49
82,108,50
82,108,51
82,109,49
82,109,50
82,109,51
82,110,49
82,110,50
82,110,51
82,111,49
82,111,50
82,111,51
82,112,49
82,112,50
82,112,51
82,113,49
82,113,50
82,113,51
82,114,49
82,114,50
82,114,51
82,115,49
82,115,50
82,115,51
82,116,49
82,116,50
82,116,51
82,117,49
82,117,50
82,117,51
82,118,49
82,118,50
82,118,51
82,119,50
83,67,53
83,67,54
83,67,55
83,68,52
83,68,53
83,68,54
83,68,55
83,68,56
83,69,51
83,69,52
83,69,53
83,69,54
83,69,55
83,69,56
83,69,57
83,70,51
83,70,52
83,70,53
83,70,54
83,70,55
83,70,56
83,70,57
83,71,51
83,71,52
83,71,53
83,71,54
83,71,55
83,71,56
83,71,57
83,72,51
83,72,52
83,72,53
83,72,54
83,72,55
83,72,56
83,72,57
83,73,51
83,73,52
83,73,53
83,73,54
83,73,55
83,73,56
83,73,57
83,74,50
83,74,51
83,74,52
83,74,53
83,74,54
83,74,55
83,74,56
83,75,50
83,75,51
83,75,52
83,75,53
83,75,54
83,75,55
83,75,56
83,76,54
83,76,55
83,76,56
83,77,55
83,77,56
83,78,55
83,78,56
83,79,55
83,79,56
83,80,55
83,80,56
83,81,54
83,81,55
83,81,56
83,82,54
83,82,55
83,82,56
83,83,54
83,83,55
83,83,56
83,84,54
83,84,55
83,84,56
83,85,54
83,85,55
83,85,56
83,86,54
83,86,55
83,86,56
83,87,53
83,87,54
83,87,55
83,87,56
83,88,53
83,88,54
83,88,55
83,89,52
83,89,53
83,89,54
83,89,55
83,90,52
83,90,53
83,90,54
83,91,51
83,91,52
83,91,53
83,91,54
83,92,51
83,92,52
83,92,53
83,93,51
83,93,52
83,93,53
83,94,51
83,94,52
83,94,53
83,95,51
83,95,52
83,95,53
83,96,51
83,96,52
83,96,53
83,97,51
83,97,52
83,98,50
83,98,51
83,98,52
83,99,50
83,99,51
83,100,50
83,100,51
83,101,49
83,101,50
83,101,51
83,102,50
83,102,51
83,103,49
83,103,50
83,103,51
83,104,49
83,104,50
83,104,51
83,105,49
83,105,50
83,105,51
83,106,49
83,106,50
83,106,51
83,107,49
83,107,50
83,107,51
83,108,49
83,108,50
83,108,51
83,109,49
83,109,50
83,109,51
83,110,49
83,110,50
83,110,51
83,111,49
83,111,50
83,111,51
83,112,49
83,112,50
83,112,51
83,113,49
83,113,50
83,113,51
83,114,49
83,114,50
83,114,51
83,115,49
83,115,50
83,115,51
83,116,49
83,116,50
83,117,49
84,66,55
84,67,53
84,67,54
84,67,55
84,67,56
84,68,52
84,68,53
84,68,54
84,68,55
84,68,56
84,69,51
84,69,52
84,69,53
84,69,54
84,69,55
84,69,56
84,70,51
84,70,52
84,70,53
84,70,54
84,70,55
84,70,56
84,70,57
84,71,51
84,71,52
84,71,53
84,71,54
84,71,55
84,71,56
84,71,57
84,72,51
84,72,52
84,72,53
84,72,54
84,72,55
84,72,56
84,72,57
84,73,50
84,73,51
84,73,52
84,73,53
84,73,54
84,73,55
84,73,56
84,73,57
84,74,50
84,74,51
84,74,52
84,74,55
84,74,56
84,74,57
84,75,56
84,75,57
84,76,56
84,76,57
84,77,56
84,77,57
84,78,56
84,78,57
84,79,56
84,79,57
84,80,56
84,80,57
84,81,55
84,81,56
84,81,57
84,82,55
84,82,56
84,82,57
84,83,54
84,83,55
84,83,56
84,84,53
84,84,54
84,84,55
84,84,56
84,85,53
84,85,54
84,85,55
84,86,52
84,86,53
84,86,54
84,86,55
84,87,52
84,87,53
84,87,54
84,88,52
84,88,53
84,88,54
84,89,52
84,89,53
84,89,54
84,90,52
84,90,53
84,90,54
84,91,52
84,91,53
84,91,54
84,91,55
84,92,52
84,92,53
84,92,54
84,93,51
84,93,52
84,93,53
84,93,54
84,94,51
84,94,52
84,94,53
84,95,52
84,95,53
84,96,51
84,96,52
84,97,51
84,97,52
84,98,51
84,99,51
84,100,50
84,100,51
84,101,50
84,101,51
84,102,50
84,102,51
84,103,49
84,103,50
84,103,51
84,104,50
84,104,51
84,105,50
84,105,51
84,106,50
84,106,51
84,107,50
84,107,51
84,108,50
84,108,51
84,109,50
84,109,51
84,110,50
84,110,51
84,111,50
84,111,51
84,112,49
84,112,50
84,112,51
84,113,49
84,113,50
84,113,51
84,114,49
84,114,50
84,114,51
84,115,49
84,115,50
84,115,51
84,116,50
85,66,54
85,66,55
85,67,52
85,67,53
85,67,54
85,67,55
85,67,56
85,68,51
85,68,52
85,68,53
85,68,54
85,68,55
85,68,56
85,69,50
85,69,51
85,69,52
85,69,53
85,69,54
85,69,55
85,69,56
85,70,50
85,70,51
85,70,52
85,70,53
85,70,54
85,70,55
85,70,56
85,71,50
85,71,51
85,71,52
85,71,53
85,71,54
85,71,55
85,71,56
85,71,57
85,72,50
85,72,51
85,72,52
85,72,53
85,72,54
85,72,55
85,72,56
85,72,57
85,73,50
85,73,51
85,73,56
85,73,57
85,73,58
85,74,56
85,74,57
85,74,58
85,75,57
85,75,58
85,76,57
85,76,58
85,77,57
85,77,58
85,78,57
85,78,58
85,79,57
85,79,58
85,80,56
85,80,57
85,80,58
85,81,56
85,81,57
85,81,58
85,82,56
85,82,57
85,82,58
85,83,56
85,83,57
85,84,55
85,84,56
85,84,57
85,85,54
85,85,55
85,85,56
85,86,55
85,86,56
85,87,55
85,87,56
85,88,53
85,88,54
85,88,55
85,89,52
85,89,53
85,89,54
85,89,55
85,90,53
85,90,54
85,91,53
85,91,54
85,92,53
85,92,54
85,93,53
85,94,51
85,94,52
85,94,53
85,95,52
85,95,53
85,96,51
85,96,52
85,96,53
85,97,51
85,97,52
85,97,53
85,98,51
85,98,52
85,99,51
85,99,52
85,100,50
85,100,51
85,100,52
85,101,50
85,101,51
85,102,50
85,102,51
85,103,50
85,103,51
85,104,50
85,104,51
85,105,50
85,105,51
85,106,50
85,106,51
85,107,50
85,107,51
85,108,50
85,108,51
85,109,50
85,109,51
85,110,50
85,110,51
85,111,50
85,111,51
85,112,50
85,112,51
85,113,49
85,113,50
85,113,51
85,114,49
85,114,50
85,114,51
85,115,50
86,66,53
86,66,54
86,66,55
86,67,51
86,67,52
86,67,53
86,67,54
86,67,55
86,67,56
86,68,50
86,68,51
86,68,52
86,68,53
86,68,54
86,68,55
86,68,56
86,68,57
86,69,50
86,69,51
86,69,52
86,69,53
86,69,54
86,69,55
86,69,56
86,69,57
86,70,50
86,70,51
86,70,52
86,70,53
86,70,54
86,70,55
86,70,56
86,70,57
86,71,49
86,71,50
86,71,51
86,71,52
86,71,53
86,71,55
86,71,56
86,71,57
86,72,49
86,72,50
86,72,51
86,72,56
86,72,57
86,72,58
86,73,50
86,73,57
86,73,58
86,74,57
86,74,58
86,75,57
86,75,58
86,76,57
86,76,58
86,77,57
86,77,58
86,78,57
86,78,58
86,79,57
86,79,58
86,80,57
86,80,58
86,81,57
86,81,58
86,82,57
86,82,58
86,83,56
86,83,57
86,83,58
86,84,56
86,84,57
86,84,58
86,85,56
86,85,57
86,86,55
86,86,56
86,86,57
86,87,54
86,87,55
86,87,56
86,87,57
86,88,54
86,88,55
86,88,56
86,89,54
86,89,55
86,89,56
86,90,54
86,90,55
86,90,56
86,91,54
86,91,55
86,92,53
86,92,54
86,92,55
86,93,53
86,93,54
86,94,53
86,94,54
86,95,52
86,95,53
86,95,54
86,96,52
86,96,53
86,97,51
86,97,52
86,97,53
86,98,51
86,98,52
86,98,53
86,99,50
86,99,51
86,99,52
86,100,50
86,100,51
86,100,52
86,101,50
86,101,51
86,101,52
86,102,50
86,102,51
86,102,52
86,103,50
86,103,51
86,103,52
86,104,50
86,104,51
86,105,50
86,105,51
86,106,50
86,106,51
86,107,50
86,107,51
86,108,50
86,108,51
86,109,50
86,109,51
86,110,50
86,110,51
86,111,50
86,111,51
86,112,50
86,112,51
86,113,49
86,113,50
86,113,51
86,114,49
86,114,50
86,114,51
86,115,49
86,115,50
86,115,51
86,116,49
86,116,50
86,116,51
87,65,53
87,65,54
87,66,52
87,66,53
87,66,54
87,66,55
87,67,50
87,67,51
87,67,52
87,67,53
87,67,54
87,67,55
87,67,56
87,68,49
87,68,50
87,68,51
87,68,52
87,68,53
87,68,54
87,68,55
87,68,56
87,68,57
87,69,49
87,69,50
87,69,51
87,69,52
87,69,53
87,69,54
87,69,55
87,69,56
87,69,57
87,69,58
87,70,49
87,70,50
87,70,51
87,70,52
87,70,53
87,70,55
87,70,56
87,70,57
87,70,58
87,71,49
87,71,50
87,71,51
87,71,56
87,71,57
87,71,58
87,72,49
87,72,50
87,72,57
87,72,58
87,73,57
87,73,58
87,74,58
87,75,58
87,76,58
87,77,58
87,78,58
87,79,58
87,80,57
87,80,58
87,81,57
87,82,56
87,82,57
87,83,55
87,83,56
87,83,57
87,84,54
87,84,56
87,84,57
87,85,54
87,85,56
87,86,54
87,86,55
87,86,56
87,87,54
87,87,55
87,87,56
87,88,54
87,88,55
87,88,56
87,89,54
87,89,55
87,89,56
87,90,54
87,90,55
87,90,56
87,91,54
87,91,55
87,91,56
87,92,53
87,92,54
87,92,55
87,93,53
87,93,54
87,93,55
87,94,53
87,94,54
87,94,55
87,95,52
87,95,53
87,95,54
87,96,52
87,96,53
87,97,51
87,97,52
87,97,53
87,98,51
87,98,52
87,98,53
87,99,50
87,99,51
87,99,52
87,100,51
87,100,52
87,101,51
87,101,52
87,102,51
87,102,52
87,103,51
87,103,52
87,104,51
87,104,52
87,105,50
87,105,51
87,106,50
87,106,51
87,107,50
87,107,51
87,108,50
87,108,51
87,109,50
87,109,51
87,110,50
87,110,51
87,111,50
87,111,51
87,112,50
87,112,51
87,113,49
87,113,50
87,113,51
87,114,49
87,114,50
87,114,51
87,115,49
87,115,50
87,115,51
87,116,50
