"x","y","z"
51,85,32
51,85,33
51,86,33
51,86,34
51,86,35
51,86,36
51,86,37
51,86,38
51,87,33
51,87,34
51,87,35
51,87,36
51,87,37
51,87,38
51,87,39
51,88,32
51,88,33
51,88,34
51,88,35
51,88,36
51,88,37
51,88,38
51,89,35
51,89,36
52,81,27
52,81,28
52,84,31
52,84,32
52,84,33
52,85,30
52,85,31
52,85,32
52,85,33
52,85,34
52,85,35
52,85,36
52,85,37
52,85,38
52,86,32
52,86,33
52,86,34
52,86,35
52,86,36
52,86,37
52,86,38
52,86,39
52,87,31
52,87,32
52,87,33
52,87,34
52,87,35
52,87,36
52,87,37
52,87,38
52,87,39
52,87,40
52,88,31
52,88,32
52,88,33
52,88,34
52,88,35
52,88,36
52,88,37
52,88,38
52,88,39
52,89,32
52,89,33
52,89,34
52,89,35
52,89,36
52,89,37
52,89,38
52,90,31
52,90,32
52,90,33
52,90,34
52,90,35
52,90,36
52,90,37
52,90,38
52,98,41
52,98,42
52,99,38
52,99,39
52,99,40
52,99,41
52,99,42
52,103,39
52,104,40
52,104,41
53,81,27
53,81,28
53,82,27
53,82,28
53,84,29
53,84,30
53,84,31
53,84,32
53,84,33
53,85,29
53,85,30
53,85,31
53,85,32
53,85,33
53,85,34
53,85,35
53,85,36
53,85,37
53,85,38
53,86,30
53,86,31
53,86,32
53,86,33
53,86,34
53,86,35
53,86,36
53,86,37
53,86,38
53,86,39
53,87,30
53,87,31
53,87,32
53,87,33
53,87,34
53,87,35
53,87,36
53,87,37
53,87,38
53,87,39
53,87,40
53,88,30
53,88,31
53,88,32
53,88,33
53,88,34
53,88,35
53,88,36
53,88,37
53,88,38
53,88,39
53,89,32
53,89,33
53,89,34
53,89,35
53,89,36
53,89,37
53,89,38
53,90,30
53,90,31
53,90,32
53,90,33
53,90,34
53,90,35
53,90,36
53,90,37
53,90,38
53,90,39
53,91,31
53,91,32
53,91,33
53,91,34
53,91,35
53,91,36
53,91,37
53,91,38
53,92,32
53,92,33
53,92,34
53,92,35
53,97,37
53,97,38
53,97,39
53,97,40
53,97,41
53,97,42
53,98,38
53,98,39
53,98,40
53,98,41
53,98,42
53,98,43
53,99,37
53,99,38
53,99,39
53,99,40
53,99,41
53,99,42
53,99,43
53,100,38
53,100,39
53,100,40
53,100,41
53,100,42
53,101,39
53,101,40
53,102,39
53,103,39
53,103,40
53,103,41
53,104,39
53,104,40
53,104,41
53,104,42
53,105,40
53,105,41
53,106,38
53,106,39
53,106,40
53,108,38
53,108,39
54,80,26
54,80,27
54,80,28
54,81,26
54,81,27
54,81,28
54,82,26
54,82,27
54,82,28
54,82,29
54,83,26
54,83,27
54,83,28
54,83,29
54,84,28
54,84,29
54,84,30
54,84,31
54,84,32
54,85,28
54,85,29
54,85,30
54,85,31
54,85,32
54,85,33
54,85,34
54,86,29
54,86,30
54,86,31
54,86,32
54,86,33
54,86,34
54,86,35
54,86,36
54,86,37
54,86,38
54,87,29
54,87,30
54,87,31
54,87,32
54,87,33
54,87,34
54,87,35
54,87,36
54,87,37
54,87,38
54,87,39
54,88,29
54,88,30
54,88,31
54,88,32
54,88,33
54,88,34
54,88,35
54,88,36
54,88,37
54,88,38
54,89,31
54,89,32
54,89,33
54,89,34
54,89,35
54,89,36
54,89,37
54,89,38
54,90,29
54,90,30
54,90,31
54,90,32
54,90,33
54,90,34
54,90,35
54,90,36
54,90,37
54,90,38
54,90,39
54,91,30
54,91,31
54,91,32
54,91,33
54,91,34
54,91,35
54,91,36
54,91,37
54,91,38
54,92,30
54,92,31
54,92,32
54,92,33
54,92,34
54,92,35
54,92,36
54,93,32
54,93,33
54,93,34
54,93,35
54,95,35
54,95,36
54,95,37
54,96,37
54,96,38
54,96,39
54,96,40
54,97,36
54,97,37
54,97,38
54,97,39
54,97,40
54,97,41
54,97,42
54,98,37
54,98,38
54,98,39
54,98,40
54,98,41
54,98,42
54,98,43
54,99,36
54,99,37
54,99,38
54,99,39
54,99,40
54,99,41
54,99,42
54,100,37
54,100,38
54,100,39
54,100,40
54,100,41
54,100,42
54,101,37
54,101,38
54,101,39
54,101,40
54,101,41
54,102,37
54,102,38
54,102,39
54,102,40
54,102,41
54,103,38
54,103,39
54,103,40
54,103,41
54,104,38
54,104,39
54,104,40
54,104,41
54,104,42
54,105,38
54,105,39
54,105,40
54,105,41
54,106,38
54,106,39
54,106,40
54,106,41
54,107,38
54,107,39
54,107,40
54,108,37
54,108,38
54,108,39
54,108,40
54,109,38
54,109,39
55,77,27
55,77,28
55,78,26
55,78,27
55,78,28
55,79,26
55,79,27
55,79,28
55,80,25
55,80,26
55,80,27
55,80,28
55,80,29
55,80,30
55,81,25
55,81,26
55,81,27
55,81,28
55,81,29
55,82,25
55,82,26
55,82,27
55,82,28
55,82,29
55,83,26
55,83,27
55,83,28
55,83,29
55,84,25
55,84,26
55,84,27
55,84,28
55,84,29
55,84,30
55,84,31
55,85,27
55,85,28
55,85,29
55,85,30
55,85,31
55,85,32
55,86,28
55,86,29
55,86,30
55,86,31
55,86,32
55,87,28
55,87,29
55,87,30
55,87,31
55,87,32
55,87,33
55,88,27
55,88,28
55,88,29
55,88,30
55,88,31
55,88,32
55,88,33
55,89,28
55,89,29
55,89,30
55,89,31
55,89,32
55,89,33
55,89,36
55,90,28
55,90,29
55,90,30
55,90,31
55,90,32
55,90,33
55,90,34
55,90,35
55,90,36
55,90,37
55,90,38
55,91,29
55,91,30
55,91,31
55,91,32
55,91,33
55,91,34
55,91,35
55,92,29
55,92,30
55,92,31
55,92,32
55,92,33
55,92,34
55,92,35
55,92,36
55,93,30
55,93,31
55,93,32
55,93,33
55,93,34
55,93,35
55,94,31
55,94,32
55,94,33
55,94,34
55,94,35
55,94,36
55,94,37
55,95,33
55,95,34
55,95,35
55,95,36
55,95,37
55,95,38
55,96,35
55,96,36
55,96,37
55,96,38
55,96,39
55,96,40
55,96,41
55,97,35
55,97,36
55,97,37
55,97,38
55,97,39
55,97,40
55,97,41
55,97,42
55,98,36
55,98,37
55,98,38
55,98,39
55,98,40
55,98,41
55,98,42
55,99,35
55,99,36
55,99,37
55,99,38
55,99,39
55,99,40
55,99,41
55,99,42
55,100,36
55,100,37
55,100,38
55,100,39
55,100,40
55,100,41
55,100,42
55,101,36
55,101,37
55,101,38
55,101,39
55,101,40
55,101,41
55,101,42
55,102,36
55,102,37
55,102,38
55,102,39
55,102,40
55,102,41
55,103,37
55,103,38
55,103,39
55,103,40
55,103,41
55,104,37
55,104,38
55,104,39
55,104,40
55,104,41
55,104,42
55,105,37
55,105,38
55,105,39
55,105,40
55,105,41
55,106,37
55,106,38
55,106,39
55,106,40
55,106,41
55,106,42
55,107,38
55,107,39
55,107,40
55,107,41
55,108,38
55,108,39
55,108,40
55,108,41
55,109,37
55,109,38
55,109,39
56,75,28
56,76,26
56,76,27
56,76,28
56,77,26
56,77,27
56,77,28
56,78,25
56,78,26
56,78,27
56,78,28
56,78,29
56,79,25
56,79,26
56,79,27
56,79,28
56,79,29
56,80,24
56,80,25
56,80,26
56,80,27
56,80,28
56,80,29
56,80,30
56,81,24
56,81,25
56,81,26
56,81,27
56,81,28
56,82,24
56,82,25
56,82,26
56,82,27
56,82,28
56,82,29
56,83,24
56,83,25
56,83,26
56,83,27
56,83,28
56,83,29
56,84,25
56,84,26
56,84,27
56,84,28
56,84,29
56,84,30
56,85,25
56,85,26
56,85,27
56,85,28
56,85,29
56,85,30
56,85,31
56,86,26
56,86,27
56,86,28
56,86,29
56,86,30
56,86,31
56,87,26
56,87,27
56,87,28
56,87,29
56,87,30
56,87,31
56,88,26
56,88,27
56,88,28
56,88,29
56,88,30
56,88,31
56,89,27
56,89,28
56,89,29
56,89,30
56,89,31
56,90,27
56,90,28
56,90,29
56,90,30
56,90,31
56,90,32
56,91,28
56,91,29
56,91,30
56,91,31
56,91,32
56,91,33
56,92,29
56,92,30
56,92,31
56,92,32
56,92,33
56,92,34
56,93,29
56,93,30
56,93,31
56,93,32
56,93,33
56,93,34
56,93,35
56,94,29
56,94,30
56,94,31
56,94,32
56,94,33
56,94,34
56,94,35
56,94,36
56,94,37
56,95,31
56,95,32
56,95,33
56,95,34
56,95,35
56,95,36
56,95,37
56,95,38
56,96,33
56,96,34
56,96,35
56,96,36
56,96,37
56,96,38
56,96,39
56,96,40
56,96,41
56,97,34
56,97,35
56,97,36
56,97,37
56,97,38
56,97,39
56,97,40
56,97,41
56,98,33
56,98,34
56,98,35
56,98,36
56,98,37
56,98,38
56,98,39
56,98,40
56,98,41
56,99,33
56,99,34
56,99,35
56,99,36
56,99,37
56,99,38
56,99,39
56,99,40
56,99,41
56,100,36
56,100,37
56,100,38
56,100,39
56,100,40
56,100,41
56,101,36
56,101,37
56,101,38
56,101,39
56,101,40
56,102,36
56,102,37
56,102,38
56,102,39
56,102,40
56,103,36
56,103,37
56,103,38
56,103,39
56,103,40
56,104,36
56,104,37
56,104,38
56,104,39
56,104,40
56,104,41
56,105,36
56,105,37
56,105,38
56,105,39
56,105,40
56,105,41
56,106,37
56,106,38
56,106,39
56,106,40
56,106,41
56,107,37
56,107,38
56,107,39
56,107,40
56,107,41
56,108,37
56,108,38
56,108,39
56,108,40
56,108,41
56,108,42
56,109,38
56,109,39
56,109,40
56,109,41
56,110,38
56,110,39
56,110,40
56,110,41
57,74,27
57,74,28
57,74,29
57,75,25
57,75,26
57,75,27
57,75,28
57,75,29
57,76,25
57,76,26
57,76,27
57,76,28
57,76,29
57,77,24
57,77,25
57,77,26
57,77,27
57,77,28
57,77,29
57,78,24
57,78,25
57,78,26
57,78,27
57,78,28
57,78,29
57,79,24
57,79,25
57,79,26
57,79,27
57,79,28
57,79,29
57,80,24
57,80,25
57,80,26
57,80,27
57,80,28
57,80,29
57,81,24
57,81,25
57,81,26
57,81,27
57,81,28
57,82,24
57,82,25
57,82,26
57,82,27
57,82,28
57,82,29
57,83,24
57,83,25
57,83,26
57,83,27
57,83,28
57,83,29
57,84,24
57,84,25
57,84,26
57,84,27
57,84,28
57,84,29
57,84,30
57,85,24
57,85,25
57,85,26
57,85,27
57,85,28
57,85,29
57,85,30
57,86,25
57,86,26
57,86,27
57,86,28
57,86,29
57,86,30
57,87,25
57,87,26
57,87,27
57,87,28
57,87,29
57,87,30
57,88,25
57,88,26
57,88,27
57,88,28
57,88,29
57,88,30
57,89,27
57,89,28
57,89,29
57,89,30
57,89,31
57,90,26
57,90,27
57,90,28
57,90,29
57,90,30
57,90,31
57,91,27
57,91,28
57,91,29
57,91,30
57,91,31
57,91,32
57,92,28
57,92,29
57,92,30
57,92,31
57,92,32
57,92,33
57,93,28
57,93,29
57,93,30
57,93,31
57,93,32
57,93,33
57,93,34
57,93,35
57,94,30
57,94,31
57,94,32
57,94,33
57,94,34
57,94,35
57,94,36
57,95,30
57,95,31
57,95,32
57,95,33
57,95,34
57,95,35
57,95,36
57,95,37
57,96,32
57,96,33
57,96,34
57,96,35
57,96,36
57,96,37
57,97,32
57,97,33
57,97,34
57,97,35
57,97,36
57,97,37
57,97,38
57,97,39
57,97,40
57,98,31
57,98,32
57,98,33
57,98,34
57,98,35
57,98,36
57,98,37
57,98,38
57,98,39
57,98,40
57,99,32
57,99,33
57,99,34
57,99,35
57,99,36
57,99,37
57,99,38
57,99,39
57,99,40
57,100,35
57,100,36
57,100,37
57,100,38
57,100,39
57,100,40
57,101,35
57,101,36
57,101,37
57,101,38
57,101,39
57,101,40
57,102,35
57,102,36
57,102,37
57,102,38
57,102,39
57,102,40
57,103,34
57,103,35
57,103,36
57,103,37
57,103,38
57,103,39
57,103,40
57,104,32
57,104,33
57,104,34
57,104,35
57,104,36
57,104,37
57,104,38
57,104,39
57,104,40
57,105,33
57,105,35
57,105,36
57,105,37
57,105,38
57,105,39
57,105,40
57,106,36
57,106,37
57,106,38
57,106,39
57,106,40
57,106,41
57,107,36
57,107,37
57,107,38
57,107,39
57,107,40
57,107,41
57,108,37
57,108,38
57,108,39
57,108,40
57,108,41
57,109,37
57,109,38
57,109,39
57,109,40
57,109,41
57,110,37
57,110,38
57,110,39
57,110,40
57,110,41
57,110,42
57,111,37
57,111,38
57,111,39
57,111,40
57,111,41
58,72,26
58,72,27
58,73,25
58,73,26
58,73,27
58,73,28
58,73,29
58,74,24
58,74,25
58,74,26
58,74,27
58,74,28
58,74,29
58,75,23
58,75,24
58,75,25
58,75,26
58,75,27
58,75,28
58,75,29
58,76,23
58,76,24
58,76,25
58,76,26
58,76,27
58,76,28
58,76,29
58,77,23
58,77,24
58,77,25
58,77,26
58,77,27
58,77,28
58,78,23
58,78,24
58,78,25
58,78,26
58,78,27
58,78,28
58,78,29
58,79,23
58,79,24
58,79,25
58,79,26
58,79,27
58,79,28
58,79,29
58,80,23
58,80,24
58,80,25
58,80,26
58,80,27
58,80,28
58,80,29
58,81,23
58,81,24
58,81,25
58,81,26
58,81,27
58,81,28
58,82,24
58,82,25
58,82,26
58,82,27
58,82,28
58,83,23
58,83,24
58,83,25
58,83,26
58,83,27
58,83,28
58,84,23
58,84,24
58,84,25
58,84,26
58,84,27
58,84,28
58,84,29
58,85,23
58,85,24
58,85,25
58,85,26
58,85,27
58,85,28
58,85,29
58,85,30
58,86,24
58,86,25
58,86,26
58,86,27
58,86,28
58,86,29
58,87,24
58,87,25
58,87,26
58,87,27
58,87,28
58,87,29
58,88,24
58,88,25
58,88,26
58,88,27
58,88,28
58,88,29
58,88,30
58,89,26
58,89,27
58,89,28
58,89,29
58,89,30
58,90,26
58,90,27
58,90,28
58,90,29
58,90,30
58,90,31
58,91,26
58,91,27
58,91,28
58,91,29
58,91,30
58,91,31
58,92,27
58,92,28
58,92,29
58,92,30
58,92,31
58,92,32
58,93,27
58,93,28
58,93,29
58,93,30
58,93,31
58,93,32
58,93,33
58,94,27
58,94,28
58,94,29
58,94,30
58,94,31
58,94,32
58,94,33
58,94,34
58,94,35
58,95,27
58,95,30
58,95,31
58,95,32
58,95,33
58,95,34
58,95,35
58,95,36
58,96,31
58,96,32
58,96,33
58,96,34
58,96,35
58,96,36
58,97,31
58,97,32
58,97,33
58,97,34
58,97,35
58,97,36
58,97,37
58,97,38
58,98,31
58,98,32
58,98,33
58,98,34
58,98,35
58,98,36
58,98,37
58,98,38
58,98,39
58,99,32
58,99,33
58,99,34
58,99,35
58,99,36
58,99,37
58,99,38
58,99,39
58,100,34
58,100,35
58,100,36
58,100,37
58,100,38
58,100,39
58,101,34
58,101,35
58,101,36
58,101,37
58,101,38
58,101,39
58,102,35
58,102,36
58,102,37
58,102,38
58,102,39
58,103,34
58,103,35
58,103,36
58,103,37
58,103,38
58,103,39
58,103,40
58,104,32
58,104,33
58,104,34
58,104,35
58,104,36
58,104,37
58,104,38
58,104,39
58,104,40
58,105,32
58,105,33
58,105,34
58,105,35
58,105,36
58,105,37
58,105,38
58,105,39
58,105,40
58,106,34
58,106,35
58,106,36
58,106,37
58,106,38
58,106,39
58,106,40
58,107,35
58,107,36
58,107,37
58,107,38
58,107,39
58,107,40
58,108,36
58,108,37
58,108,38
58,108,39
58,108,40
58,109,36
58,109,37
58,109,38
58,109,39
58,109,40
58,110,37
58,110,38
58,110,39
58,110,40
58,111,37
58,111,38
58,111,39
58,111,40
58,111,41
58,112,37
58,112,38
58,112,39
58,112,40
58,112,41
58,113,36
58,113,37
58,113,38
58,113,39
58,113,40
58,115,40
58,115,41
59,69,25
59,70,23
59,70,24
59,70,25
59,70,26
59,70,27
59,71,23
59,71,24
59,71,25
59,71,26
59,71,27
59,72,23
59,72,24
59,72,25
59,72,26
59,72,27
59,72,28
59,73,23
59,73,24
59,73,25
59,73,26
59,73,27
59,73,28
59,73,29
59,73,30
59,74,22
59,74,23
59,74,24
59,74,25
59,74,26
59,74,27
59,74,28
59,74,29
59,75,22
59,75,23
59,75,24
59,75,25
59,75,26
59,75,27
59,75,28
59,75,29
59,76,22
59,76,23
59,76,24
59,76,25
59,76,26
59,76,27
59,76,28
59,77,22
59,77,23
59,77,24
59,77,25
59,77,26
59,77,27
59,77,28
59,78,22
59,78,23
59,78,24
59,78,25
59,78,26
59,78,27
59,78,28
59,79,22
59,79,23
59,79,24
59,79,25
59,79,26
59,79,27
59,79,28
59,80,22
59,80,23
59,80,24
59,80,25
59,80,26
59,80,27
59,80,28
59,81,21
59,81,22
59,81,23
59,81,24
59,81,25
59,81,26
59,81,27
59,82,24
59,82,25
59,82,26
59,82,27
59,82,28
59,83,22
59,83,23
59,83,24
59,83,25
59,83,26
59,83,27
59,84,22
59,84,23
59,84,24
59,84,25
59,84,26
59,84,27
59,84,28
59,85,22
59,85,23
59,85,24
59,85,25
59,85,26
59,85,27
59,85,28
59,85,29
59,86,23
59,86,24
59,86,25
59,86,26
59,86,27
59,86,28
59,87,23
59,87,24
59,87,25
59,87,26
59,87,27
59,87,28
59,88,23
59,88,24
59,88,25
59,88,26
59,88,27
59,88,28
59,88,29
59,88,30
59,89,25
59,89,26
59,89,27
59,89,28
59,89,29
59,89,30
59,90,25
59,90,26
59,90,27
59,90,28
59,90,29
59,90,30
59,91,25
59,91,26
59,91,27
59,91,28
59,91,29
59,91,30
59,91,31
59,92,26
59,92,27
59,92,28
59,92,29
59,92,30
59,92,31
59,93,26
59,93,27
59,93,28
59,93,29
59,93,30
59,93,31
59,93,32
59,93,33
59,94,26
59,94,27
59,94,28
59,94,29
59,94,30
59,94,31
59,94,32
59,94,33
59,94,34
59,95,26
59,95,27
59,95,29
59,95,30
59,95,31
59,95,32
59,95,33
59,95,34
59,95,35
59,96,30
59,96,31
59,96,32
59,96,33
59,96,34
59,96,35
59,96,36
59,97,31
59,97,32
59,97,33
59,97,34
59,97,35
59,97,36
59,97,37
59,97,38
59,98,31
59,98,32
59,98,33
59,98,34
59,98,35
59,98,36
59,98,37
59,98,38
59,99,31
59,99,32
59,99,33
59,99,34
59,99,35
59,99,36
59,99,37
59,99,38
59,100,33
59,100,34
59,100,35
59,100,36
59,100,37
59,100,38
59,101,34
59,101,35
59,101,36
59,101,37
59,101,38
59,101,39
59,102,34
59,102,35
59,102,36
59,102,37
59,102,38
59,102,39
59,103,34
59,103,35
59,103,36
59,103,37
59,103,38
59,103,39
59,104,33
59,104,34
59,104,35
59,104,36
59,104,37
59,104,38
59,104,39
59,105,32
59,105,33
59,105,34
59,105,35
59,105,36
59,105,37
59,105,38
59,105,39
59,106,33
59,106,34
59,106,35
59,106,36
59,106,37
59,106,38
59,106,39
59,107,34
59,107,35
59,107,36
59,107,37
59,107,38
59,107,39
59,108,32
59,108,33
59,108,34
59,108,35
59,108,36
59,108,37
59,108,38
59,108,39
59,109,30
59,109,35
59,109,36
59,109,37
59,109,38
59,109,39
59,109,40
59,110,35
59,110,36
59,110,37
59,110,38
59,110,39
59,110,40
59,111,35
59,111,36
59,111,37
59,111,38
59,111,39
59,111,40
59,112,35
59,112,36
59,112,37
59,112,38
59,112,39
59,112,40
59,112,41
59,113,36
59,113,37
59,113,38
59,113,39
59,113,40
59,113,41
59,114,35
59,114,36
59,114,37
59,114,38
59,114,39
59,114,40
59,114,41
59,115,37
59,115,38
59,115,39
59,115,40
59,115,41
59,115,42
59,116,36
59,116,37
59,116,38
59,116,39
59,116,40
59,116,41
60,68,23
60,68,24
60,68,25
60,68,26
60,69,24
60,69,25
60,69,26
60,69,27
60,70,22
60,70,23
60,70,24
60,70,25
60,70,26
60,70,27
60,71,22
60,71,23
60,71,24
60,71,25
60,71,26
60,71,27
60,72,21
60,72,22
60,72,23
60,72,24
60,72,25
60,72,26
60,73,22
60,73,23
60,73,24
60,73,25
60,73,26
60,73,27
60,73,28
60,74,21
60,74,22
60,74,23
60,74,24
60,74,25
60,74,26
60,75,21
60,75,22
60,75,23
60,75,24
60,75,25
60,75,26
60,75,27
60,75,28
60,76,21
60,76,22
60,76,23
60,76,24
60,76,25
60,76,26
60,76,27
60,77,21
60,77,22
60,77,23
60,77,24
60,77,25
60,77,26
60,77,27
60,78,21
60,78,22
60,78,23
60,78,24
60,78,25
60,78,26
60,78,27
60,79,22
60,79,23
60,79,24
60,79,25
60,79,26
60,79,27
60,80,22
60,80,23
60,80,24
60,80,25
60,80,26
60,80,27
60,81,22
60,81,23
60,81,24
60,81,25
60,81,26
60,81,27
60,82,21
60,82,23
60,82,24
60,82,25
60,82,26
60,82,27
60,83,22
60,83,23
60,83,24
60,83,25
60,83,26
60,83,27
60,84,21
60,84,22
60,84,23
60,84,24
60,84,25
60,84,26
60,84,27
60,85,22
60,85,23
60,85,24
60,85,25
60,85,26
60,85,27
60,85,28
60,86,22
60,86,23
60,86,24
60,86,25
60,86,26
60,86,27
60,87,22
60,87,23
60,87,24
60,87,25
60,87,26
60,87,27
60,87,28
60,88,22
60,88,23
60,88,24
60,88,25
60,88,26
60,88,27
60,88,28
60,88,29
60,89,24
60,89,25
60,89,26
60,89,27
60,89,28
60,89,29
60,89,30
60,90,24
60,90,25
60,90,26
60,90,27
60,90,28
60,90,29
60,91,25
60,91,26
60,91,27
60,91,28
60,91,29
60,91,30
60,92,25
60,92,26
60,92,27
60,92,28
60,92,29
60,92,30
60,93,26
60,93,27
60,93,28
60,93,29
60,93,30
60,93,31
60,94,26
60,94,27
60,94,28
60,94,29
60,94,30
60,94,31
60,94,32
60,94,33
60,95,25
60,95,26
60,95,27
60,95,28
60,95,29
60,95,30
60,95,31
60,95,32
60,95,33
60,95,34
60,96,29
60,96,30
60,96,31
60,96,32
60,96,33
60,96,34
60,96,35
60,97,30
60,97,31
60,97,32
60,97,33
60,97,34
60,97,35
60,97,36
60,97,37
60,98,31
60,98,32
60,98,33
60,98,34
60,98,35
60,98,36
60,98,37
60,98,38
60,99,31
60,99,32
60,99,33
60,99,34
60,99,35
60,99,36
60,99,37
60,99,38
60,100,32
60,100,33
60,100,34
60,100,35
60,100,36
60,100,37
60,100,38
60,101,33
60,101,34
60,101,35
60,101,36
60,101,37
60,101,38
60,102,33
60,102,34
60,102,35
60,102,36
60,102,37
60,102,38
60,103,28
60,103,33
60,103,34
60,103,35
60,103,36
60,103,37
60,103,38
60,104,27
60,104,28
60,104,33
60,104,34
60,104,35
60,104,36
60,104,37
60,104,38
60,105,28
60,105,32
60,105,33
60,105,34
60,105,35
60,105,36
60,105,37
60,105,38
60,106,32
60,106,33
60,106,34
60,106,35
60,106,36
60,106,37
60,106,38
60,107,32
60,107,33
60,107,34
60,107,35
60,107,36
60,107,37
60,107,38
60,108,30
60,108,31
60,108,32
60,108,33
60,108,34
60,108,35
60,108,36
60,108,37
60,108,38
60,108,39
60,109,29
60,109,30
60,109,31
60,109,32
60,109,33
60,109,34
60,109,35
60,109,36
60,109,37
60,109,38
60,109,39
60,110,30
60,110,33
60,110,34
60,110,35
60,110,36
60,110,37
60,110,38
60,110,39
60,111,33
60,111,34
60,111,35
60,111,36
60,111,37
60,111,38
60,111,39
60,112,33
60,112,34
60,112,35
60,112,36
60,112,37
60,112,38
60,112,39
60,113,33
60,113,34
60,113,35
60,113,36
60,113,37
60,113,38
60,113,39
60,113,40
60,114,33
60,114,34
60,114,35
60,114,36
60,114,37
60,114,38
60,114,39
60,114,40
60,114,41
60,115,33
60,115,34
60,115,35
60,115,36
60,115,37
60,115,38
60,115,39
60,115,40
60,115,41
60,115,42
60,116,34
60,116,35
60,116,36
60,116,37
60,116,38
60,116,39
60,116,40
60,116,41
60,117,34
60,117,35
60,117,36
60,117,37
60,117,38
60,117,39
60,117,40
61,67,22
61,67,23
61,67,24
61,67,25
61,67,26
61,68,21
61,68,22
61,68,23
61,68,24
61,68,25
61,68,26
61,69,21
61,69,22
61,69,23
61,69,24
61,69,25
61,69,26
61,70,21
61,70,22
61,70,23
61,70,24
61,70,25
61,70,26
61,71,21
61,71,22
61,71,23
61,71,24
61,71,25
61,71,26
61,72,21
61,72,22
61,72,23
61,72,24
61,72,25
61,73,20
61,73,21
61,73,22
61,73,23
61,73,24
61,73,25
61,73,26
61,74,20
61,74,21
61,74,22
61,74,23
61,74,24
61,74,25
61,75,20
61,75,21
61,75,22
61,75,23
61,75,24
61,75,25
61,75,26
61,76,20
61,76,21
61,76,22
61,76,23
61,76,24
61,76,25
61,76,26
61,77,21
61,77,22
61,77,23
61,77,24
61,77,25
61,77,26
61,78,21
61,78,22
61,78,23
61,78,24
61,78,25
61,78,26
61,79,21
61,79,22
61,79,23
61,79,24
61,79,25
61,79,26
61,80,21
61,80,22
61,80,23
61,80,24
61,80,25
61,80,26
61,81,21
61,81,22
61,81,23
61,81,24
61,81,25
61,81,26
61,82,21
61,82,22
61,82,23
61,82,24
61,82,25
61,82,26
61,83,21
61,83,22
61,83,23
61,83,24
61,83,25
61,83,26
61,83,27
61,84,21
61,84,22
61,84,23
61,84,24
61,84,25
61,84,26
61,84,27
61,85,21
61,85,22
61,85,23
61,85,24
61,85,25
61,85,26
61,85,27
61,85,28
61,86,21
61,86,22
61,86,23
61,86,24
61,86,25
61,86,26
61,86,27
61,87,21
61,87,22
61,87,23
61,87,24
61,87,25
61,87,26
61,87,27
61,88,22
61,88,23
61,88,24
61,88,25
61,88,26
61,88,27
61,88,28
61,89,22
61,89,23
61,89,24
61,89,25
61,89,26
61,89,27
61,89,28
61,89,29
61,90,23
61,90,24
61,90,25
61,90,26
61,90,27
61,90,28
61,91,24
61,91,25
61,91,26
61,91,27
61,91,28
61,91,29
61,92,24
61,92,25
61,92,26
61,92,27
61,92,28
61,92,29
61,93,25
61,93,26
61,93,27
61,93,28
61,93,29
61,93,30
61,94,25
61,94,26
61,94,27
61,94,28
61,94,29
61,94,30
61,94,31
61,95,24
61,95,25
61,95,26
61,95,27
61,95,28
61,95,29
61,95,30
61,95,31
61,95,32
61,96,26
61,96,27
61,96,28
61,96,29
61,96,30
61,96,31
61,96,32
61,96,33
61,96,34
61,97,27
61,97,28
61,97,29
61,97,30
61,97,31
61,97,32
61,97,33
61,97,34
61,97,35
61,97,36
61,98,27
61,98,30
61,98,31
61,98,32
61,98,33
61,98,34
61,98,35
61,98,36
61,98,37
61,99,31
61,99,32
61,99,33
61,99,34
61,99,35
61,99,36
61,99,37
61,99,38
61,100,31
61,100,32
61,100,33
61,100,34
61,100,35
61,100,36
61,100,37
61,101,27
61,101,28
61,101,31
61,101,32
61,101,33
61,101,34
61,101,35
61,101,36
61,101,37
61,102,28
61,102,29
61,102,32
61,102,33
61,102,34
61,102,35
61,102,36
61,102,37
61,103,27
61,103,28
61,103,29
61,103,32
61,103,33
61,103,34
61,103,35
61,103,36
61,103,37
61,103,38
61,104,27
61,104,28
61,104,29
61,104,32
61,104,33
61,104,34
61,104,35
61,104,36
61,104,37
61,104,38
61,105,27
61,105,28
61,105,29
61,105,32
61,105,33
61,105,34
61,105,35
61,105,36
61,105,37
61,105,38
61,106,32
61,106,33
61,106,34
61,106,35
61,106,36
61,106,37
61,106,38
61,107,31
61,107,32
61,107,33
61,107,34
61,107,35
61,107,36
61,107,37
61,107,38
61,108,30
61,108,31
61,108,32
61,108,33
61,108,34
61,108,35
61,108,36
61,108,37
61,108,38
61,109,29
61,109,30
61,109,31
61,109,32
61,109,33
61,109,34
61,109,35
61,109,36
61,109,37
61,109,38
61,110,30
61,110,31
61,110,32
61,110,33
61,110,34
61,110,35
61,110,36
61,110,37
61,110,38
61,111,30
61,111,31
61,111,32
61,111,33
61,111,34
61,111,35
61,111,36
61,111,37
61,111,38
61,112,31
61,112,32
61,112,33
61,112,34
61,112,35
61,112,36
61,112,37
61,112,38
61,113,31
61,113,32
61,113,33
61,113,34
61,113,35
61,113,36
61,113,37
61,113,38
61,113,39
61,114,31
61,114,32
61,114,33
61,114,34
61,114,35
61,114,36
61,114,37
61,114,38
61,114,39
61,114,40
61,115,31
61,115,32
61,115,33
61,115,34
61,115,35
61,115,36
61,115,37
61,115,38
61,115,39
61,115,40
61,115,41
61,116,31
61,116,32
61,116,33
61,116,34
61,116,35
61,116,36
61,116,37
61,116,38
61,116,39
61,116,40
61,116,41
61,117,32
61,117,33
61,117,34
61,117,35
61,117,36
61,117,37
61,117,38
61,117,39
61,117,40
61,118,34
61,118,35
61,118,36
61,118,37
61,118,38
61,118,39
62,63,23
62,64,23
62,64,24
62,66,23
62,66,24
62,66,25
62,67,21
62,67,22
62,67,23
62,67,24
62,67,25
62,67,26
62,68,21
62,68,22
62,68,23
62,68,24
62,68,25
62,69,21
62,69,22
62,69,23
62,69,24
62,69,25
62,70,20
62,70,21
62,70,22
62,70,23
62,70,24
62,70,25
62,71,20
62,71,21
62,71,22
62,71,23
62,71,24
62,71,25
62,72,20
62,72,21
62,72,22
62,72,23
62,72,24
62,73,20
62,73,21
62,73,22
62,73,23
62,73,24
62,73,25
62,74,20
62,74,21
62,74,22
62,74,23
62,74,24
62,75,20
62,75,21
62,75,22
62,75,23
62,75,24
62,76,20
62,76,21
62,76,22
62,76,23
62,76,24
62,77,20
62,77,21
62,77,22
62,77,23
62,77,24
62,77,25
62,77,26
62,78,20
62,78,21
62,78,22
62,78,23
62,78,24
62,78,25
62,78,26
62,79,20
62,79,21
62,79,22
62,79,23
62,79,24
62,79,25
62,79,26
62,80,20
62,80,21
62,80,22
62,80,23
62,80,24
62,80,25
62,81,20
62,81,21
62,81,22
62,81,23
62,81,24
62,81,25
62,81,26
62,82,20
62,82,21
62,82,22
62,82,23
62,82,24
62,82,25
62,83,21
62,83,22
62,83,23
62,83,24
62,83,25
62,83,26
62,84,21
62,84,22
62,84,23
62,84,24
62,84,25
62,84,26
62,85,21
62,85,22
62,85,23
62,85,24
62,85,25
62,85,26
62,85,27
62,86,21
62,86,22
62,86,23
62,86,24
62,86,25
62,86,26
62,87,21
62,87,22
62,87,23
62,87,24
62,87,25
62,87,26
62,88,21
62,88,22
62,88,23
62,88,24
62,88,25
62,88,26
62,88,27
62,88,28
62,89,22
62,89,23
62,89,24
62,89,25
62,89,26
62,89,27
62,89,28
62,89,29
62,90,22
62,90,23
62,90,24
62,90,25
62,90,26
62,90,27
62,90,28
62,91,22
62,91,23
62,91,24
62,91,25
62,91,26
62,91,27
62,91,28
62,91,29
62,92,23
62,92,24
62,92,25
62,92,26
62,92,27
62,92,28
62,92,29
62,92,30
62,93,24
62,93,25
62,93,26
62,93,27
62,93,28
62,93,29
62,93,30
62,94,24
62,94,25
62,94,26
62,94,27
62,94,28
62,94,29
62,94,30
62,94,31
62,95,24
62,95,25
62,95,26
62,95,27
62,95,28
62,95,29
62,95,30
62,95,31
62,95,32
62,96,26
62,96,27
62,96,28
62,96,29
62,96,30
62,96,31
62,96,32
62,97,26
62,97,27
62,97,28
62,97,29
62,97,30
62,97,31
62,97,32
62,97,33
62,97,34
62,97,35
62,98,26
62,98,27
62,98,28
62,98,29
62,98,30
62,98,31
62,98,32
62,98,33
62,98,34
62,98,35
62,98,36
62,99,27
62,99,28
62,99,29
62,99,30
62,99,31
62,99,32
62,99,33
62,99,34
62,99,35
62,99,36
62,99,37
62,100,28
62,100,29
62,100,30
62,100,31
62,100,32
62,100,33
62,100,34
62,100,35
62,100,36
62,101,27
62,101,28
62,101,29
62,101,30
62,101,31
62,101,32
62,101,33
62,101,34
62,101,35
62,101,36
62,101,37
62,101,38
62,102,27
62,102,28
62,102,29
62,102,30
62,102,31
62,102,32
62,102,33
62,102,34
62,102,35
62,102,36
62,102,37
62,103,27
62,103,28
62,103,29
62,103,30
62,103,31
62,103,32
62,103,33
62,103,34
62,103,35
62,103,36
62,103,37
62,104,27
62,104,28
62,104,29
62,104,30
62,104,31
62,104,32
62,104,33
62,104,34
62,104,35
62,104,36
62,104,37
62,105,27
62,105,28
62,105,29
62,105,30
62,105,31
62,105,32
62,105,33
62,105,34
62,105,35
62,105,36
62,105,37
62,106,29
62,106,30
62,106,31
62,106,32
62,106,33
62,106,34
62,106,35
62,106,36
62,106,37
62,107,29
62,107,30
62,107,31
62,107,32
62,107,33
62,107,34
62,107,35
62,107,36
62,107,37
62,108,29
62,108,30
62,108,31
62,108,32
62,108,33
62,108,34
62,108,35
62,108,36
62,108,37
62,109,28
62,109,29
62,109,30
62,109,31
62,109,32
62,109,33
62,109,34
62,109,35
62,109,36
62,109,37
62,110,29
62,110,30
62,110,31
62,110,32
62,110,33
62,110,34
62,110,35
62,110,36
62,110,37
62,111,29
62,111,30
62,111,31
62,111,32
62,111,33
62,111,34
62,111,35
62,111,36
62,111,37
62,112,30
62,112,31
62,112,32
62,112,33
62,112,34
62,112,35
62,112,36
62,112,37
62,112,38
62,113,30
62,113,31
62,113,32
62,113,33
62,113,34
62,113,35
62,113,36
62,113,37
62,113,38
62,114,30
62,114,31
62,114,32
62,114,33
62,114,34
62,114,35
62,114,36
62,114,37
62,114,38
62,115,30
62,115,31
62,115,32
62,115,33
62,115,34
62,115,35
62,115,36
62,115,37
62,115,38
62,115,39
62,116,30
62,116,31
62,116,32
62,116,33
62,116,34
62,116,35
62,116,36
62,116,37
62,116,38
62,116,39
62,116,40
62,117,30
62,117,31
62,117,32
62,117,33
62,117,34
62,117,35
62,117,36
62,117,37
62,117,38
62,117,39
62,117,40
62,118,30
62,118,31
62,118,32
62,118,33
62,118,34
62,118,35
62,118,36
62,118,37
62,118,38
62,118,39
63,62,23
63,62,24
63,63,22
63,63,23
63,63,24
63,63,25
63,64,22
63,64,23
63,64,24
63,64,25
63,65,22
63,65,23
63,65,24
63,65,25
63,66,22
63,66,23
63,66,24
63,66,25
63,66,26
63,67,20
63,67,21
63,67,22
63,67,23
63,67,24
63,67,25
63,68,20
63,68,21
63,68,22
63,68,23
63,68,24
63,68,25
63,69,20
63,69,21
63,69,22
63,69,23
63,69,24
63,69,25
63,70,19
63,70,20
63,70,21
63,70,22
63,70,23
63,70,24
63,70,25
63,71,19
63,71,20
63,71,21
63,71,22
63,71,23
63,72,19
63,72,20
63,72,21
63,72,22
63,72,23
63,73,19
63,73,20
63,73,21
63,73,22
63,73,23
63,73,24
63,74,19
63,74,20
63,74,21
63,74,22
63,74,23
63,75,19
63,75,20
63,75,21
63,75,22
63,75,23
63,76,19
63,76,20
63,76,21
63,76,22
63,76,23
63,77,19
63,77,20
63,77,21
63,77,22
63,77,23
63,77,24
63,77,25
63,78,20
63,78,21
63,78,22
63,78,23
63,78,24
63,78,25
63,78,26
63,79,20
63,79,21
63,79,22
63,79,23
63,79,24
63,79,25
63,80,20
63,80,21
63,80,22
63,80,23
63,80,24
63,81,20
63,81,21
63,81,22
63,81,23
63,81,24
63,81,25
63,82,20
63,82,21
63,82,22
63,82,23
63,82,24
63,82,25
63,83,21
63,83,22
63,83,23
63,83,24
63,83,25
63,83,26
63,84,21
63,84,22
63,84,23
63,84,24
63,84,25
63,85,21
63,85,22
63,85,23
63,85,24
63,85,25
63,85,26
63,86,21
63,86,22
63,86,23
63,86,24
63,86,25
63,87,21
63,87,22
63,87,23
63,87,24
63,87,25
63,87,26
63,88,21
63,88,22
63,88,23
63,88,24
63,88,25
63,88,26
63,88,27
63,89,22
63,89,23
63,89,24
63,89,25
63,89,26
63,89,27
63,89,28
63,90,22
63,90,23
63,90,24
63,90,25
63,90,26
63,90,27
63,91,22
63,91,23
63,91,24
63,91,25
63,91,26
63,91,27
63,91,28
63,92,23
63,92,24
63,92,25
63,92,26
63,92,27
63,92,28
63,92,29
63,93,24
63,93,25
63,93,26
63,93,27
63,93,28
63,93,29
63,94,24
63,94,25
63,94,26
63,94,27
63,94,28
63,94,29
63,94,30
63,95,23
63,95,24
63,95,25
63,95,26
63,95,27
63,95,28
63,95,29
63,95,30
63,95,31
63,96,26
63,96,27
63,96,28
63,96,29
63,96,30
63,96,31
63,96,32
63,97,26
63,97,27
63,97,28
63,97,29
63,97,30
63,97,31
63,97,32
63,97,33
63,98,26
63,98,27
63,98,28
63,98,29
63,98,30
63,98,31
63,98,32
63,98,33
63,99,27
63,99,28
63,99,29
63,99,30
63,99,31
63,99,32
63,99,33
63,99,34
63,100,27
63,100,28
63,100,29
63,100,30
63,100,31
63,100,32
63,100,33
63,100,34
63,101,26
63,101,27
63,101,28
63,101,29
63,101,30
63,101,31
63,101,32
63,101,33
63,101,34
63,101,35
63,101,36
63,101,37
63,101,38
63,102,27
63,102,28
63,102,29
63,102,30
63,102,31
63,102,32
63,102,33
63,102,34
63,102,35
63,102,36
63,102,37
63,102,38
63,103,27
63,103,28
63,103,29
63,103,30
63,103,31
63,103,32
63,103,33
63,103,34
63,103,35
63,103,36
63,104,27
63,104,28
63,104,29
63,104,30
63,104,31
63,104,32
63,104,33
63,104,34
63,104,35
63,104,36
63,105,27
63,105,28
63,105,29
63,105,30
63,105,31
63,105,32
63,105,33
63,105,34
63,105,35
63,105,36
63,106,28
63,106,29
63,106,30
63,106,31
63,106,32
63,106,33
63,106,34
63,106,35
63,106,36
63,107,28
63,107,29
63,107,30
63,107,31
63,107,32
63,107,33
63,107,34
63,107,35
63,107,36
63,108,29
63,108,30
63,108,31
63,108,32
63,108,33
63,108,34
63,108,35
63,108,36
63,109,28
63,109,29
63,109,30
63,109,31
63,109,32
63,109,33
63,109,34
63,109,35
63,109,36
63,110,29
63,110,30
63,110,31
63,110,32
63,110,33
63,110,34
63,110,35
63,110,36
63,111,29
63,111,30
63,111,31
63,111,32
63,111,33
63,111,34
63,111,35
63,111,36
63,112,29
63,112,30
63,112,31
63,112,32
63,112,33
63,112,34
63,112,35
63,112,36
63,113,28
63,113,29
63,113,30
63,113,31
63,113,32
63,113,33
63,113,34
63,113,35
63,113,36
63,113,37
63,114,30
63,114,31
63,114,32
63,114,33
63,114,34
63,114,35
63,114,36
63,115,30
63,115,31
63,115,32
63,115,33
63,115,34
63,115,35
63,115,36
63,116,30
63,116,31
63,116,32
63,116,33
63,116,34
63,116,35
63,116,36
63,117,30
63,117,31
63,117,32
63,117,33
63,117,34
63,117,35
63,117,36
63,118,31
63,118,32
63,118,33
63,118,34
63,118,35
63,118,36
63,118,37
64,62,22
64,62,23
64,62,24
64,63,20
64,63,21
64,63,22
64,63,23
64,63,24
64,63,25
64,64,21
64,64,22
64,64,23
64,64,24
64,64,25
64,65,21
64,65,22
64,65,23
64,65,24
64,65,25
64,66,21
64,66,22
64,66,23
64,66,24
64,66,25
64,66,26
64,67,20
64,67,21
64,67,22
64,67,23
64,67,24
64,67,25
64,68,19
64,68,20
64,68,21
64,68,22
64,68,23
64,68,24
64,69,20
64,69,21
64,69,22
64,69,23
64,69,24
64,70,19
64,70,20
64,70,21
64,70,22
64,70,23
64,70,24
64,71,19
64,71,20
64,71,21
64,71,22
64,71,23
64,72,19
64,72,20
64,72,21
64,72,22
64,73,19
64,73,20
64,73,21
64,73,22
64,73,23
64,74,19
64,74,20
64,74,21
64,74,22
64,75,19
64,75,20
64,75,21
64,75,22
64,75,23
64,76,19
64,76,20
64,76,21
64,76,22
64,77,19
64,77,20
64,77,21
64,77,22
64,77,23
64,77,24
64,78,20
64,78,21
64,78,22
64,78,23
64,78,24
64,78,25
64,79,20
64,79,21
64,79,22
64,79,23
64,79,24
64,80,20
64,80,21
64,80,22
64,80,23
64,81,20
64,81,21
64,81,22
64,81,23
64,81,24
64,82,20
64,82,21
64,82,22
64,82,23
64,82,24
64,83,21
64,83,22
64,83,23
64,83,24
64,83,25
64,84,21
64,84,22
64,84,23
64,84,24
64,84,25
64,85,21
64,85,22
64,85,23
64,85,24
64,85,25
64,85,26
64,86,21
64,86,22
64,86,23
64,86,24
64,86,25
64,87,21
64,87,22
64,87,23
64,87,24
64,87,25
64,88,21
64,88,22
64,88,23
64,88,24
64,88,25
64,88,26
64,89,22
64,89,23
64,89,24
64,89,25
64,89,26
64,89,27
64,90,22
64,90,23
64,90,24
64,90,25
64,90,26
64,91,22
64,91,23
64,91,24
64,91,25
64,91,26
64,91,27
64,92,23
64,92,24
64,92,25
64,92,26
64,92,27
64,93,23
64,93,24
64,93,25
64,93,26
64,93,27
64,93,28
64,94,23
64,94,24
64,94,25
64,94,26
64,94,27
64,94,28
64,95,23
64,95,24
64,95,25
64,95,26
64,95,27
64,95,28
64,95,29
64,95,30
64,96,25
64,96,26
64,96,27
64,96,28
64,96,29
64,96,30
64,96,31
64,97,26
64,97,27
64,97,28
64,97,29
64,97,30
64,97,31
64,97,32
64,98,26
64,98,27
64,98,28
64,98,29
64,98,30
64,98,31
64,98,32
64,98,33
64,99,27
64,99,28
64,99,29
64,99,30
64,99,31
64,99,32
64,99,33
64,100,27
64,100,28
64,100,29
64,100,30
64,100,31
64,100,32
64,101,26
64,101,27
64,101,28
64,101,29
64,101,30
64,101,31
64,101,32
64,101,33
64,101,34
64,101,35
64,101,36
64,102,26
64,102,27
64,102,28
64,102,29
64,102,30
64,102,31
64,102,32
64,102,33
64,102,34
64,102,35
64,102,36
64,102,37
64,102,38
64,103,26
64,103,27
64,103,28
64,103,29
64,103,30
64,103,31
64,103,32
64,103,33
64,103,34
64,103,35
64,103,36
64,104,27
64,104,28
64,104,29
64,104,30
64,104,31
64,104,32
64,104,33
64,104,34
64,104,35
64,104,36
64,105,27
64,105,28
64,105,29
64,105,30
64,105,31
64,105,32
64,105,33
64,105,34
64,105,35
64,106,28
64,106,29
64,106,30
64,106,31
64,106,32
64,106,33
64,106,34
64,106,35
64,107,28
64,107,29
64,107,30
64,107,31
64,107,32
64,107,33
64,107,34
64,107,35
64,108,29
64,108,30
64,108,31
64,108,32
64,108,33
64,108,34
64,108,35
64,109,28
64,109,29
64,109,30
64,109,31
64,109,32
64,109,33
64,109,34
64,109,35
64,110,29
64,110,30
64,110,31
64,110,32
64,110,33
64,110,34
64,111,29
64,111,30
64,111,31
64,111,32
64,112,30
64,112,31
64,113,31
65,60,20
65,60,21
65,62,20
65,62,21
65,62,22
65,62,23
65,62,24
65,63,19
65,63,20
65,63,21
65,63,22
65,63,23
65,63,24
65,63,25
65,64,20
65,64,21
65,64,22
65,64,23
65,64,24
65,64,25
65,65,20
65,65,21
65,65,22
65,65,23
65,65,24
65,65,25
65,66,21
65,66,22
65,66,23
65,66,24
65,66,25
65,66,26
65,67,20
65,67,21
65,67,22
65,67,23
65,67,24
65,67,25
65,68,19
65,68,20
65,68,21
65,68,22
65,68,23
65,69,19
65,69,20
65,69,21
65,69,22
65,69,23
65,70,19
65,70,20
65,70,21
65,70,22
65,70,23
65,71,18
65,71,19
65,71,20
65,71,21
65,71,22
65,72,19
65,72,20
65,72,21
65,73,18
65,73,19
65,73,20
65,73,21
65,74,18
65,74,19
65,74,20
65,74,21
65,75,19
65,75,20
65,75,21
65,75,22
65,76,19
65,76,20
65,76,21
65,76,22
65,77,19
65,77,20
65,77,21
65,77,22
65,77,23
65,78,20
65,78,21
65,78,22
65,78,23
65,78,24
65,79,20
65,79,21
65,79,22
65,79,23
65,80,20
65,80,21
65,80,22
65,81,21
65,81,22
65,81,23
65,82,21
65,82,22
65,82,23
65,82,24
65,83,21
65,83,22
65,83,23
65,83,24
65,83,25
65,84,21
65,84,22
65,84,23
65,84,24
65,85,21
65,85,22
65,85,23
65,85,24
65,85,25
65,86,20
65,86,21
65,86,22
65,86,23
65,86,24
65,87,21
65,87,22
65,87,23
65,87,24
65,88,22
65,88,23
65,88,24
65,88,25
65,89,22
65,89,23
65,89,24
65,89,25
65,89,26
65,90,22
65,90,23
65,90,24
65,90,25
65,91,22
65,91,23
65,91,24
65,91,25
65,91,26
65,92,23
65,92,24
65,92,25
65,92,26
65,92,27
65,93,23
65,93,24
65,93,25
65,93,26
65,93,27
65,93,28
65,94,23
65,94,24
65,94,25
65,94,26
65,94,27
65,94,28
65,95,23
65,95,24
65,95,25
65,95,26
65,95,27
65,95,28
65,95,29
65,96,24
65,96,25
65,96,26
65,96,27
65,96,28
65,96,29
65,96,30
65,97,25
65,97,26
65,97,27
65,97,28
65,97,29
65,97,30
65,97,31
65,97,32
65,98,26
65,98,27
65,98,28
65,98,29
65,98,30
65,98,31
65,98,32
65,99,27
65,99,28
65,99,29
65,99,30
65,99,31
65,99,32
65,100,27
65,100,28
65,100,29
65,100,30
65,100,31
65,101,26
65,101,27
65,101,28
65,101,29
65,101,30
65,101,31
65,101,32
65,101,33
65,101,34
65,101,35
65,102,26
65,102,27
65,102,28
65,102,29
65,102,30
65,102,31
65,102,32
65,102,33
65,102,34
65,102,35
65,102,36
65,103,26
65,103,27
65,103,28
65,103,29
65,103,30
65,103,31
65,103,32
65,103,33
65,103,34
65,103,35
65,104,27
65,104,28
65,104,29
65,104,30
65,104,31
65,104,32
65,104,33
65,104,34
65,104,35
65,104,36
65,105,29
65,105,30
65,105,31
65,105,32
65,105,33
65,105,34
65,105,35
65,106,29
65,106,30
65,106,31
65,106,32
65,106,33
65,106,34
65,107,29
65,107,30
65,107,31
65,107,32
65,107,33
65,108,29
65,108,30
65,108,31
65,108,32
65,109,28
65,109,29
65,109,30
65,109,31
65,110,29
65,110,30
65,110,31
66,59,18
66,59,19
66,59,20
66,59,21
66,60,19
66,60,20
66,60,21
66,60,22
66,61,19
66,61,20
66,61,21
66,62,20
66,62,21
66,62,22
66,62,23
66,63,19
66,63,20
66,63,21
66,63,22
66,63,23
66,63,24
66,64,20
66,64,21
66,64,22
66,64,23
66,64,24
66,65,20
66,65,21
66,65,22
66,65,23
66,65,24
66,66,20
66,66,21
66,66,22
66,66,23
66,66,24
66,66,25
66,67,19
66,67,20
66,67,21
66,67,22
66,67,23
66,67,24
66,68,19
66,68,20
66,68,21
66,68,22
66,69,19
66,69,20
66,69,21
66,69,22
66,69,23
66,70,19
66,70,20
66,70,21
66,70,22
66,71,19
66,71,20
66,71,21
66,72,19
66,72,20
66,73,18
66,73,19
66,73,20
66,74,18
66,74,19
66,74,20
66,75,18
66,75,19
66,75,20
66,76,19
66,76,20
66,76,21
66,77,19
66,77,20
66,77,21
66,77,22
66,78,20
66,78,21
66,78,22
66,79,20
66,79,21
66,79,22
66,79,23
66,80,20
66,80,21
66,80,22
66,81,21
66,81,22
66,82,21
66,82,22
66,82,23
66,83,21
66,83,22
66,83,23
66,83,24
66,84,21
66,84,22
66,84,23
66,84,24
66,85,21
66,85,22
66,85,23
66,85,24
66,85,25
66,86,21
66,86,22
66,86,23
66,86,24
66,87,21
66,87,22
66,87,23
66,88,22
66,88,23
66,88,24
66,89,22
66,89,23
66,89,24
66,89,25
66,90,22
66,90,23
66,90,24
66,91,22
66,91,23
66,91,24
66,91,25
66,92,22
66,92,23
66,92,24
66,92,25
66,92,26
66,93,22
66,93,23
66,93,24
66,93,25
66,93,26
66,93,27
66,94,23
66,94,24
66,94,25
66,94,26
66,94,27
66,95,23
66,95,24
66,95,25
66,95,26
66,95,27
66,95,28
66,96,24
66,96,25
66,96,26
66,97,25
66,97,26
66,97,30
66,97,31
66,98,30
66,98,31
66,99,31
66,100,28
66,100,29
66,100,30
66,101,27
66,101,28
66,101,29
66,101,30
66,101,31
66,101,32
66,101,33
66,101,34
66,102,26
66,102,27
66,102,28
66,102,29
66,102,30
66,102,31
66,102,32
66,102,33
66,102,34
66,102,35
66,103,26
66,103,27
66,103,28
66,103,29
66,103,30
66,103,31
66,103,32
66,103,33
66,103,34
66,103,35
66,103,36
66,104,30
66,104,31
66,104,32
66,104,33
66,104,34
66,104,35
66,105,30
66,105,31
66,105,32
66,105,33
66,105,34
66,106,30
66,106,31
66,108,30
66,108,31
66,108,32
67,57,18
67,57,19
67,58,18
67,58,19
67,58,20
67,58,21
67,59,17
67,59,18
67,59,19
67,59,20
67,59,21
67,60,18
67,60,19
67,60,20
67,60,21
67,60,22
67,61,18
67,61,19
67,61,20
67,61,21
67,62,19
67,62,20
67,62,21
67,63,18
67,63,19
67,63,20
67,63,21
67,63,22
67,63,23
67,64,19
67,64,20
67,64,21
67,64,22
67,64,23
67,64,24
67,65,19
67,65,20
67,65,21
67,65,22
67,65,23
67,66,19
67,66,20
67,66,21
67,66,22
67,66,23
67,66,24
67,67,18
67,67,19
67,67,20
67,67,21
67,67,22
67,67,23
67,68,19
67,68,20
67,68,21
67,68,22
67,69,19
67,69,20
67,69,21
67,69,22
67,70,19
67,70,20
67,70,21
67,71,19
67,71,20
67,71,21
67,72,18
67,72,19
67,72,20
67,73,19
67,73,20
67,74,19
67,74,20
67,75,19
67,75,20
67,76,19
67,76,20
67,79,22
67,83,22
67,83,23
67,84,22
67,84,23
67,85,21
67,85,22
67,85,23
67,85,24
67,86,21
67,86,22
67,86,23
67,87,21
67,87,22
67,87,23
67,88,21
67,88,22
67,88,23
67,88,24
67,89,22
67,89,23
67,89,24
67,90,22
67,90,23
67,91,22
67,91,23
67,91,24
67,92,22
67,92,23
67,92,24
67,92,25
67,93,22
67,93,23
67,93,24
67,93,25
67,93,26
67,94,22
67,94,23
67,94,24
67,94,25
67,94,26
67,95,22
67,95,23
67,95,24
67,95,25
67,96,24
67,97,30
67,97,31
67,101,28
67,101,29
67,101,30
67,101,31
67,101,32
67,101,33
67,102,28
67,102,29
67,102,30
67,102,31
67,102,32
67,102,33
67,102,34
67,102,35
67,103,29
67,103,30
67,103,31
67,103,32
67,103,33
67,103,34
67,103,35
67,103,36
67,104,32
67,104,33
67,104,34
68,52,19
68,52,20
68,53,17
68,53,18
68,54,17
68,54,18
68,55,17
68,55,18
68,56,18
68,56,19
68,57,17
68,57,18
68,57,19
68,57,20
68,57,21
68,58,18
68,58,19
68,58,20
68,58,21
68,58,22
68,59,17
68,59,18
68,59,19
68,59,20
68,59,21
68,60,18
68,60,19
68,60,20
68,60,21
68,60,22
68,61,17
68,61,18
68,61,19
68,61,20
68,61,21
68,62,18
68,62,19
68,62,20
68,62,21
68,63,18
68,63,19
68,63,20
68,63,21
68,63,22
68,64,18
68,64,19
68,64,20
68,64,21
68,64,22
68,64,23
68,65,18
68,65,19
68,65,20
68,65,21
68,65,22
68,65,23
68,66,19
68,66,20
68,66,21
68,66,22
68,66,23
68,67,18
68,67,19
68,67,20
68,67,21
68,67,22
68,68,19
68,68,20
68,68,21
68,69,19
68,69,20
68,69,21
68,70,19
68,70,20
68,70,21
68,71,19
68,71,20
68,72,19
68,73,19
68,73,20
68,84,22
68,85,21
68,85,22
68,85,23
68,86,21
68,86,22
68,87,21
68,88,21
68,88,22
68,88,23
68,89,22
68,89,23
68,90,21
68,90,22
68,90,23
68,91,21
68,91,22
68,91,23
68,91,24
68,92,22
68,92,23
68,92,24
68,92,25
68,93,22
68,93,23
68,93,24
68,93,25
68,94,22
68,94,23
68,94,24
68,95,23
68,101,30
68,101,31
68,101,32
68,101,33
68,102,30
68,102,31
68,102,32
68,102,33
68,102,34
68,102,35
68,103,31
68,103,32
68,103,33
68,103,34
68,103,35
68,103,36
69,51,19
69,51,20
69,52,16
69,52,17
69,52,18
69,52,19
69,52,20
69,52,21
69,53,16
69,53,17
69,53,18
69,53,19
69,53,20
69,54,16
69,54,17
69,54,18
69,54,19
69,55,16
69,55,17
69,55,18
69,55,19
69,56,17
69,56,18
69,56,19
69,56,20
69,57,17
69,57,18
69,57,19
69,57,20
69,57,21
69,58,17
69,58,18
69,58,19
69,58,20
69,58,21
69,58,22
69,59,17
69,59,18
69,59,19
69,59,20
69,59,21
69,60,17
69,60,18
69,60,19
69,60,20
69,60,21
69,60,22
69,61,17
69,61,18
69,61,19
69,61,20
69,61,21
69,62,18
69,62,19
69,62,20
69,63,18
69,63,19
69,63,20
69,63,21
69,64,18
69,64,19
69,64,20
69,64,21
69,64,22
69,65,18
69,65,19
69,65,20
69,65,21
69,65,22
69,66,19
69,66,20
69,66,21
69,66,22
69,66,23
69,67,18
69,67,19
69,67,20
69,67,21
69,67,22
69,68,19
69,68,20
69,69,19
69,69,20
69,70,19
69,70,20
69,71,19
69,71,20
69,85,21
69,85,22
69,86,21
69,88,21
69,89,21
69,89,22
69,90,21
69,90,22
69,90,23
69,91,21
69,91,22
69,92,22
69,93,22
69,93,24
69,94,22
69,94,24
69,95,24
69,101,30
69,101,31
69,101,32
69,102,31
69,102,32
69,102,33
70,49,18
70,49,19
70,50,18
70,50,19
70,51,16
70,51,17
70,51,19
70,51,20
70,52,15
70,52,16
70,52,17
70,52,18
70,52,19
70,52,20
70,52,21
70,53,16
70,53,17
70,53,18
70,53,19
70,53,20
70,54,16
70,54,17
70,54,18
70,54,19
70,55,16
70,55,17
70,55,18
70,55,19
70,56,17
70,56,18
70,56,19
70,56,20
70,57,16
70,57,17
70,57,18
70,57,19
70,57,20
70,58,17
70,58,18
70,58,19
70,58,20
70,58,21
70,59,16
70,59,17
70,59,18
70,59,19
70,59,20
70,60,17
70,60,18
70,60,19
70,60,20
70,60,21
70,61,17
70,61,18
70,61,19
70,61,20
70,62,18
70,62,19
70,62,20
70,63,18
70,63,19
70,63,20
70,63,21
70,64,18
70,64,19
70,64,20
70,64,21
70,65,18
70,65,19
70,65,20
70,65,21
70,66,19
70,66,20
70,66,21
70,66,22
70,67,18
70,67,19
70,67,20
70,67,21
70,68,19
70,68,20
70,85,21
70,89,21
70,89,22
70,90,21
70,90,22
70,90,23
70,102,32
71,44,17
71,44,18
71,45,17
71,45,18
71,46,17
71,46,18
71,47,17
71,47,18
71,48,17
71,48,18
71,48,19
71,49,17
71,49,18
71,49,19
71,49,20
71,50,17
71,50,18
71,50,19
71,50,20
71,51,16
71,51,17
71,51,18
71,51,19
71,52,15
71,52,16
71,52,17
71,52,18
71,52,19
71,52,20
71,53,16
71,53,17
71,53,18
71,54,17
71,54,18
71,55,17
71,55,18
71,56,17
71,56,18
71,56,19
71,57,16
71,57,17
71,57,18
71,57,19
71,57,20
71,58,17
71,58,18
71,58,19
71,58,20
71,59,16
71,59,17
71,59,18
71,59,19
71,59,20
71,60,17
71,60,18
71,60,19
71,60,20
71,61,17
71,61,18
71,61,19
71,61,20
71,62,18
71,62,19
71,62,20
71,63,18
71,63,19
71,63,20
71,63,21
71,64,19
71,64,20
71,65,18
71,65,19
71,65,20
71,65,21
71,66,19
71,66,20
71,66,21
71,67,19
71,67,20
71,89,22
71,90,22
72,44,16
72,44,17
72,44,18
72,44,19
72,45,16
72,45,17
72,45,18
72,45,19
72,46,16
72,46,17
72,46,18
72,46,19
72,47,16
72,47,17
72,47,18
72,47,19
72,48,16
72,48,17
72,48,18
72,48,19
72,49,17
72,49,18
72,49,19
72,49,20
72,50,17
72,50,18
72,50,19
72,50,20
72,51,19
72,52,16
72,52,17
72,57,17
72,57,18
72,57,19
72,58,17
72,58,18
72,58,19
72,59,16
72,59,17
72,59,18
72,59,19
72,60,17
72,60,18
72,60,19
72,61,18
72,65,19
72,65,20
72,77,22
73,44,16
73,44,17
73,44,18
73,44,19
73,45,16
73,45,17
73,45,18
73,45,19
73,46,16
73,46,17
73,46,18
73,46,19
73,47,16
73,47,17
73,47,18
73,47,19
73,48,16
73,48,17
73,48,18
73,48,19
73,49,17
73,49,18
73,49,19
73,50,18
73,50,19
74,44,17
74,44,18
74,45,17
74,45,18
74,46,17
74,46,18
74,47,17
74,47,18
74,48,17
74,48,18
74,77,22
77,74,21
78,44,17
78,44,18
78,45,17
78,45,18
78,46,17
78,46,18
78,47,17
78,47,18
78,48,17
78,48,18
79,44,16
79,44,17
79,44,18
79,44,19
79,45,16
79,45,17
79,45,18
79,45,19
79,46,16
79,46,17
79,46,18
79,46,19
79,47,16
79,47,17
79,47,18
79,47,19
79,48,16
79,48,17
79,48,18
79,48,19
79,49,17
79,49,18
79,49,19
79,50,18
79,50,19
80,44,16
80,44,17
80,44,18
80,44,19
80,45,16
80,45,17
80,45,18
80,45,19
80,46,16
80,46,17
80,46,18
80,46,19
80,47,16
80,47,17
80,47,18
80,47,19
80,48,16
80,48,17
80,48,18
80,48,19
80,49,17
80,49,18
80,49,19
80,49,20
80,50,17
80,50,18
80,50,19
80,50,20
80,51,18
80,51,19
80,52,16
80,52,17
80,58,18
80,58,19
80,59,18
80,59,19
80,60,18
80,60,19
80,61,19
80,61,20
81,44,17
81,44,18
81,45,17
81,45,18
81,46,17
81,46,18
81,47,17
81,47,18
81,48,17
81,48,18
81,48,19
81,49,17
81,49,18
81,49,19
81,49,20
81,50,17
81,50,18
81,50,19
81,50,20
81,51,16
81,51,17
81,51,18
81,51,19
81,52,15
81,52,16
81,52,17
81,52,18
81,52,19
81,52,20
81,53,16
81,53,17
81,54,17
81,54,18
81,56,18
81,56,19
81,57,17
81,57,18
81,57,19
81,58,17
81,58,18
81,58,19
81,58,20
81,59,17
81,59,18
81,59,19
81,59,20
81,60,17
81,60,18
81,60,19
81,60,20
81,61,18
81,61,19
81,61,20
81,61,21
81,62,18
81,62,19
81,62,20
81,63,18
81,63,19
81,63,20
81,64,20
81,64,21
81,65,20
81,65,21
81,68,19
81,68,20
82,49,18
82,49,19
82,50,18
82,50,19
82,51,16
82,51,17
82,51,19
82,51,20
82,52,15
82,52,16
82,52,17
82,52,18
82,52,19
82,52,20
82,52,21
82,53,15
82,53,16
82,53,17
82,53,18
82,53,19
82,53,20
82,54,16
82,54,17
82,54,18
82,54,19
82,55,17
82,55,18
82,55,19
82,56,17
82,56,18
82,56,19
82,56,20
82,57,16
82,57,17
82,57,18
82,57,19
82,57,20
82,58,17
82,58,18
82,58,19
82,58,20
82,59,17
82,59,18
82,59,19
82,59,20
82,59,21
82,60,17
82,60,18
82,60,19
82,60,20
82,61,18
82,61,19
82,61,20
82,61,21
82,62,17
82,62,18
82,62,19
82,62,20
82,62,21
82,63,17
82,63,18
82,63,19
82,63,20
82,63,21
82,64,18
82,64,19
82,64,20
82,64,21
82,64,22
82,65,19
82,65,20
82,65,21
82,65,22
82,66,20
82,66,21
82,66,22
82,66,23
82,67,19
82,67,20
82,67,21
82,68,18
82,68,19
82,68,20
82,68,21
82,69,19
82,69,20
83,51,19
83,51,20
83,52,16
83,52,17
83,52,18
83,52,19
83,52,20
83,52,21
83,53,15
83,53,16
83,53,17
83,53,18
83,53,19
83,53,20
83,54,16
83,54,17
83,54,18
83,54,19
83,55,17
83,55,18
83,55,19
83,55,20
83,56,17
83,56,18
83,56,19
83,56,20
83,57,16
83,57,17
83,57,18
83,57,19
83,57,20
83,58,17
83,58,18
83,58,19
83,58,20
83,58,21
83,59,17
83,59,18
83,59,19
83,59,20
83,59,21
83,60,17
83,60,18
83,60,19
83,60,20
83,60,21
83,61,18
83,61,19
83,61,20
83,61,21
83,62,17
83,62,18
83,62,19
83,62,20
83,62,21
83,63,17
83,63,18
83,63,19
83,63,20
83,63,21
83,63,22
83,64,18
83,64,19
83,64,20
83,64,21
83,64,22
83,64,23
83,65,19
83,65,20
83,65,21
83,65,22
83,65,23
83,66,19
83,66,20
83,66,21
83,66,22
83,66,23
83,66,24
83,67,18
83,67,19
83,67,20
83,67,21
83,67,22
83,67,23
83,68,18
83,68,19
83,68,20
83,68,21
83,68,22
83,69,19
83,69,20
83,69,21
83,70,19
83,70,20
83,70,21
83,71,19
83,72,19
83,72,20
83,73,19
83,73,20
83,74,19
83,74,20
83,87,22
83,89,21
83,90,21
83,90,22
83,90,23
83,91,21
83,94,22
83,101,30
83,102,30
83,102,31
83,103,36
84,52,19
84,52,20
84,53,16
84,53,17
84,54,17
84,54,18
84,54,19
84,55,17
84,55,18
84,55,19
84,55,20
84,56,18
84,56,19
84,57,17
84,57,18
84,57,19
84,57,20
84,58,17
84,58,18
84,58,19
84,58,20
84,58,21
84,59,18
84,59,19
84,59,20
84,59,21
84,59,22
84,60,17
84,60,18
84,60,19
84,60,20
84,60,21
84,60,22
84,61,18
84,61,19
84,61,20
84,61,21
84,61,22
84,62,18
84,62,19
84,62,20
84,62,21
84,62,22
84,63,18
84,63,19
84,63,20
84,63,21
84,63,22
84,63,23
84,64,19
84,64,20
84,64,21
84,64,22
84,64,23
84,65,19
84,65,20
84,65,21
84,65,22
84,65,23
84,65,24
84,66,19
84,66,20
84,66,21
84,66,22
84,66,23
84,66,24
84,66,25
84,67,18
84,67,19
84,67,20
84,67,21
84,67,22
84,67,23
84,67,24
84,68,18
84,68,19
84,68,20
84,68,21
84,68,22
84,69,19
84,69,20
84,69,21
84,69,22
84,70,19
84,70,20
84,70,21
84,71,19
84,71,20
84,72,19
84,72,20
84,73,19
84,73,20
84,74,19
84,74,20
84,75,19
84,75,20
84,76,19
84,76,20
84,77,19
84,77,20
84,82,22
84,85,22
84,86,21
84,86,22
84,87,21
84,87,22
84,87,23
84,88,21
84,88,22
84,89,22
84,89,23
84,90,21
84,90,22
84,90,23
84,90,24
84,91,21
84,91,22
84,91,23
84,92,21
84,92,22
84,92,23
84,93,21
84,93,22
84,93,23
84,94,21
84,94,22
84,94,23
84,94,24
84,95,22
84,95,23
84,95,24
84,96,22
84,96,23
84,96,29
84,97,22
84,97,30
84,101,29
84,101,30
84,101,31
84,101,32
84,101,33
84,102,29
84,102,30
84,102,31
84,102,32
84,102,34
84,102,35
84,102,36
84,103,32
84,103,33
84,103,34
84,103,35
84,103,36
84,103,37
85,55,18
85,55,19
85,57,18
85,57,19
85,57,20
85,58,18
85,58,19
85,58,20
85,58,21
85,59,18
85,59,19
85,59,20
85,59,21
85,59,22
85,60,18
85,60,19
85,60,20
85,60,21
85,60,22
85,61,18
85,61,19
85,61,20
85,61,21
85,61,22
85,62,18
85,62,19
85,62,20
85,62,21
85,62,22
85,62,23
85,63,19
85,63,20
85,63,21
85,63,22
85,63,23
85,63,24
85,64,20
85,64,21
85,64,22
85,64,23
85,64,24
85,64,25
85,65,20
85,65,21
85,65,22
85,65,23
85,65,24
85,65,25
85,66,20
85,66,21
85,66,22
85,66,23
85,66,24
85,66,25
85,67,19
85,67,20
85,67,21
85,67,22
85,67,23
85,67,24
85,68,19
85,68,20
85,68,21
85,68,22
85,69,19
85,69,20
85,69,21
85,69,22
85,70,18
85,70,19
85,70,20
85,70,21
85,70,22
85,71,19
85,71,20
85,72,18
85,72,19
85,72,20
85,73,19
85,73,20
85,74,19
85,74,20
85,75,19
85,75,20
85,76,19
85,76,20
85,77,19
85,77,20
85,77,21
85,78,20
85,78,21
85,80,20
85,80,21
85,80,22
85,81,21
85,81,22
85,82,22
85,82,23
85,83,22
85,84,21
85,84,22
85,84,23
85,84,24
85,85,22
85,85,23
85,85,24
85,86,21
85,86,22
85,86,23
85,87,21
85,87,22
85,87,23
85,87,24
85,88,21
85,88,22
85,88,23
85,89,21
85,89,22
85,89,23
85,89,24
85,90,21
85,90,22
85,90,23
85,90,24
85,90,25
85,91,22
85,91,23
85,91,24
85,92,22
85,92,23
85,92,24
85,92,25
85,92,26
85,93,22
85,93,23
85,93,24
85,94,22
85,94,23
85,94,24
85,94,25
85,95,22
85,95,23
85,95,24
85,95,25
85,95,26
85,96,23
85,96,24
85,96,25
85,96,30
85,97,22
85,97,23
85,97,24
85,97,30
85,97,31
85,100,30
85,100,31
85,100,32
85,100,33
85,101,28
85,101,29
85,101,30
85,101,31
85,101,32
85,101,33
85,101,34
85,102,27
85,102,28
85,102,29
85,102,30
85,102,31
85,102,32
85,102,33
85,102,34
85,102,35
85,102,36
85,103,30
85,103,31
85,103,32
85,103,33
85,103,34
85,103,35
85,103,36
85,104,32
85,104,33
85,104,34
86,58,19
86,58,20
86,59,19
86,59,20
86,59,21
86,60,19
86,60,20
86,60,21
86,61,19
86,61,20
86,61,21
86,61,22
86,62,19
86,62,20
86,62,21
86,62,22
86,62,23
86,62,24
86,63,20
86,63,21
86,63,22
86,63,23
86,63,24
86,63,25
86,64,21
86,64,22
86,64,23
86,64,24
86,64,25
86,64,26
86,65,21
86,65,22
86,65,23
86,65,24
86,65,25
86,66,20
86,66,21
86,66,22
86,66,23
86,66,24
86,66,25
86,67,19
86,67,20
86,67,21
86,67,22
86,67,23
86,67,24
86,68,19
86,68,20
86,68,21
86,68,22
86,68,23
86,69,19
86,69,20
86,69,21
86,69,22
86,69,23
86,70,18
86,70,19
86,70,20
86,70,21
86,70,22
86,71,19
86,71,20
86,71,21
86,72,19
86,72,20
86,72,21
86,73,19
86,73,20
86,73,21
86,74,19
86,74,20
86,74,21
86,75,19
86,75,20
86,75,21
86,76,19
86,76,20
86,76,21
86,76,22
86,77,19
86,77,20
86,77,21
86,77,22
86,77,23
86,78,20
86,78,21
86,78,22
86,78,23
86,78,24
86,79,20
86,79,21
86,79,22
86,80,21
86,80,22
86,80,23
86,81,21
86,81,22
86,82,21
86,82,22
86,82,23
86,83,21
86,83,22
86,83,23
86,83,24
86,84,21
86,84,22
86,84,23
86,84,24
86,84,25
86,85,21
86,85,22
86,85,23
86,85,24
86,85,25
86,86,21
86,86,22
86,86,23
86,86,24
86,87,21
86,87,22
86,87,23
86,87,24
86,88,21
86,88,22
86,88,23
86,89,21
86,89,22
86,89,23
86,89,24
86,90,22
86,90,23
86,90,24
86,90,25
86,91,22
86,91,23
86,91,24
86,91,25
86,91,26
86,92,22
86,92,23
86,92,24
86,92,25
86,92,26
86,92,27
86,93,23
86,93,24
86,93,25
86,93,26
86,94,23
86,94,24
86,94,25
86,94,26
86,95,23
86,95,24
86,95,25
86,95,26
86,95,27
86,95,28
86,96,23
86,96,24
86,96,25
86,96,26
86,96,27
86,96,29
86,96,30
86,97,23
86,97,24
86,97,25
86,97,26
86,97,27
86,97,30
86,97,31
86,97,32
86,98,30
86,98,31
86,98,32
86,99,30
86,99,31
86,99,32
86,100,28
86,100,29
86,100,30
86,100,31
86,100,32
86,100,33
86,100,34
86,101,27
86,101,28
86,101,29
86,101,30
86,101,31
86,101,32
86,101,33
86,101,34
86,101,35
86,102,26
86,102,27
86,102,28
86,102,29
86,102,30
86,102,31
86,102,32
86,102,33
86,102,34
86,102,35
86,102,36
86,103,27
86,103,28
86,103,29
86,103,30
86,103,31
86,103,32
86,103,33
86,103,34
86,103,35
86,103,36
86,103,37
86,104,30
86,104,31
86,104,32
86,104,33
86,104,34
86,104,35
86,104,36
86,105,30
86,105,31
86,105,32
86,105,33
86,105,34
86,105,35
86,106,30
86,106,31
86,106,32
86,107,30
86,108,29
86,108,30
86,108,31
86,109,30
86,109,31
87,61,20
87,61,21
87,62,20
87,62,21
87,62,22
87,62,23
87,62,24
87,62,25
87,63,21
87,63,22
87,63,23
87,63,24
87,63,25
87,63,26
87,64,21
87,64,22
87,64,23
87,64,24
87,64,25
87,64,26
87,65,22
87,65,23
87,65,24
87,65,25
87,65,26
87,66,21
87,66,22
87,66,23
87,66,24
87,66,25
87,67,20
87,67,21
87,67,22
87,67,23
87,67,24
87,67,25
87,68,19
87,68,20
87,68,21
87,68,22
87,68,23
87,68,24
87,69,19
87,69,20
87,69,21
87,69,22
87,69,23
87,70,19
87,70,20
87,70,21
87,70,22
87,71,19
87,71,20
87,71,21
87,72,19
87,72,20
87,72,21
87,73,19
87,73,20
87,73,21
87,73,22
87,74,19
87,74,20
87,74,21
87,74,22
87,75,19
87,75,20
87,75,21
87,75,22
87,75,23
87,76,19
87,76,20
87,76,21
87,76,22
87,76,23
87,77,19
87,77,20
87,77,21
87,77,22
87,77,23
87,77,24
87,78,19
87,78,20
87,78,21
87,78,22
87,78,23
87,78,24
87,78,25
87,79,20
87,79,21
87,79,22
87,79,23
87,79,24
87,80,20
87,80,21
87,80,22
87,80,23
87,80,24
87,81,20
87,81,21
87,81,22
87,81,23
87,82,21
87,82,22
87,82,23
87,82,24
87,83,21
87,83,22
87,83,23
87,83,24
87,83,25
87,84,21
87,84,22
87,84,23
87,84,24
87,84,25
87,84,26
87,85,21
87,85,22
87,85,23
87,85,24
87,85,25
87,85,26
87,86,21
87,86,22
87,86,23
87,86,24
87,86,25
87,87,21
87,87,22
87,87,23
87,87,24
87,87,25
87,88,21
87,88,22
87,88,23
87,88,24
87,89,22
87,89,23
87,89,24
87,89,25
87,90,22
87,90,23
87,90,24
87,90,25
87,90,26
87,91,22
87,91,23
87,91,24
87,91,25
87,91,26
87,91,27
87,92,23
87,92,24
87,92,25
87,92,26
87,92,27
87,92,28
87,93,23
87,93,24
87,93,25
87,93,26
87,93,27
87,94,23
87,94,24
87,94,25
87,94,26
87,94,27
87,95,24
87,95,25
87,95,26
87,95,27
87,95,28
87,95,29
87,95,30
87,96,24
87,96,25
87,96,26
87,96,27
87,96,28
87,96,29
87,96,30
87,96,31
87,97,25
87,97,26
87,97,27
87,97,28
87,97,29
87,97,30
87,97,31
87,97,32
87,98,27
87,98,28
87,98,29
87,98,30
87,98,31
87,98,32
87,98,33
87,99,27
87,99,28
87,99,29
87,99,30
87,99,31
87,99,32
87,100,27
87,100,28
87,100,29
87,100,30
87,100,31
87,100,32
87,100,33
87,100,34
87,101,27
87,101,28
87,101,29
87,101,30
87,101,31
87,101,32
87,101,33
87,101,34
87,101,35
87,102,26
87,102,27
87,102,28
87,102,29
87,102,30
87,102,31
87,102,32
87,102,33
87,102,34
87,102,35
87,102,36
87,103,26
87,103,27
87,103,28
87,103,29
87,103,30
87,103,31
87,103,32
87,103,33
87,103,34
87,103,35
87,103,36
87,103,37
87,104,29
87,104,30
87,104,31
87,104,32
87,104,33
87,104,34
87,104,35
87,104,36
87,105,29
87,105,30
87,105,31
87,105,32
87,105,33
87,105,34
87,105,35
87,106,28
87,106,29
87,106,30
87,106,31
87,106,32
87,106,33
87,106,34
87,107,29
87,107,30
87,107,31
87,107,32
87,107,33
87,107,34
87,108,29
87,108,30
87,108,31
87,108,32
87,108,33
87,109,29
87,109,30
87,109,31
87,110,30
87,111,29
87,111,30
88,62,23
88,62,24
88,62,25
88,63,22
88,63,23
88,63,24
88,63,25
88,63,26
88,64,22
88,64,23
88,64,24
88,64,25
88,64,26
88,65,22
88,65,23
88,65,24
88,65,25
88,65,26
88,66,22
88,66,23
88,66,24
88,66,25
88,67,21
88,67,22
88,67,23
88,67,24
88,67,25
88,68,20
88,68,21
88,68,22
88,68,23
88,68,24
88,68,25
88,69,20
88,69,21
88,69,22
88,69,23
88,69,24
88,70,19
88,70,20
88,70,21
88,70,22
88,70,23
88,71,19
88,71,20
88,71,21
88,71,22
88,71,23
88,72,19
88,72,20
88,72,21
88,72,22
88,73,19
88,73,20
88,73,21
88,73,22
88,73,23
88,74,19
88,74,20
88,74,21
88,74,22
88,75,19
88,75,20
88,75,21
88,75,22
88,75,23
88,76,19
88,76,20
88,76,21
88,76,22
88,76,23
88,76,24
88,77,20
88,77,21
88,77,22
88,77,23
88,77,24
88,77,25
88,78,20
88,78,21
88,78,22
88,78,23
88,78,24
88,78,25
88,78,26
88,79,20
88,79,21
88,79,22
88,79,23
88,79,24
88,79,25
88,80,20
88,80,21
88,80,22
88,80,23
88,80,24
88,80,25
88,81,20
88,81,21
88,81,22
88,81,23
88,81,24
88,82,21
88,82,22
88,82,23
88,82,24
88,82,25
88,83,21
88,83,22
88,83,23
88,83,24
88,83,25
88,83,26
88,84,21
88,84,22
88,84,23
88,84,24
88,84,25
88,84,26
88,84,27
88,85,21
88,85,22
88,85,23
88,85,24
88,85,25
88,85,26
88,86,21
88,86,22
88,86,23
88,86,24
88,86,25
88,87,21
88,87,22
88,87,23
88,87,24
88,87,25
88,87,26
88,88,21
88,88,22
88,88,23
88,88,24
88,88,25
88,89,22
88,89,23
88,89,24
88,89,25
88,89,26
88,90,22
88,90,23
88,90,24
88,90,25
88,90,26
88,91,22
88,91,23
88,91,24
88,91,25
88,91,26
88,91,27
88,91,28
88,92,23
88,92,24
88,92,25
88,92,26
88,92,27
88,92,28
88,92,29
88,93,23
88,93,24
88,93,25
88,93,26
88,93,27
88,93,28
88,94,23
88,94,24
88,94,25
88,94,26
88,94,27
88,94,28
88,94,29
88,95,25
88,95,26
88,95,27
88,95,28
88,95,29
88,95,30
88,95,31
88,96,25
88,96,26
88,96,27
88,96,28
88,96,29
88,96,30
88,96,31
88,96,32
88,97,27
88,97,28
88,97,29
88,97,30
88,97,31
88,97,32
88,97,33
88,98,27
88,98,28
88,98,29
88,98,30
88,98,31
88,98,32
88,98,33
88,99,28
88,99,29
88,99,30
88,99,31
88,99,32
88,99,33
88,100,27
88,100,28
88,100,29
88,100,30
88,100,31
88,100,32
88,100,33
88,100,34
88,100,35
88,101,27
88,101,28
88,101,29
88,101,30
88,101,31
88,101,32
88,101,33
88,101,34
88,101,35
88,101,36
88,102,27
88,102,28
88,102,29
88,102,30
88,102,31
88,102,32
88,102,33
88,102,34
88,102,35
88,102,36
88,103,27
88,103,28
88,103,29
88,103,30
88,103,31
88,103,32
88,103,33
88,103,34
88,103,35
88,103,36
88,104,27
88,104,28
88,104,29
88,104,30
88,104,31
88,104,32
88,104,33
88,104,34
88,104,35
88,104,36
88,105,28
88,105,29
88,105,30
88,105,31
88,105,32
88,105,33
88,105,34
88,105,35
88,106,28
88,106,29
88,106,30
88,106,31
88,106,32
88,106,33
88,106,34
88,106,35
88,107,29
88,107,30
88,107,31
88,107,32
88,107,33
88,107,34
88,107,35
88,108,29
88,108,30
88,108,31
88,108,32
88,108,33
88,108,34
88,108,35
88,109,29
88,109,30
88,109,31
88,109,32
88,109,33
88,109,34
88,109,35
88,110,29
88,110,30
88,110,31
88,110,32
88,110,33
88,110,34
88,110,35
88,111,28
88,111,29
88,111,30
88,111,31
88,111,34
88,111,35
88,112,29
88,112,30
88,112,31
88,113,30
88,113,31
88,115,31
88,117,30
88,118,30
89,63,23
89,63,24
89,63,25
89,64,23
89,64,24
89,64,25
89,65,23
89,65,24
89,65,25
89,66,23
89,66,24
89,67,21
89,67,22
89,67,23
89,67,24
89,67,25
89,68,20
89,68,21
89,68,22
89,68,23
89,68,24
89,68,25
89,69,20
89,69,21
89,69,22
89,69,23
89,69,24
89,69,25
89,70,20
89,70,21
89,70,22
89,70,23
89,70,24
89,71,20
89,71,21
89,71,22
89,71,23
89,71,24
89,72,20
89,72,21
89,72,22
89,72,23
89,73,20
89,73,21
89,73,22
89,73,23
89,73,24
89,74,20
89,74,21
89,74,22
89,74,23
89,74,24
89,75,20
89,75,21
89,75,22
89,75,23
89,75,24
89,76,20
89,76,21
89,76,22
89,76,23
89,76,24
89,77,20
89,77,21
89,77,22
89,77,23
89,77,24
89,77,25
89,77,26
89,78,20
89,78,21
89,78,22
89,78,23
89,78,24
89,78,25
89,78,26
89,79,20
89,79,21
89,79,22
89,79,23
89,79,24
89,79,25
89,79,26
89,80,20
89,80,21
89,80,22
89,80,23
89,80,24
89,80,25
89,81,20
89,81,21
89,81,22
89,81,23
89,81,24
89,81,25
89,82,21
89,82,22
89,82,23
89,82,24
89,82,25
89,83,21
89,83,22
89,83,23
89,83,24
89,83,25
89,83,26
89,84,21
89,84,22
89,84,23
89,84,24
89,84,25
89,84,26
89,84,27
89,85,21
89,85,22
89,85,23
89,85,24
89,85,25
89,85,26
89,86,21
89,86,22
89,86,23
89,86,24
89,86,25
89,86,26
89,87,21
89,87,22
89,87,23
89,87,24
89,87,25
89,87,26
89,88,22
89,88,23
89,88,24
89,88,25
89,88,26
89,89,22
89,89,23
89,89,24
89,89,25
89,89,26
89,89,27
89,90,22
89,90,23
89,90,24
89,90,25
89,90,26
89,90,27
89,91,22
89,91,23
89,91,24
89,91,25
89,91,26
89,91,27
89,91,28
89,91,29
89,92,22
89,92,23
89,92,24
89,92,25
89,92,26
89,92,27
89,92,28
89,92,29
89,92,30
89,93,24
89,93,25
89,93,26
89,93,27
89,93,28
89,93,29
89,94,24
89,94,25
89,94,26
89,94,27
89,94,28
89,94,29
89,94,30
89,95,25
89,95,26
89,95,27
89,95,28
89,95,29
89,95,30
89,95,31
89,95,32
89,96,26
89,96,27
89,96,28
89,96,29
89,96,30
89,96,31
89,96,32
89,96,33
89,97,28
89,97,29
89,97,30
89,97,31
89,97,32
89,97,33
89,97,34
89,98,27
89,98,28
89,98,29
89,98,30
89,98,31
89,98,32
89,98,33
89,98,34
89,98,36
89,99,28
89,99,29
89,99,30
89,99,31
89,99,32
89,99,33
89,99,34
89,100,27
89,100,28
89,100,29
89,100,30
89,100,31
89,100,32
89,100,33
89,100,34
89,100,35
89,100,36
89,101,27
89,101,28
89,101,29
89,101,30
89,101,31
89,101,32
89,101,33
89,101,34
89,101,35
89,101,36
89,101,37
89,102,27
89,102,28
89,102,29
89,102,30
89,102,31
89,102,32
89,102,33
89,102,34
89,102,35
89,102,36
89,102,37
89,103,27
89,103,28
89,103,29
89,103,30
89,103,31
89,103,32
89,103,33
89,103,34
89,103,35
89,103,36
89,104,27
89,104,28
89,104,29
89,104,30
89,104,31
89,104,32
89,104,33
89,104,34
89,104,35
89,104,36
89,105,27
89,105,28
89,105,29
89,105,30
89,105,31
89,105,32
89,105,33
89,105,34
89,105,35
89,105,36
89,106,29
89,106,30
89,106,31
89,106,32
89,106,33
89,106,34
89,106,35
89,106,36
89,107,30
89,107,31
89,107,32
89,107,33
89,107,34
89,107,35
89,107,36
89,108,29
89,108,30
89,108,31
89,108,32
89,108,33
89,108,34
89,108,35
89,108,36
89,109,29
89,109,30
89,109,31
89,109,32
89,109,33
89,109,34
89,109,35
89,109,36
89,110,29
89,110,30
89,110,31
89,110,32
89,110,33
89,110,34
89,110,35
89,110,36
89,110,37
89,111,29
89,111,30
89,111,31
89,111,32
89,111,33
89,111,34
89,111,35
89,111,36
89,111,37
89,112,29
89,112,30
89,112,31
89,112,32
89,112,33
89,112,34
89,112,35
89,112,36
89,112,37
89,113,29
89,113,30
89,113,31
89,113,32
89,113,33
89,113,34
89,113,35
89,113,36
89,113,37
89,114,31
89,114,32
89,114,33
89,114,34
89,114,35
89,114,36
89,114,37
89,114,38
89,115,30
89,115,31
89,115,32
89,115,33
89,115,34
89,115,35
89,115,36
89,115,37
89,115,38
89,116,30
89,116,31
89,116,32
89,116,33
89,116,34
89,116,35
89,116,36
89,116,37
89,116,38
89,116,39
89,117,30
89,117,31
89,117,32
89,117,33
89,117,34
89,117,35
89,117,36
89,117,37
89,117,38
89,117,39
89,117,40
89,118,30
89,118,31
89,118,32
89,118,33
89,118,34
89,118,35
89,119,30
89,119,31
89,119,32
89,119,33
89,119,34
90,67,23
90,67,24
90,68,21
90,68,22
90,68,23
90,68,24
90,68,25
90,69,21
90,69,22
90,69,23
90,69,24
90,69,25
90,69,26
90,70,21
90,70,22
90,70,23
90,70,24
90,70,25
90,71,20
90,71,21
90,71,22
90,71,23
90,71,24
90,71,25
90,71,26
90,72,20
90,72,21
90,72,22
90,72,23
90,72,24
90,73,20
90,73,21
90,73,22
90,73,23
90,73,24
90,73,25
90,73,26
90,74,20
90,74,21
90,74,22
90,74,23
90,74,24
90,74,25
90,74,26
90,75,20
90,75,21
90,75,22
90,75,23
90,75,24
90,75,25
90,76,20
90,76,21
90,76,22
90,76,23
90,76,24
90,76,25
90,77,20
90,77,21
90,77,22
90,77,23
90,77,24
90,77,25
90,77,26
90,78,20
90,78,21
90,78,22
90,78,23
90,78,24
90,78,25
90,78,26
90,79,21
90,79,22
90,79,23
90,79,24
90,79,25
90,79,26
90,80,20
90,80,21
90,80,22
90,80,23
90,80,24
90,80,25
90,80,26
90,81,21
90,81,22
90,81,23
90,81,24
90,81,25
90,81,26
90,82,21
90,82,22
90,82,23
90,82,24
90,82,25
90,82,26
90,83,21
90,83,22
90,83,23
90,83,24
90,83,25
90,83,26
90,83,27
90,84,21
90,84,22
90,84,23
90,84,24
90,84,25
90,84,26
90,84,27
90,84,28
90,85,21
90,85,22
90,85,23
90,85,24
90,85,25
90,85,26
90,85,27
90,86,22
90,86,23
90,86,24
90,86,25
90,86,26
90,86,27
90,87,22
90,87,23
90,87,24
90,87,25
90,87,26
90,87,27
90,88,22
90,88,23
90,88,24
90,88,25
90,88,26
90,88,27
90,89,23
90,89,24
90,89,25
90,89,26
90,89,27
90,89,28
90,90,23
90,90,24
90,90,25
90,90,26
90,90,27
90,90,28
90,91,23
90,91,24
90,91,25
90,91,26
90,91,27
90,91,28
90,91,29
90,91,30
90,92,24
90,92,25
90,92,26
90,92,27
90,92,28
90,92,29
90,92,30
90,92,31
90,93,25
90,93,26
90,93,27
90,93,28
90,93,29
90,93,30
90,94,24
90,94,25
90,94,26
90,94,27
90,94,28
90,94,29
90,94,30
90,94,31
90,95,26
90,95,27
90,95,28
90,95,29
90,95,30
90,95,31
90,95,32
90,95,33
90,96,28
90,96,29
90,96,30
90,96,31
90,96,32
90,96,33
90,96,34
90,97,28
90,97,29
90,97,30
90,97,31
90,97,32
90,97,33
90,97,34
90,97,35
90,97,36
90,98,28
90,98,29
90,98,30
90,98,31
90,98,32
90,98,33
90,98,34
90,98,35
90,98,36
90,98,37
90,99,29
90,99,30
90,99,31
90,99,32
90,99,33
90,99,34
90,99,35
90,99,36
90,100,27
90,100,28
90,100,29
90,100,30
90,100,31
90,100,32
90,100,33
90,100,34
90,100,35
90,100,36
90,100,37
90,101,27
90,101,28
90,101,29
90,101,30
90,101,31
90,101,32
90,101,33
90,101,34
90,101,35
90,101,36
90,101,37
90,102,27
90,102,28
90,102,29
90,102,30
90,102,31
90,102,32
90,102,33
90,102,34
90,102,35
90,102,36
90,102,37
90,103,27
90,103,28
90,103,29
90,103,30
90,103,31
90,103,32
90,103,33
90,103,34
90,103,35
90,103,36
90,103,37
90,104,27
90,104,28
90,104,29
90,104,30
90,104,31
90,104,32
90,104,33
90,104,34
90,104,35
90,104,36
90,104,37
90,105,27
90,105,28
90,105,29
90,105,30
90,105,31
90,105,32
90,105,33
90,105,34
90,105,35
90,105,36
90,105,37
90,106,28
90,106,29
90,106,30
90,106,31
90,106,32
90,106,33
90,106,34
90,106,35
90,106,36
90,106,37
90,107,28
90,107,29
90,107,30
90,107,31
90,107,32
90,107,33
90,107,34
90,107,35
90,107,36
90,107,37
90,108,28
90,108,29
90,108,30
90,108,31
90,108,32
90,108,33
90,108,34
90,108,35
90,108,36
90,108,37
90,109,29
90,109,30
90,109,31
90,109,32
90,109,33
90,109,34
90,109,35
90,109,36
90,109,37
90,110,29
90,110,30
90,110,31
90,110,32
90,110,33
90,110,34
90,110,35
90,110,36
90,110,37
90,110,38
90,111,30
90,111,31
90,111,32
90,111,33
90,111,34
90,111,35
90,111,36
90,111,37
90,111,38
90,112,30
90,112,31
90,112,32
90,112,33
90,112,34
90,112,35
90,112,36
90,112,37
90,112,38
90,113,30
90,113,31
90,113,32
90,113,33
90,113,34
90,113,35
90,113,36
90,113,37
90,113,38
90,114,30
90,114,31
90,114,32
90,114,33
90,114,34
90,114,35
90,114,36
90,114,37
90,114,38
90,114,39
90,115,30
90,115,31
90,115,32
90,115,33
90,115,34
90,115,35
90,115,36
90,115,37
90,115,38
90,115,39
90,115,40
90,116,30
90,116,31
90,116,32
90,116,33
90,116,34
90,116,35
90,116,36
90,116,37
90,116,38
90,116,39
90,116,40
90,116,41
90,116,42
90,117,31
90,117,32
90,117,33
90,117,34
90,117,35
90,117,36
90,117,37
90,117,38
90,117,39
90,117,40
90,117,41
90,118,31
90,118,32
90,118,33
90,118,34
90,118,35
90,119,31
90,119,32
90,119,33
90,119,34
91,68,23
91,68,24
91,68,25
91,68,26
91,69,22
91,69,23
91,69,24
91,69,25
91,69,26
91,69,27
91,70,22
91,70,23
91,70,24
91,70,25
91,70,26
91,71,21
91,71,22
91,71,23
91,71,24
91,71,25
91,71,26
91,71,27
91,72,22
91,72,23
91,72,24
91,72,25
91,72,26
91,73,21
91,73,22
91,73,23
91,73,24
91,73,25
91,73,26
91,73,27
91,73,28
91,74,21
91,74,22
91,74,23
91,74,24
91,74,25
91,74,26
91,74,27
91,75,21
91,75,22
91,75,23
91,75,24
91,75,25
91,75,26
91,76,21
91,76,22
91,76,23
91,76,24
91,76,25
91,76,26
91,77,21
91,77,22
91,77,23
91,77,24
91,77,25
91,77,26
91,77,27
91,78,21
91,78,22
91,78,23
91,78,24
91,78,25
91,78,26
91,78,27
91,79,21
91,79,22
91,79,23
91,79,24
91,79,25
91,79,26
91,79,27
91,80,22
91,80,23
91,80,24
91,80,25
91,80,26
91,80,27
91,81,21
91,81,22
91,81,23
91,81,24
91,81,25
91,81,26
91,81,27
91,82,22
91,82,23
91,82,24
91,82,25
91,82,26
91,82,27
91,83,22
91,83,23
91,83,24
91,83,25
91,83,26
91,83,27
91,83,28
91,84,22
91,84,23
91,84,24
91,84,25
91,84,26
91,84,27
91,84,28
91,85,22
91,85,23
91,85,24
91,85,25
91,85,26
91,85,27
91,86,22
91,86,23
91,86,24
91,86,25
91,86,26
91,86,27
91,86,28
91,87,23
91,87,24
91,87,25
91,87,26
91,87,27
91,87,28
91,87,29
91,88,23
91,88,24
91,88,25
91,88,26
91,88,27
91,88,28
91,89,23
91,89,24
91,89,25
91,89,26
91,89,27
91,89,28
91,89,29
91,90,23
91,90,24
91,90,25
91,90,26
91,90,27
91,90,28
91,90,29
91,91,24
91,91,25
91,91,26
91,91,27
91,91,28
91,91,29
91,91,30
91,92,25
91,92,26
91,92,27
91,92,28
91,92,29
91,92,30
91,92,31
91,93,25
91,93,26
91,93,27
91,93,28
91,93,29
91,93,30
91,93,31
91,94,25
91,94,26
91,94,27
91,94,28
91,94,29
91,94,30
91,94,31
91,94,32
91,94,33
91,95,27
91,95,28
91,95,29
91,95,30
91,95,31
91,95,32
91,95,33
91,95,34
91,96,29
91,96,30
91,96,31
91,96,32
91,96,33
91,96,34
91,97,29
91,97,30
91,97,31
91,97,32
91,97,33
91,97,34
91,97,35
91,97,36
91,97,37
91,98,30
91,98,31
91,98,32
91,98,33
91,98,34
91,98,35
91,98,36
91,98,37
91,98,38
91,99,31
91,99,32
91,99,33
91,99,34
91,99,35
91,99,36
91,99,37
91,100,32
91,100,33
91,100,34
91,100,35
91,100,36
91,100,37
91,100,38
91,101,27
91,101,32
91,101,33
91,101,34
91,101,35
91,101,36
91,101,37
91,102,28
91,102,32
91,102,33
91,102,34
91,102,35
91,102,36
91,102,37
91,102,38
91,103,27
91,103,28
91,103,33
91,103,34
91,103,35
91,103,36
91,103,37
91,103,38
91,104,27
91,104,28
91,104,32
91,104,33
91,104,34
91,104,35
91,104,36
91,104,37
91,104,38
91,105,27
91,105,28
91,105,32
91,105,33
91,105,34
91,105,35
91,105,36
91,105,37
91,105,38
91,106,27
91,106,28
91,106,32
91,106,33
91,106,34
91,106,35
91,106,36
91,106,37
91,106,38
91,107,27
91,107,31
91,107,32
91,107,33
91,107,34
91,107,35
91,107,36
91,107,37
91,107,38
91,108,29
91,108,30
91,108,31
91,108,32
91,108,33
91,108,34
91,108,35
91,108,36
91,108,37
91,108,38
91,109,29
91,109,30
91,109,31
91,109,32
91,109,33
91,109,34
91,109,35
91,109,36
91,109,37
91,109,38
91,110,29
91,110,30
91,110,31
91,110,32
91,110,33
91,110,34
91,110,35
91,110,36
91,110,37
91,110,38
91,111,31
91,111,32
91,111,33
91,111,34
91,111,35
91,111,36
91,111,37
91,111,38
91,111,39
91,112,32
91,112,33
91,112,34
91,112,35
91,112,36
91,112,37
91,112,38
91,112,39
91,113,32
91,113,33
91,113,34
91,113,35
91,113,36
91,113,37
91,113,38
91,113,39
91,113,40
91,114,32
91,114,33
91,114,34
91,114,35
91,114,36
91,114,37
91,114,38
91,114,39
91,114,40
91,114,41
91,115,32
91,115,33
91,115,34
91,115,35
91,115,36
91,115,37
91,115,38
91,115,39
91,115,40
91,115,41
91,116,33
91,116,34
91,116,35
91,116,36
91,116,37
91,116,38
91,116,39
91,116,40
91,116,41
91,116,42
91,117,33
91,117,34
91,117,35
91,117,36
91,117,37
91,117,38
91,117,39
91,117,40
91,117,41
91,118,33
91,118,34
91,118,35
92,68,26
92,69,23
92,69,24
92,69,25
92,69,26
92,69,27
92,70,23
92,70,24
92,70,25
92,70,26
92,70,27
92,71,22
92,71,23
92,71,24
92,71,25
92,71,26
92,71,27
92,72,23
92,72,24
92,72,25
92,72,26
92,72,27
92,72,28
92,73,22
92,73,23
92,73,24
92,73,25
92,73,26
92,73,27
92,73,28
92,73,29
92,74,21
92,74,22
92,74,23
92,74,24
92,74,25
92,74,26
92,74,27
92,74,28
92,75,22
92,75,23
92,75,24
92,75,25
92,75,26
92,75,27
92,75,28
92,76,22
92,76,23
92,76,24
92,76,25
92,76,26
92,76,27
92,77,22
92,77,23
92,77,24
92,77,25
92,77,26
92,77,27
92,78,22
92,78,23
92,78,24
92,78,25
92,78,26
92,78,27
92,78,28
92,79,22
92,79,23
92,79,24
92,79,25
92,79,26
92,79,27
92,79,28
92,80,22
92,80,23
92,80,24
92,80,25
92,80,26
92,80,27
92,81,22
92,81,23
92,81,24
92,81,25
92,81,26
92,81,27
92,82,22
92,82,23
92,82,24
92,82,25
92,82,26
92,82,27
92,83,22
92,83,23
92,83,24
92,83,25
92,83,26
92,83,27
92,83,28
92,84,22
92,84,23
92,84,24
92,84,25
92,84,26
92,84,27
92,84,28
92,84,29
92,85,22
92,85,23
92,85,24
92,85,25
92,85,26
92,85,27
92,85,28
92,86,23
92,86,24
92,86,25
92,86,26
92,86,27
92,86,28
92,86,29
92,87,24
92,87,25
92,87,26
92,87,27
92,87,28
92,87,29
92,87,30
92,88,23
92,88,24
92,88,25
92,88,26
92,88,27
92,88,28
92,88,29
92,89,24
92,89,25
92,89,26
92,89,27
92,89,28
92,89,29
92,90,24
92,90,25
92,90,26
92,90,27
92,90,28
92,90,29
92,90,30
92,91,25
92,91,26
92,91,27
92,91,28
92,91,29
92,91,30
92,91,31
92,92,26
92,92,27
92,92,28
92,92,29
92,92,30
92,92,31
92,92,32
92,93,26
92,93,27
92,93,28
92,93,29
92,93,30
92,93,31
92,93,32
92,93,33
92,94,25
92,94,26
92,94,27
92,94,28
92,94,29
92,94,30
92,94,31
92,94,32
92,94,33
92,95,27
92,95,28
92,95,29
92,95,30
92,95,31
92,95,32
92,95,33
92,95,34
92,95,35
92,96,30
92,96,31
92,96,32
92,96,33
92,96,34
92,96,35
92,97,30
92,97,31
92,97,32
92,97,33
92,97,34
92,97,35
92,97,36
92,97,37
92,97,38
92,98,31
92,98,32
92,98,33
92,98,34
92,98,35
92,98,36
92,98,37
92,98,38
92,98,39
92,99,31
92,99,32
92,99,33
92,99,34
92,99,35
92,99,36
92,99,37
92,99,38
92,100,33
92,100,34
92,100,35
92,100,36
92,100,37
92,100,38
92,101,33
92,101,34
92,101,35
92,101,36
92,101,37
92,101,38
92,102,33
92,102,34
92,102,35
92,102,36
92,102,37
92,102,38
92,103,34
92,103,35
92,103,36
92,103,37
92,103,38
92,104,34
92,104,35
92,104,36
92,104,37
92,104,38
92,104,39
92,105,33
92,105,34
92,105,35
92,105,36
92,105,37
92,105,38
92,105,39
92,106,31
92,106,32
92,106,33
92,106,34
92,106,35
92,106,36
92,106,37
92,106,38
92,106,39
92,107,30
92,107,32
92,107,33
92,107,34
92,107,35
92,107,36
92,107,37
92,107,38
92,107,39
92,108,29
92,108,30
92,108,31
92,108,32
92,108,33
92,108,34
92,108,35
92,108,36
92,108,37
92,108,38
92,108,39
92,109,29
92,109,30
92,109,34
92,109,35
92,109,36
92,109,37
92,109,38
92,109,39
92,110,34
92,110,35
92,110,36
92,110,37
92,110,38
92,110,39
92,111,34
92,111,35
92,111,36
92,111,37
92,111,38
92,111,39
92,112,35
92,112,36
92,112,37
92,112,38
92,112,39
92,113,34
92,113,35
92,113,36
92,113,37
92,113,38
92,113,39
92,113,40
92,113,41
92,114,35
92,114,36
92,114,37
92,114,38
92,114,39
92,115,34
92,115,35
92,115,36
92,115,37
92,115,38
92,115,39
92,115,40
92,115,41
92,116,34
92,116,35
92,116,36
92,116,37
92,116,38
92,116,39
92,116,40
92,116,41
92,116,42
92,117,34
92,117,35
92,117,36
92,117,37
92,117,38
92,117,39
92,117,40
92,117,41
93,72,25
93,72,26
93,72,27
93,73,24
93,73,25
93,73,26
93,73,27
93,73,28
93,73,29
93,74,23
93,74,24
93,74,25
93,74,26
93,74,27
93,74,28
93,75,23
93,75,24
93,75,25
93,75,26
93,75,27
93,75,28
93,75,29
93,76,23
93,76,24
93,76,25
93,76,26
93,76,27
93,76,28
93,76,29
93,77,23
93,77,24
93,77,25
93,77,26
93,77,27
93,77,28
93,77,29
93,78,22
93,78,23
93,78,24
93,78,25
93,78,26
93,78,27
93,78,28
93,78,29
93,79,22
93,79,23
93,79,24
93,79,25
93,79,26
93,79,27
93,79,28
93,79,29
93,80,23
93,80,24
93,80,25
93,80,26
93,80,27
93,80,28
93,81,23
93,81,24
93,81,25
93,81,26
93,81,27
93,81,28
93,82,23
93,82,24
93,82,25
93,82,26
93,82,27
93,82,28
93,83,23
93,83,24
93,83,25
93,83,26
93,83,27
93,83,28
93,83,29
93,84,23
93,84,24
93,84,25
93,84,26
93,84,27
93,84,28
93,84,29
93,85,23
93,85,24
93,85,25
93,85,26
93,85,27
93,85,28
93,85,29
93,86,23
93,86,24
93,86,25
93,86,26
93,86,27
93,86,28
93,86,29
93,86,30
93,87,25
93,87,26
93,87,27
93,87,28
93,87,29
93,87,30
93,88,24
93,88,25
93,88,26
93,88,27
93,88,28
93,88,29
93,89,26
93,89,27
93,89,28
93,89,29
93,89,30
93,90,25
93,90,26
93,90,27
93,90,28
93,90,29
93,90,30
93,90,31
93,91,26
93,91,27
93,91,28
93,91,29
93,91,30
93,91,31
93,91,32
93,92,26
93,92,27
93,92,28
93,92,29
93,92,30
93,92,31
93,92,32
93,93,27
93,93,28
93,93,29
93,93,30
93,93,31
93,93,32
93,93,33
93,94,26
93,94,27
93,94,28
93,94,29
93,94,30
93,94,31
93,94,32
93,94,33
93,94,34
93,94,35
93,95,29
93,95,30
93,95,31
93,95,32
93,95,33
93,95,34
93,95,35
93,95,36
93,96,31
93,96,32
93,96,33
93,96,34
93,96,35
93,96,36
93,97,31
93,97,32
93,97,33
93,97,34
93,97,35
93,97,36
93,97,37
93,97,38
93,97,39
93,98,31
93,98,32
93,98,33
93,98,34
93,98,35
93,98,36
93,98,37
93,98,38
93,99,32
93,99,33
93,99,34
93,99,35
93,99,36
93,99,37
93,99,38
93,99,39
93,100,33
93,100,34
93,100,35
93,100,36
93,100,37
93,100,38
93,100,39
93,101,34
93,101,35
93,101,36
93,101,37
93,101,38
93,101,39
93,102,34
93,102,35
93,102,36
93,102,37
93,102,38
93,102,39
93,103,34
93,103,35
93,103,36
93,103,37
93,103,38
93,103,39
93,104,34
93,104,35
93,104,36
93,104,37
93,104,38
93,104,39
93,105,33
93,105,34
93,105,35
93,105,36
93,105,37
93,105,38
93,105,39
93,106,32
93,106,33
93,106,34
93,106,35
93,106,36
93,106,37
93,106,38
93,106,39
93,107,33
93,107,34
93,107,35
93,107,36
93,107,37
93,107,38
93,107,39
93,107,40
93,108,35
93,108,36
93,108,37
93,108,38
93,108,39
93,108,40
93,109,35
93,109,36
93,109,37
93,109,38
93,109,39
93,109,40
93,110,35
93,110,36
93,110,37
93,110,38
93,110,39
93,110,40
93,111,36
93,111,37
93,111,38
93,111,39
93,111,40
93,112,36
93,112,37
93,112,38
93,112,39
93,112,40
93,112,41
93,113,36
93,113,37
93,113,38
93,113,39
93,113,40
93,113,41
93,113,42
93,113,43
93,114,36
93,114,37
93,114,38
93,114,39
93,114,40
93,114,41
93,114,42
93,115,35
93,115,36
93,115,37
93,116,36
93,116,37
93,116,38
93,116,39
93,116,40
93,116,41
94,73,26
94,74,26
94,74,27
94,74,28
94,74,29
94,75,25
94,75,26
94,75,27
94,75,28
94,75,29
94,76,24
94,76,25
94,76,26
94,76,27
94,76,28
94,76,29
94,77,24
94,77,25
94,77,26
94,77,27
94,77,28
94,77,29
94,78,24
94,78,25
94,78,26
94,78,27
94,78,28
94,78,29
94,79,24
94,79,25
94,79,26
94,79,27
94,79,28
94,79,29
94,80,24
94,80,25
94,80,26
94,80,27
94,80,28
94,80,29
94,81,24
94,81,25
94,81,26
94,81,27
94,81,28
94,81,29
94,82,24
94,82,25
94,82,26
94,82,27
94,82,28
94,83,24
94,83,25
94,83,26
94,83,27
94,83,28
94,83,29
94,84,24
94,84,25
94,84,26
94,84,27
94,84,28
94,84,29
94,85,24
94,85,25
94,85,26
94,85,27
94,85,28
94,85,29
94,85,30
94,86,25
94,86,26
94,86,27
94,86,28
94,86,29
94,86,30
94,87,25
94,87,26
94,87,27
94,87,28
94,87,29
94,87,30
94,88,25
94,88,26
94,88,27
94,88,28
94,88,29
94,88,30
94,89,27
94,89,28
94,89,29
94,89,30
94,90,26
94,90,27
94,90,28
94,90,29
94,90,30
94,90,31
94,91,27
94,91,28
94,91,29
94,91,30
94,91,31
94,91,32
94,92,27
94,92,28
94,92,29
94,92,30
94,92,31
94,92,32
94,92,33
94,93,28
94,93,29
94,93,30
94,93,31
94,93,32
94,93,33
94,93,34
94,94,27
94,94,29
94,94,30
94,94,31
94,94,32
94,94,33
94,94,34
94,94,35
94,95,30
94,95,31
94,95,32
94,95,33
94,95,34
94,95,35
94,95,36
94,96,32
94,96,33
94,96,34
94,96,35
94,96,36
94,96,37
94,97,31
94,97,32
94,97,33
94,97,34
94,97,35
94,97,36
94,97,37
94,97,38
94,97,39
94,98,32
94,98,33
94,98,34
94,98,35
94,98,36
94,98,37
94,98,38
94,98,39
94,98,40
94,99,33
94,99,34
94,99,35
94,99,36
94,99,37
94,99,38
94,99,39
94,100,34
94,100,35
94,100,36
94,100,37
94,100,38
94,100,39
94,101,35
94,101,36
94,101,37
94,101,38
94,101,39
94,101,40
94,102,35
94,102,36
94,102,37
94,102,38
94,102,39
94,102,40
94,103,35
94,103,36
94,103,37
94,103,38
94,103,39
94,103,40
94,104,33
94,104,34
94,104,35
94,104,36
94,104,37
94,104,38
94,104,39
94,104,40
94,105,35
94,105,36
94,105,37
94,105,38
94,105,39
94,105,40
94,106,35
94,106,36
94,106,37
94,106,38
94,106,39
94,106,40
94,107,36
94,107,37
94,107,38
94,107,39
94,107,40
94,108,36
94,108,37
94,108,38
94,108,39
94,108,40
94,108,41
94,109,36
94,109,37
94,109,38
94,109,39
94,109,40
94,109,41
94,110,37
94,110,38
94,110,39
94,110,40
94,110,41
94,111,37
94,111,38
94,111,39
94,111,40
94,111,41
94,112,38
94,112,39
94,112,40
94,112,41
94,112,42
94,113,36
94,113,37
94,113,38
94,113,39
94,113,40
94,113,41
94,113,42
94,113,43
94,114,38
94,114,39
94,114,40
94,114,41
94,114,42
95,75,27
95,75,28
95,75,29
95,76,26
95,76,27
95,76,28
95,76,29
95,77,25
95,77,26
95,77,27
95,77,28
95,77,29
95,78,25
95,78,26
95,78,27
95,78,28
95,78,29
95,79,25
95,79,26
95,79,27
95,79,28
95,79,29
95,80,24
95,80,25
95,80,26
95,80,27
95,80,28
95,80,29
95,81,24
95,81,25
95,81,26
95,81,27
95,81,28
95,81,29
95,82,24
95,82,25
95,82,26
95,82,27
95,82,28
95,82,29
95,83,24
95,83,25
95,83,26
95,83,27
95,83,28
95,83,29
95,84,25
95,84,26
95,84,27
95,84,28
95,84,29
95,84,30
95,85,24
95,85,25
95,85,26
95,85,27
95,85,28
95,85,29
95,85,30
95,86,26
95,86,27
95,86,28
95,86,29
95,86,30
95,86,31
95,87,26
95,87,27
95,87,28
95,87,29
95,87,30
95,87,31
95,88,27
95,88,28
95,88,29
95,88,30
95,88,31
95,89,28
95,89,29
95,89,30
95,89,31
95,90,27
95,90,28
95,90,29
95,90,30
95,90,31
95,90,32
95,91,28
95,91,29
95,91,30
95,91,31
95,91,32
95,91,33
95,92,28
95,92,29
95,92,30
95,92,31
95,92,32
95,92,33
95,92,34
95,93,28
95,93,29
95,93,30
95,93,31
95,93,32
95,93,33
95,93,34
95,94,27
95,94,30
95,94,31
95,94,32
95,94,33
95,94,34
95,94,35
95,94,36
95,95,31
95,95,32
95,95,33
95,95,34
95,95,35
95,95,36
95,95,37
95,96,32
95,96,33
95,96,34
95,96,35
95,96,36
95,96,37
95,96,38
95,97,31
95,97,32
95,97,33
95,97,34
95,97,35
95,97,36
95,97,37
95,97,38
95,97,39
95,98,32
95,98,33
95,98,34
95,98,35
95,98,36
95,98,37
95,98,38
95,98,39
95,98,40
95,99,34
95,99,35
95,99,36
95,99,37
95,99,38
95,99,39
95,99,40
95,100,35
95,100,36
95,100,37
95,100,38
95,100,39
95,100,40
95,101,35
95,101,36
95,101,37
95,101,38
95,101,39
95,101,40
95,102,35
95,102,36
95,102,37
95,102,38
95,102,39
95,102,40
95,103,35
95,103,36
95,103,37
95,103,38
95,103,39
95,103,40
95,104,36
95,104,37
95,104,38
95,104,39
95,104,40
95,104,41
95,105,36
95,105,37
95,105,38
95,105,39
95,105,40
95,105,41
95,106,36
95,106,37
95,106,38
95,106,39
95,106,40
95,106,41
95,107,37
95,107,38
95,107,39
95,107,40
95,107,41
95,108,37
95,108,38
95,108,39
95,108,40
95,108,41
95,109,38
95,109,39
95,109,40
95,109,41
95,110,37
95,110,38
95,110,39
95,110,40
95,110,41
95,110,42
95,111,39
95,111,40
95,111,41
95,113,38
95,113,39
95,113,40
95,113,41
95,113,42
96,76,28
96,77,27
96,77,28
96,78,26
96,78,27
96,78,28
96,79,26
96,79,27
96,79,28
96,79,29
96,80,25
96,80,26
96,80,27
96,80,28
96,80,29
96,81,25
96,81,26
96,81,27
96,81,28
96,81,29
96,82,25
96,82,26
96,82,27
96,82,28
96,82,29
96,83,25
96,83,26
96,83,27
96,83,28
96,83,29
96,83,30
96,84,25
96,84,26
96,84,27
96,84,28
96,84,29
96,84,30
96,85,25
96,85,26
96,85,27
96,85,28
96,85,29
96,85,30
96,85,31
96,86,27
96,86,28
96,86,29
96,86,30
96,86,31
96,86,32
96,87,27
96,87,28
96,87,29
96,87,30
96,87,31
96,87,32
96,88,28
96,88,29
96,88,30
96,88,31
96,88,32
96,89,29
96,89,30
96,89,31
96,89,32
96,90,28
96,90,29
96,90,30
96,90,31
96,90,32
96,90,33
96,91,29
96,91,30
96,91,31
96,91,32
96,91,33
96,92,29
96,92,30
96,92,31
96,92,32
96,92,33
96,92,34
96,92,35
96,93,28
96,93,29
96,93,30
96,93,31
96,93,32
96,93,33
96,93,34
96,93,35
96,94,29
96,94,30
96,94,31
96,94,32
96,94,33
96,94,34
96,94,35
96,94,36
96,94,37
96,95,30
96,95,31
96,95,32
96,95,33
96,95,34
96,95,35
96,95,36
96,95,37
96,95,38
96,96,33
96,96,34
96,96,35
96,96,36
96,96,37
96,96,38
96,96,39
96,97,32
96,97,33
96,97,34
96,97,35
96,97,36
96,97,37
96,97,38
96,97,39
96,97,40
96,97,41
96,98,33
96,98,34
96,98,35
96,98,36
96,98,37
96,98,38
96,98,39
96,98,40
96,98,41
96,99,35
96,99,36
96,99,37
96,99,38
96,99,39
96,99,40
96,99,41
96,100,36
96,100,37
96,100,38
96,100,39
96,100,40
96,100,41
96,101,36
96,101,37
96,101,38
96,101,39
96,101,40
96,102,36
96,102,37
96,102,38
96,102,39
96,102,40
96,102,41
96,103,36
96,103,37
96,103,38
96,103,39
96,103,40
96,103,41
96,104,37
96,104,38
96,104,39
96,104,40
96,104,41
96,105,37
96,105,38
96,105,39
96,105,40
96,105,41
96,106,37
96,106,38
96,106,39
96,106,40
96,106,41
96,106,42
96,107,38
96,107,39
96,107,40
96,107,41
96,107,42
96,108,38
96,108,39
96,108,40
96,108,41
96,109,38
96,109,39
96,109,40
96,110,39
96,110,40
96,110,41
97,79,27
97,79,28
97,80,26
97,80,27
97,80,28
97,81,26
97,81,27
97,81,28
97,81,29
97,82,25
97,82,26
97,82,27
97,82,28
97,82,29
97,83,26
97,83,27
97,83,28
97,83,29
97,83,30
97,84,27
97,84,28
97,84,29
97,84,30
97,84,31
97,85,27
97,85,28
97,85,29
97,85,30
97,85,31
97,85,32
97,86,28
97,86,29
97,86,30
97,86,31
97,86,32
97,86,33
97,86,34
97,86,38
97,86,39
97,87,28
97,87,29
97,87,30
97,87,31
97,87,32
97,87,33
97,87,34
97,87,35
97,87,36
97,87,37
97,88,29
97,88,30
97,88,31
97,88,32
97,88,33
97,88,34
97,89,29
97,89,30
97,89,31
97,89,32
97,89,33
97,89,34
97,89,35
97,89,36
97,90,29
97,90,30
97,90,31
97,90,32
97,90,33
97,90,34
97,90,35
97,90,36
97,90,37
97,90,38
97,91,29
97,91,30
97,91,31
97,91,32
97,91,33
97,91,34
97,91,35
97,92,30
97,92,31
97,92,32
97,92,33
97,92,34
97,92,35
97,92,36
97,92,37
97,93,29
97,93,30
97,93,31
97,93,32
97,93,33
97,93,34
97,93,35
97,93,36
97,93,37
97,94,30
97,94,31
97,94,32
97,94,33
97,94,34
97,94,35
97,94,36
97,94,37
97,94,38
97,95,31
97,95,32
97,95,33
97,95,34
97,95,35
97,95,36
97,95,37
97,95,38
97,96,34
97,96,35
97,96,36
97,96,37
97,96,38
97,96,39
97,96,40
97,97,33
97,97,34
97,97,35
97,97,36
97,97,37
97,97,38
97,97,39
97,97,40
97,97,41
97,97,42
97,97,43
97,98,34
97,98,35
97,98,36
97,98,37
97,98,38
97,98,39
97,98,40
97,98,41
97,98,42
97,99,35
97,99,36
97,99,37
97,99,38
97,99,39
97,99,40
97,99,41
97,99,42
97,100,36
97,100,37
97,100,38
97,100,39
97,100,40
97,100,41
97,100,42
97,101,37
97,101,38
97,101,39
97,101,40
97,101,41
97,102,37
97,102,38
97,102,39
97,102,40
97,102,41
97,103,37
97,103,38
97,103,39
97,103,40
97,103,41
97,104,37
97,104,38
97,104,39
97,104,40
97,104,41
97,105,38
97,105,39
97,105,40
97,105,41
97,105,42
97,106,38
97,106,39
97,106,40
97,106,41
97,106,42
97,106,43
97,107,38
97,107,39
97,107,40
97,107,41
97,107,42
98,81,28
98,82,27
98,82,28
98,82,29
98,83,28
98,83,29
98,83,30
98,84,29
98,84,30
98,84,31
98,85,28
98,85,29
98,85,30
98,85,31
98,85,32
98,85,33
98,85,38
98,85,39
98,86,29
98,86,30
98,86,31
98,86,32
98,86,33
98,86,34
98,86,35
98,86,36
98,86,37
98,86,38
98,86,39
98,86,40
98,87,30
98,87,31
98,87,32
98,87,33
98,87,34
98,87,35
98,87,36
98,87,37
98,87,38
98,87,39
98,88,30
98,88,31
98,88,32
98,88,33
98,88,34
98,88,35
98,88,36
98,88,37
98,88,38
98,88,39
98,89,30
98,89,31
98,89,32
98,89,33
98,89,34
98,89,35
98,89,36
98,89,37
98,89,38
98,90,30
98,90,31
98,90,32
98,90,33
98,90,34
98,90,35
98,90,36
98,90,37
98,90,38
98,90,39
98,91,30
98,91,31
98,91,32
98,91,33
98,91,34
98,91,35
98,91,36
98,91,37
98,91,38
98,92,30
98,92,31
98,92,32
98,92,33
98,92,34
98,92,35
98,92,36
98,92,37
98,92,38
98,93,30
98,93,31
98,93,32
98,93,33
98,93,34
98,93,35
98,93,36
98,93,37
98,94,31
98,94,32
98,94,33
98,94,34
98,94,35
98,94,36
98,94,37
98,94,38
98,95,32
98,95,33
98,95,34
98,95,35
98,95,36
98,95,37
98,96,35
98,96,36
98,96,37
98,96,38
98,96,39
98,96,40
98,96,41
98,96,42
98,96,43
98,97,34
98,97,35
98,97,36
98,97,37
98,97,38
98,97,39
98,97,40
98,97,41
98,97,42
98,97,43
98,97,44
98,98,35
98,98,36
98,98,37
98,98,38
98,98,39
98,98,40
98,98,41
98,98,42
98,98,43
98,99,35
98,99,37
98,99,38
98,99,39
98,99,40
98,99,41
98,99,42
98,100,38
98,100,39
98,100,40
98,100,41
98,100,42
98,101,38
98,101,39
98,101,40
98,101,41
98,102,38
98,102,39
98,102,40
98,102,41
98,103,38
98,103,39
98,103,40
98,103,41
98,103,42
98,104,39
98,104,40
98,104,41
98,105,40
98,105,41
98,105,42
98,106,38
98,106,39
98,106,40
98,106,41
98,106,42
98,106,43
98,107,40
98,107,41
98,107,42
99,81,28
99,85,30
99,85,31
99,85,32
99,85,33
99,85,34
99,85,35
99,85,36
99,85,37
99,85,38
99,85,39
99,86,30
99,86,31
99,86,32
99,86,33
99,86,34
99,86,35
99,86,36
99,86,37
99,86,38
99,86,39
99,86,40
99,87,31
99,87,32
99,87,33
99,87,34
99,87,35
99,87,36
99,87,37
99,87,38
99,87,39
99,88,31
99,88,32
99,88,33
99,88,34
99,88,35
99,88,36
99,88,37
99,88,38
99,88,39
99,88,40
99,89,30
99,89,31
99,89,32
99,89,33
99,89,34
99,89,35
99,89,36
99,89,37
99,89,38
99,89,39
99,90,31
99,90,32
99,90,33
99,90,34
99,90,35
99,90,36
99,90,37
99,90,38
99,90,39
99,91,31
99,91,32
99,91,33
99,91,34
99,91,35
99,91,36
99,91,37
99,91,38
99,92,33
99,92,34
99,92,35
99,92,36
99,92,37
99,92,38
99,93,31
99,93,32
99,93,33
99,93,34
99,93,35
99,93,36
99,93,37
99,94,32
99,94,33
99,94,34
99,94,35
99,94,36
99,94,37
99,96,36
99,96,37
99,96,38
99,96,39
99,96,40
99,96,41
99,96,42
99,96,43
99,97,35
99,97,36
99,97,37
99,97,38
99,97,39
99,97,40
99,97,41
99,97,42
99,97,43
99,97,44
99,98,36
99,98,37
99,98,38
99,98,39
99,98,40
99,98,41
99,98,42
99,98,43
99,99,38
99,99,39
99,99,40
99,99,41
99,100,39
99,100,40
99,100,41
99,100,42
99,101,39
99,101,40
99,101,41
99,103,39
99,103,40
99,103,41
99,106,40
99,106,41
99,106,42
100,85,32
100,85,33
100,85,34
100,85,35
100,85,36
100,85,37
100,85,38
100,85,39
100,86,30
100,86,31
100,86,32
100,86,33
100,86,34
100,86,35
100,86,36
100,86,37
100,86,38
100,86,39
100,86,40
100,87,32
100,87,33
100,87,34
100,87,35
100,87,36
100,87,37
100,87,38
100,87,39
100,88,32
100,88,33
100,88,34
100,88,35
100,88,36
100,88,37
100,88,38
100,88,39
100,88,40
100,89,31
100,89,32
100,89,33
100,89,34
100,89,35
100,89,36
100,89,37
100,89,38
100,89,39
100,90,33
100,90,34
100,90,35
100,90,36
100,90,37
100,90,38
100,91,32
100,91,33
100,91,34
100,91,35
100,91,36
100,91,37
100,92,34
100,92,35
100,92,36
100,92,37
100,93,33
100,93,34
100,93,35
100,93,36
100,97,36
100,97,37
100,97,38
100,97,39
100,97,40
100,97,41
100,97,42
100,97,43
100,98,37
100,98,38
100,98,39
100,99,38
100,99,39
100,99,40
100,100,39
100,100,40
100,100,41
100,101,39
100,101,40
101,86,31
101,86,32
101,86,33
101,86,34
101,86,35
101,86,36
101,86,37
101,86,38
101,86,39
101,88,33
101,88,34
101,88,35
101,88,36
101,88,37
101,88,38
101,88,39
101,91,34
101,91,35
101,91,36
101,92,34
101,92,35
101,92,36
101,99,37
101,99,38
101,99,39
101,100,38
101,100,39
101,100,40
