"x","y","z"
37,82,28
37,82,29
38,74,28
38,74,29
38,74,30
38,75,27
38,75,28
38,75,29
38,76,26
38,76,27
38,76,28
38,76,29
38,77,26
38,77,27
38,77,28
38,77,29
38,77,30
38,77,31
38,77,32
38,78,26
38,78,27
38,78,28
38,78,29
38,78,30
38,78,31
38,78,32
38,78,33
38,79,26
38,79,27
38,79,28
38,79,29
38,79,30
38,79,31
38,79,32
38,80,25
38,80,26
38,80,27
38,80,28
38,80,29
38,80,30
38,80,31
38,82,26
38,82,27
38,82,28
38,82,29
38,82,30
38,83,26
38,83,27
38,84,26
39,72,27
39,72,28
39,72,29
39,73,27
39,73,28
39,73,29
39,73,30
39,73,31
39,74,27
39,74,28
39,74,30
39,74,31
39,74,32
39,74,33
39,75,25
39,75,26
39,75,27
39,75,30
39,75,31
39,75,32
39,75,33
39,76,25
39,76,26
39,76,30
39,76,31
39,76,32
39,76,33
39,76,34
39,76,35
39,77,25
39,77,26
39,77,32
39,77,33
39,77,34
39,78,25
39,78,26
39,78,31
39,78,32
39,78,33
39,78,34
39,79,24
39,79,25
39,79,26
39,79,31
39,79,32
39,79,33
39,79,34
39,80,24
39,80,25
39,80,31
39,80,32
39,81,24
39,81,25
39,81,26
39,82,24
39,82,25
39,82,26
39,82,30
39,82,31
39,83,25
39,83,26
39,84,24
39,84,25
39,84,26
39,85,25
39,85,26
39,86,26
39,86,27
40,72,27
40,73,27
40,74,25
40,74,26
40,74,27
40,74,32
40,75,25
40,75,32
40,75,33
40,75,34
40,76,24
40,76,25
40,76,33
40,76,34
40,76,35
40,76,36
40,77,24
40,77,25
40,77,33
40,77,34
40,77,35
40,78,23
40,78,24
40,78,25
40,78,34
40,78,35
40,79,22
40,79,23
40,79,24
40,79,33
40,79,34
40,79,35
40,80,23
40,80,24
40,80,33
40,81,23
40,81,24
40,82,23
40,82,24
40,82,31
40,82,32
40,83,22
40,83,23
40,83,24
40,83,25
40,84,23
40,84,24
40,85,23
40,85,24
40,85,25
40,86,23
40,86,24
40,86,25
40,86,28
40,87,24
40,87,25
40,87,26
40,87,27
40,87,28
40,88,24
40,88,25
40,88,26
40,88,27
41,70,28
41,70,29
41,72,26
41,72,27
41,73,25
41,73,26
41,73,27
41,74,24
41,74,25
41,75,25
41,75,35
41,75,36
41,76,24
41,76,36
41,76,37
41,77,23
41,77,24
41,77,36
41,78,22
41,78,23
41,78,35
41,78,36
41,79,22
41,79,35
41,79,36
41,80,22
41,80,23
41,80,34
41,81,22
41,81,23
41,82,21
41,82,22
41,82,23
41,82,32
41,82,33
41,83,21
41,83,22
41,84,21
41,84,22
41,84,23
41,85,21
41,85,22
41,85,23
41,86,21
41,86,22
41,86,23
41,86,29
41,87,21
41,87,22
41,87,23
41,87,24
41,87,28
41,87,29
41,88,23
41,88,24
41,88,27
41,88,28
41,89,23
41,89,24
42,70,27
42,70,28
42,71,26
42,71,27
42,72,26
42,73,25
42,74,23
42,74,24
42,75,24
42,75,25
42,76,23
42,76,24
42,76,37
42,76,38
42,77,23
42,77,37
42,78,22
42,78,36
42,78,37
42,79,21
42,79,22
42,79,36
42,80,21
42,80,22
42,81,21
42,81,22
42,82,20
42,82,21
42,82,33
42,83,20
42,83,21
42,84,20
42,84,21
42,85,20
42,86,19
42,86,20
42,86,21
42,86,30
42,87,20
42,87,21
42,87,29
42,87,30
42,88,19
42,88,20
42,88,21
42,88,22
42,88,23
42,88,28
42,88,29
42,89,22
42,89,23
42,89,24
42,89,25
42,89,26
42,89,27
43,70,27
43,71,26
43,72,25
43,72,26
43,73,24
43,73,25
43,74,23
43,75,23
43,75,24
43,75,39
43,76,22
43,76,23
43,76,39
43,77,22
43,77,23
43,77,38
43,78,21
43,78,22
43,78,37
43,79,20
43,79,21
43,79,36
43,79,37
43,80,20
43,80,21
43,80,35
43,81,20
43,81,21
43,82,19
43,82,20
43,83,19
43,83,20
43,84,19
43,84,20
43,85,19
43,86,18
43,86,19
43,86,31
43,87,18
43,87,19
43,87,20
43,87,30
43,88,19
43,88,29
43,89,19
43,89,20
43,89,21
43,89,22
43,89,27
43,89,28
44,70,26
44,70,27
44,71,25
44,71,26
44,72,25
44,73,24
44,74,23
44,75,23
44,76,22
44,76,40
44,77,21
44,77,22
44,77,39
44,78,21
44,78,38
44,79,20
44,79,37
44,80,20
44,80,36
44,81,19
44,81,20
44,81,35
44,82,19
44,82,34
44,83,19
44,84,18
44,84,19
44,85,18
44,86,18
44,86,31
44,87,18
44,87,30
44,87,31
44,88,17
44,88,18
44,88,19
44,88,29
44,88,30
44,89,18
44,89,19
44,89,29
44,89,30
45,70,26
45,71,25
45,72,25
45,73,23
45,73,24
45,74,23
45,75,22
45,75,23
45,76,22
45,76,41
45,77,21
45,77,39
45,77,40
45,77,41
45,78,20
45,78,21
45,78,38
45,79,20
45,79,37
45,79,38
45,80,19
45,80,20
45,80,36
45,81,19
45,81,35
45,81,36
45,82,19
45,82,34
45,83,18
45,83,19
45,84,18
45,85,18
45,86,18
45,86,31
45,87,17
45,87,18
45,87,30
45,87,31
45,88,17
45,88,30
45,89,18
45,89,30
45,89,31
46,70,26
46,71,25
46,72,24
46,72,25
46,73,23
46,74,23
46,75,22
46,76,22
46,76,41
46,76,42
46,76,43
46,77,21
46,77,40
46,77,41
46,77,42
46,77,43
46,78,20
46,78,21
46,78,38
46,78,39
46,79,20
46,79,36
46,79,37
46,79,38
46,79,39
46,79,40
46,80,19
46,80,35
46,80,36
46,80,37
46,81,19
46,81,34
46,81,35
46,81,36
46,82,19
46,82,34
46,82,35
46,83,18
46,84,18
46,85,18
46,86,17
46,86,18
46,86,31
46,87,17
46,87,31
46,88,17
46,89,17
46,89,18
46,89,31
47,70,26
47,71,25
47,72,24
47,72,25
47,73,23
47,74,23
47,75,22
47,76,22
47,76,42
47,76,43
47,76,44
47,77,21
47,77,39
47,77,40
47,77,41
47,77,42
47,77,43
47,77,44
47,78,21
47,78,37
47,78,38
47,78,39
47,78,40
47,78,41
47,79,20
47,79,36
47,79,37
47,79,38
47,79,39
47,79,40
47,79,41
47,79,42
47,80,19
47,80,35
47,80,36
47,80,37
47,80,38
47,80,39
47,81,19
47,81,34
47,81,35
47,81,36
47,82,19
47,82,33
47,82,34
47,82,35
47,83,18
47,84,18
47,85,18
47,86,17
47,86,31
47,87,17
47,88,17
47,89,17
48,70,26
48,70,27
48,71,25
48,71,26
48,72,24
48,72,25
48,73,23
48,73,24
48,74,23
48,75,22
48,75,23
48,76,22
48,76,40
48,76,41
48,76,42
48,76,43
48,76,44
48,76,45
48,77,21
48,77,37
48,77,38
48,77,39
48,77,40
48,77,41
48,77,42
48,77,43
48,77,44
48,77,45
48,78,21
48,78,35
48,78,36
48,78,37
48,78,38
48,78,39
48,78,40
48,78,41
48,78,42
48,78,43
48,79,20
48,79,34
48,79,35
48,79,36
48,79,37
48,79,38
48,79,39
48,79,40
48,79,41
48,79,42
48,79,43
48,80,19
48,80,34
48,80,35
48,80,36
48,80,37
48,80,38
48,80,39
48,80,40
48,81,19
48,81,33
48,81,34
48,81,35
48,81,36
48,81,37
48,81,38
48,81,39
48,82,19
48,82,32
48,82,33
48,82,34
48,82,35
48,82,36
48,82,37
48,82,38
48,83,18
48,84,18
48,85,18
48,86,17
48,86,31
48,87,17
48,88,17
49,70,26
49,70,27
49,70,28
49,71,26
49,71,27
49,72,25
49,73,24
49,74,23
49,75,23
49,75,46
49,76,22
49,76,39
49,76,40
49,76,41
49,76,42
49,76,43
49,76,44
49,76,45
49,76,46
49,77,22
49,77,35
49,77,36
49,77,37
49,77,38
49,77,39
49,77,40
49,77,41
49,77,42
49,77,43
49,77,44
49,77,45
49,77,46
49,78,21
49,78,34
49,78,35
49,78,36
49,78,37
49,78,38
49,78,39
49,78,40
49,78,41
49,78,42
49,78,43
49,78,44
49,78,45
49,79,20
49,79,35
49,79,36
49,79,37
49,79,38
49,79,39
49,79,40
49,79,41
49,79,42
49,79,43
49,79,44
49,80,20
49,80,32
49,80,33
49,80,34
49,80,35
49,80,36
49,80,37
49,80,38
49,80,39
49,80,40
49,80,41
49,81,19
49,81,32
49,81,33
49,81,34
49,81,35
49,81,36
49,81,37
49,81,38
49,81,39
49,81,40
49,81,41
49,82,19
49,82,31
49,82,32
49,82,33
49,82,34
49,82,35
49,82,36
49,82,37
49,82,38
49,82,39
49,82,40
49,83,18
49,84,18
49,85,18
49,86,17
49,86,30
49,87,17
49,88,17
50,70,27
50,70,28
50,70,29
50,71,26
50,71,27
50,72,25
50,72,26
50,73,25
50,74,24
50,75,23
50,75,37
50,75,38
50,75,39
50,75,40
50,75,41
50,75,42
50,75,43
50,75,47
50,76,23
50,76,40
50,76,41
50,76,42
50,76,43
50,76,44
50,76,45
50,76,46
50,76,47
50,77,22
50,77,35
50,77,36
50,77,40
50,77,41
50,77,42
50,77,43
50,77,44
50,77,45
50,77,46
50,77,47
50,78,21
50,78,39
50,78,40
50,78,41
50,78,42
50,78,43
50,78,44
50,78,45
50,78,46
50,79,21
50,79,39
50,79,40
50,79,41
50,79,42
50,79,43
50,79,44
50,79,45
50,80,20
50,80,31
50,80,34
50,80,35
50,80,36
50,80,37
50,80,38
50,80,39
50,80,40
50,80,41
50,80,42
50,81,20
50,81,30
50,81,31
50,81,32
50,81,36
50,81,37
50,81,38
50,81,39
50,81,40
50,81,41
50,81,42
50,82,19
50,82,31
50,82,32
50,82,33
50,82,34
50,82,35
50,82,36
50,82,37
50,82,38
50,82,39
50,82,40
50,82,41
50,82,42
50,83,18
50,84,18
50,85,18
50,86,17
50,87,17
50,88,17
51,75,41
51,75,42
51,75,43
51,75,44
51,76,41
51,76,42
51,76,43
51,76,44
51,76,45
51,76,46
51,76,47
51,76,48
51,77,40
51,77,41
51,77,42
51,77,43
51,77,44
51,77,45
51,77,46
51,77,47
51,78,43
51,78,44
51,78,45
51,78,46
51,78,47
51,79,40
51,79,41
51,79,42
51,79,43
51,79,44
51,79,45
51,79,46
51,80,37
51,80,38
51,80,39
51,80,40
51,80,41
51,80,42
51,80,43
51,80,44
51,81,39
51,81,40
51,81,41
51,81,42
51,81,43
51,81,44
51,82,38
51,82,39
51,82,40
51,82,41
51,82,42
51,82,43
51,82,44
51,84,18
51,86,17
51,87,17
51,88,17
52,75,43
52,75,44
52,75,45
52,76,43
52,76,44
52,76,45
52,76,46
52,76,47
52,76,48
52,76,49
52,77,41
52,77,42
52,77,43
52,77,44
52,77,45
52,77,46
52,77,47
52,77,48
52,78,45
52,78,46
52,78,47
52,78,48
52,79,40
52,79,41
52,79,42
52,79,43
52,79,44
52,79,45
52,79,46
52,79,47
52,80,38
52,80,39
52,80,40
52,80,41
52,80,42
52,80,43
52,80,44
52,80,45
52,80,46
52,81,41
52,81,42
52,81,43
52,81,44
52,81,45
52,82,40
52,82,41
52,82,42
52,82,43
52,82,44
52,82,45
52,86,17
52,87,17
53,75,41
53,75,42
53,75,45
53,76,45
53,76,46
53,76,47
53,76,48
53,76,49
53,77,44
53,77,45
53,77,46
53,77,47
53,77,48
53,77,49
53,78,46
53,78,47
53,78,48
53,78,49
53,79,41
53,79,42
53,79,43
53,79,44
53,79,45
53,79,46
53,79,47
53,79,48
53,80,39
53,80,40
53,80,41
53,80,42
53,80,43
53,80,44
53,80,45
53,80,46
53,80,47
53,80,48
53,81,42
53,81,43
53,81,44
53,81,45
53,81,46
53,82,42
53,82,43
53,82,44
53,82,45
53,82,46
54,76,48
54,76,50
54,77,47
54,77,48
54,77,49
54,77,50
54,78,47
54,78,48
54,78,49
54,79,42
54,79,43
54,79,44
54,79,45
54,79,46
54,79,47
54,79,48
54,79,49
54,80,40
54,80,41
54,80,42
54,80,43
54,80,44
54,80,45
54,80,46
54,80,47
54,80,48
54,80,49
54,81,44
54,81,45
54,81,46
54,81,47
54,82,44
54,82,45
54,82,46
54,82,47
54,83,46
54,84,45
55,77,48
55,77,49
55,77,50
55,77,51
55,78,48
55,78,49
55,78,50
55,79,44
55,79,45
55,79,46
55,79,47
55,79,48
55,79,49
55,79,50
55,80,43
55,80,44
55,80,45
55,80,46
55,80,47
55,80,48
55,80,49
55,80,50
55,81,45
55,81,46
55,81,47
55,81,48
55,81,49
55,82,45
55,82,46
55,82,47
55,82,48
55,83,45
55,83,46
55,83,47
55,84,44
55,84,45
55,84,46
55,85,45
55,85,46
55,85,47
55,86,45
55,86,46
55,86,47
56,77,49
56,77,52
56,78,48
56,78,49
56,78,50
56,79,48
56,79,49
56,79,50
56,79,51
56,80,48
56,80,49
56,80,50
56,81,46
56,81,47
56,81,48
56,81,49
56,81,50
56,82,46
56,82,47
56,82,48
56,82,49
56,83,45
56,83,46
56,83,47
56,83,48
56,84,44
56,84,45
56,84,46
56,84,47
56,84,48
56,85,44
56,85,45
56,85,46
56,85,47
56,85,48
56,86,45
56,86,46
56,86,47
56,86,48
56,87,45
56,87,46
56,87,47
57,78,49
57,78,50
57,78,51
57,79,49
57,79,50
57,79,51
57,79,52
57,80,49
57,80,50
57,80,51
57,81,47
57,81,48
57,81,49
57,81,50
57,81,51
57,82,47
57,82,48
57,82,49
57,82,50
57,83,45
57,83,46
57,83,47
57,83,48
57,83,49
57,84,44
57,84,45
57,84,46
57,84,47
57,84,48
57,84,49
57,85,44
57,85,45
57,85,46
57,85,47
57,85,48
57,85,49
57,86,43
57,86,44
57,86,45
57,86,46
57,86,47
57,86,48
57,86,49
57,87,43
57,87,44
57,87,45
57,87,46
57,87,47
57,87,48
57,88,46
57,88,47
57,88,48
58,79,50
58,79,51
58,79,52
58,79,53
58,80,49
58,80,50
58,80,51
58,81,49
58,81,50
58,81,51
58,81,52
58,82,23
58,82,48
58,82,49
58,82,50
58,82,51
58,83,46
58,83,47
58,83,48
58,83,49
58,83,50
58,84,45
58,84,46
58,84,47
58,84,48
58,84,49
58,84,50
58,85,45
58,85,46
58,85,47
58,85,48
58,85,49
58,85,50
58,86,44
58,86,45
58,86,46
58,86,47
58,86,48
58,86,49
58,86,50
58,87,43
58,87,44
58,87,45
58,87,46
58,87,47
58,87,48
58,87,49
58,88,45
58,88,46
58,88,47
58,88,48
58,88,49
58,89,46
58,89,47
59,80,50
59,80,51
59,80,52
59,81,50
59,81,51
59,81,52
59,82,22
59,82,23
59,82,49
59,82,50
59,82,51
59,82,52
59,83,47
59,83,48
59,83,49
59,83,50
59,83,51
59,84,47
59,84,48
59,84,49
59,84,50
59,84,51
59,85,46
59,85,47
59,85,48
59,85,49
59,85,50
59,86,45
59,86,46
59,86,47
59,86,48
59,86,49
59,86,50
59,86,51
59,87,44
59,87,45
59,87,46
59,87,47
59,87,48
59,87,49
59,87,50
59,88,46
59,88,47
59,88,48
59,88,49
59,88,50
59,89,45
59,89,46
59,89,47
59,89,48
59,90,45
59,90,46
59,90,47
59,90,48
59,90,49
60,81,51
60,81,52
60,81,53
60,82,22
60,82,50
60,82,51
60,82,52
60,82,53
60,83,49
60,83,50
60,83,51
60,83,52
60,84,48
60,84,49
60,84,50
60,84,51
60,85,48
60,85,49
60,85,50
60,85,51
60,86,46
60,86,47
60,86,48
60,86,49
60,86,50
60,86,51
60,86,52
60,87,45
60,87,46
60,87,47
60,87,48
60,87,49
60,87,50
60,87,51
60,88,48
60,88,49
60,88,50
60,89,46
60,89,47
60,89,48
60,89,49
60,89,50
60,90,44
60,90,45
60,90,46
60,90,47
60,90,48
60,90,49
60,90,50
61,82,51
61,82,52
61,82,53
61,82,54
61,83,50
61,83,51
61,83,52
61,83,53
61,84,49
61,84,50
61,84,51
61,84,52
61,85,49
61,85,50
61,85,51
61,86,49
61,86,50
61,86,51
61,87,47
61,87,49
61,87,50
61,87,51
61,87,52
61,88,48
61,88,49
61,88,50
61,88,51
61,89,47
61,89,48
61,89,49
61,89,50
61,89,51
61,90,45
61,90,46
61,90,47
61,90,48
61,90,49
61,90,50
62,82,52
62,82,53
62,82,54
62,82,55
62,83,51
62,83,52
62,83,53
62,84,50
62,84,51
62,84,52
62,84,53
62,85,50
62,85,51
62,85,52
62,85,53
62,86,50
62,86,51
62,86,52
62,87,50
62,87,51
62,87,52
62,88,50
62,88,51
62,89,49
62,89,50
62,89,51
62,90,49
62,90,50
62,90,51
62,91,49
62,92,49
62,93,49
62,93,50
62,94,50
63,82,55
63,82,56
63,83,52
63,83,53
63,83,54
63,84,51
63,84,52
63,84,53
63,85,50
63,85,51
63,85,52
63,85,53
63,85,54
63,86,50
63,86,51
63,86,52
63,87,50
63,87,51
63,87,52
63,88,50
63,88,51
63,89,50
63,89,51
63,90,50
63,90,51
63,91,49
63,91,50
63,92,48
63,92,49
63,92,50
63,93,48
63,93,49
63,93,50
63,94,46
63,94,49
64,82,56
64,83,54
64,83,55
64,84,52
64,84,53
64,84,54
64,85,50
64,85,51
64,85,52
64,85,53
64,86,50
64,86,51
64,86,52
64,87,50
64,87,51
64,87,52
64,88,50
64,88,51
64,89,50
64,89,51
64,90,50
64,90,51
64,91,49
64,91,50
64,92,49
64,92,50
64,93,48
64,93,49
64,93,50
64,94,48
64,94,49
64,95,49
65,84,52
65,84,53
65,84,54
65,85,52
65,85,53
65,86,50
65,86,51
65,86,52
65,87,49
65,87,50
65,87,51
65,87,52
65,88,49
65,88,50
65,88,51
65,89,49
65,89,50
65,89,51
65,90,50
65,90,51
65,91,49
65,91,50
65,92,49
65,92,50
65,93,48
65,93,49
65,93,50
65,94,48
65,94,49
65,95,48
65,95,49
65,96,48
65,96,49
66,84,53
66,85,52
66,85,53
66,86,51
66,86,52
66,87,49
66,87,50
66,87,51
66,87,52
66,88,49
66,88,50
66,88,51
66,88,52
66,89,49
66,89,50
66,89,51
66,90,49
66,90,50
66,90,51
66,91,49
66,91,50
66,91,51
66,92,49
66,92,50
66,93,48
66,93,49
66,93,50
66,94,48
66,94,49
66,95,47
66,95,48
66,95,49
66,96,47
66,96,48
66,97,46
66,97,47
66,97,48
66,98,46
66,98,47
67,85,52
67,86,51
67,86,52
67,87,50
67,87,51
67,87,52
67,88,50
67,88,51
67,89,49
67,89,50
67,89,51
67,90,49
67,90,50
67,90,51
67,91,49
67,91,50
67,91,51
67,92,48
67,92,49
67,92,50
67,93,48
67,93,49
67,93,50
67,94,48
67,94,49
67,95,47
67,95,48
67,95,49
67,96,47
67,96,48
67,97,46
67,97,47
67,97,48
67,98,46
67,98,47
68,86,51
68,87,51
68,88,50
68,88,51
68,89,49
68,89,50
68,90,48
68,90,49
68,90,50
68,91,49
68,91,50
68,92,48
68,92,49
68,92,50
68,93,48
68,93,49
68,94,47
68,94,48
68,94,49
68,95,47
68,95,48
68,95,49
68,96,46
68,96,47
68,96,48
68,97,46
68,97,47
68,97,48
68,98,45
68,98,46
68,98,47
68,99,45
68,99,46
68,100,45
69,87,50
69,88,50
69,89,49
69,90,47
69,90,48
69,90,49
69,91,23
69,91,48
69,91,49
69,92,23
69,92,46
69,92,47
69,92,48
69,92,49
69,93,23
69,93,47
69,93,48
69,93,49
69,94,23
69,94,45
69,94,46
69,94,47
69,94,48
69,94,49
69,95,23
69,95,47
69,95,48
69,95,49
69,96,23
69,96,45
69,96,46
69,96,47
69,96,48
69,97,24
69,97,45
69,97,46
69,97,47
69,97,48
69,98,45
69,98,46
69,98,47
69,99,43
69,99,44
69,99,45
69,99,46
69,100,43
69,100,44
69,100,45
69,101,42
69,101,43
69,101,44
70,78,29
70,88,49
70,89,49
70,90,47
70,90,48
70,90,49
70,91,22
70,91,23
70,91,24
70,91,47
70,91,48
70,91,49
70,92,22
70,92,23
70,92,24
70,92,46
70,92,47
70,92,48
70,92,49
70,93,22
70,93,23
70,93,24
70,93,47
70,93,48
70,93,49
70,94,22
70,94,23
70,94,24
70,94,45
70,94,46
70,94,47
70,94,48
70,94,49
70,95,22
70,95,23
70,95,24
70,95,46
70,95,47
70,95,48
70,95,49
70,96,22
70,96,23
70,96,24
70,96,45
70,96,46
70,96,47
70,96,48
70,96,49
70,97,23
70,97,24
70,97,25
70,97,45
70,97,46
70,97,47
70,97,48
70,98,24
70,98,45
70,98,46
70,98,47
70,98,48
70,99,26
70,99,42
70,99,43
70,99,44
70,99,45
70,99,46
70,100,43
70,100,44
70,100,45
70,101,42
70,101,43
70,101,44
70,102,40
70,102,41
70,102,42
70,102,43
71,76,29
71,77,29
71,78,28
71,78,29
71,78,30
71,88,49
71,90,47
71,90,48
71,90,49
71,91,23
71,91,47
71,91,48
71,91,49
71,92,23
71,92,47
71,92,48
71,92,49
71,93,23
71,93,47
71,93,48
71,93,49
71,94,23
71,94,45
71,94,46
71,94,47
71,94,48
71,94,49
71,95,23
71,95,46
71,95,47
71,95,48
71,96,23
71,96,45
71,96,46
71,96,47
71,96,48
71,97,24
71,97,45
71,97,46
71,97,47
71,97,48
71,98,23
71,98,24
71,98,25
71,98,45
71,98,46
71,98,47
71,98,48
71,99,25
71,99,26
71,99,27
71,99,43
71,99,44
71,99,45
71,99,46
71,99,47
71,99,48
71,100,27
71,100,43
71,100,44
71,100,45
71,100,46
71,101,29
71,101,42
71,101,43
71,101,44
71,101,45
71,102,40
71,102,41
71,102,42
71,102,43
71,102,44
71,103,41
71,103,42
72,76,28
72,76,29
72,76,30
72,77,28
72,77,29
72,77,30
72,78,29
72,90,47
72,90,48
72,91,47
72,91,48
72,92,47
72,92,48
72,93,47
72,93,48
72,94,45
72,94,46
72,94,47
72,94,48
72,95,46
72,95,47
72,96,45
72,96,46
72,96,47
72,97,45
72,97,46
72,97,47
72,98,24
72,98,45
72,98,46
72,98,47
72,99,26
72,99,43
72,99,44
72,99,45
72,99,46
72,99,47
72,100,26
72,100,27
72,100,28
72,100,43
72,100,44
72,100,45
72,100,46
72,100,47
72,101,28
72,101,29
72,101,30
72,101,42
72,101,43
72,101,44
72,101,45
72,102,30
72,102,40
72,102,41
72,102,42
72,102,43
72,102,44
72,102,45
72,103,31
72,103,40
72,103,41
72,103,42
72,103,43
72,104,33
73,76,29
73,77,29
73,90,46
73,90,47
73,90,48
73,91,46
73,91,47
73,91,48
73,92,46
73,92,47
73,92,48
73,93,47
73,93,48
73,94,45
73,94,46
73,94,47
73,95,46
73,95,47
73,96,45
73,96,46
73,96,47
73,97,45
73,97,46
73,97,47
73,98,45
73,98,46
73,98,47
73,99,43
73,99,44
73,99,45
73,99,46
73,99,47
73,100,27
73,100,43
73,100,44
73,100,45
73,100,46
73,100,47
73,101,29
73,101,42
73,101,43
73,101,44
73,101,45
73,101,46
73,102,29
73,102,30
73,102,31
73,102,40
73,102,41
73,102,42
73,102,43
73,102,44
73,102,45
73,103,30
73,103,31
73,103,39
73,103,40
73,103,41
73,103,42
73,103,43
73,103,44
73,104,32
73,104,33
73,104,34
73,104,38
73,104,39
73,104,40
73,104,41
73,104,42
73,104,43
73,105,38
73,105,39
73,105,40
73,105,41
74,90,46
74,90,47
74,90,48
74,91,46
74,91,47
74,91,48
74,92,46
74,92,47
74,94,45
74,94,46
74,94,47
74,95,46
74,95,47
74,96,46
74,96,47
74,97,45
74,97,46
74,97,47
74,98,45
74,98,46
74,98,47
74,99,43
74,99,44
74,99,45
74,99,46
74,99,47
74,100,43
74,100,44
74,100,45
74,100,46
74,100,47
74,101,42
74,101,43
74,101,44
74,101,45
74,101,46
74,102,30
74,102,40
74,102,41
74,102,42
74,102,43
74,102,44
74,102,45
74,102,46
74,103,39
74,103,40
74,103,41
74,103,42
74,103,43
74,103,44
74,103,45
74,103,46
74,104,32
74,104,33
74,104,34
74,104,35
74,104,36
74,104,37
74,104,38
74,104,39
74,104,40
74,104,41
74,104,42
74,104,43
74,104,44
74,104,45
74,104,46
74,105,35
74,105,36
74,105,37
74,105,38
74,105,39
74,105,40
74,105,41
74,105,42
74,105,43
74,105,44
74,105,46
74,106,46
75,90,46
75,90,47
75,91,46
75,91,47
75,92,45
75,92,46
75,94,45
75,94,46
75,95,46
75,96,46
75,97,45
75,97,46
75,97,47
75,98,45
75,98,46
75,98,47
75,99,43
75,99,44
75,99,45
75,99,46
75,100,43
75,100,44
75,100,45
75,100,46
75,101,42
75,101,43
75,101,44
75,101,45
75,101,46
75,102,39
75,102,40
75,102,41
75,102,42
75,102,43
75,102,44
75,102,45
75,102,46
75,103,37
75,103,38
75,103,39
75,103,40
75,103,41
75,103,42
75,103,43
75,103,44
75,103,45
75,103,46
75,104,32
75,104,33
75,104,34
75,104,35
75,104,36
75,104,37
75,104,38
75,104,39
75,104,40
75,104,41
75,104,42
75,104,43
75,104,44
75,104,45
75,104,46
75,105,35
75,105,36
75,105,37
75,105,38
75,105,39
75,105,40
75,105,41
75,105,42
75,105,43
75,105,44
75,105,45
75,105,46
75,106,45
75,106,46
76,90,45
76,90,46
76,90,47
76,91,46
76,92,46
76,94,45
76,94,46
76,95,46
76,96,46
76,97,45
76,97,46
76,98,45
76,98,46
76,99,43
76,99,44
76,99,45
76,99,46
76,100,43
76,100,44
76,100,45
76,100,46
76,101,42
76,101,43
76,101,44
76,101,45
76,101,46
76,102,39
76,102,40
76,102,41
76,102,42
76,102,43
76,102,44
76,102,45
76,102,46
76,103,37
76,103,38
76,103,39
76,103,40
76,103,41
76,103,42
76,103,43
76,103,44
76,103,45
76,103,46
76,104,32
76,104,33
76,104,34
76,104,35
76,104,36
76,104,37
76,104,38
76,104,39
76,104,40
76,104,41
76,104,42
76,104,43
76,104,44
76,104,45
76,104,46
76,105,35
76,105,36
76,105,37
76,105,38
76,105,39
76,105,40
76,105,41
76,105,42
76,105,43
76,105,44
76,105,45
76,105,46
76,106,36
76,106,37
76,106,38
76,106,39
76,106,40
76,106,41
76,106,42
76,106,43
76,106,44
76,106,45
76,106,46
77,90,46
77,90,47
77,91,46
77,91,47
77,94,45
77,94,46
77,95,46
77,96,46
77,97,45
77,97,46
77,97,47
77,98,44
77,98,45
77,98,46
77,98,47
77,99,43
77,99,44
77,99,45
77,99,46
77,100,43
77,100,44
77,100,45
77,100,46
77,101,41
77,101,42
77,101,43
77,101,44
77,101,45
77,101,46
77,102,40
77,102,41
77,102,42
77,102,43
77,102,44
77,102,45
77,102,46
77,103,37
77,103,38
77,103,39
77,103,40
77,103,41
77,103,42
77,103,43
77,103,44
77,103,45
77,103,46
77,104,32
77,104,33
77,104,34
77,104,35
77,104,36
77,104,37
77,104,38
77,104,39
77,104,40
77,104,41
77,104,42
77,104,43
77,104,44
77,104,45
77,104,46
77,105,35
77,105,36
77,105,37
77,105,38
77,105,39
77,105,40
77,105,41
77,105,42
77,105,43
77,105,44
77,105,45
77,105,46
77,106,46
78,89,48
78,90,46
78,90,47
78,90,48
78,91,46
78,91,47
78,91,48
78,92,47
78,93,47
78,94,46
78,94,47
78,95,47
78,96,46
78,96,47
78,97,45
78,97,46
78,97,47
78,98,45
78,98,46
78,98,47
78,99,43
78,99,44
78,99,45
78,99,46
78,99,47
78,100,43
78,100,44
78,100,45
78,100,46
78,100,47
78,101,42
78,101,43
78,101,44
78,101,45
78,101,46
78,101,47
78,102,30
78,102,40
78,102,41
78,102,42
78,102,43
78,102,44
78,102,45
78,102,46
78,102,47
78,103,31
78,103,39
78,103,40
78,103,41
78,103,42
78,103,43
78,103,44
78,103,45
78,103,46
78,103,47
78,104,32
78,104,33
78,104,34
78,104,35
78,104,36
78,104,37
78,104,38
78,104,39
78,104,40
78,104,41
78,104,42
78,104,43
78,104,44
78,104,47
78,105,34
78,105,35
78,105,36
78,105,37
78,105,38
78,105,39
78,105,40
78,105,41
78,105,42
78,105,43
78,105,47
79,89,48
79,90,47
79,90,48
79,91,47
79,91,48
79,92,48
79,93,48
79,94,46
79,94,47
79,94,48
79,95,47
79,95,48
79,96,46
79,96,47
79,96,48
79,97,45
79,97,46
79,97,47
79,97,48
79,98,45
79,98,46
79,98,47
79,98,48
79,99,43
79,99,44
79,99,45
79,99,46
79,99,47
79,99,48
79,100,27
79,100,41
79,100,42
79,100,43
79,100,44
79,100,45
79,100,46
79,100,47
79,100,48
79,101,28
79,101,41
79,101,42
79,101,43
79,101,44
79,101,45
79,101,46
79,102,29
79,102,30
79,102,31
79,102,40
79,102,41
79,102,42
79,102,43
79,102,44
79,102,45
79,103,30
79,103,31
79,103,39
79,103,40
79,103,41
79,103,42
79,103,43
79,103,44
79,104,32
79,104,33
79,104,38
79,104,39
79,104,40
79,104,41
79,104,42
79,105,40
80,76,29
80,78,29
80,90,47
80,90,48
80,91,47
80,91,48
80,92,47
80,92,48
80,93,23
80,93,47
80,93,48
80,94,46
80,94,47
80,94,48
80,95,46
80,95,47
80,95,48
80,96,44
80,96,45
80,96,46
80,96,47
80,96,48
80,97,43
80,97,44
80,97,45
80,97,46
80,97,47
80,97,48
80,98,25
80,98,41
80,98,42
80,98,43
80,98,44
80,98,45
80,98,46
80,98,47
80,98,48
80,99,26
80,99,40
80,99,41
80,99,42
80,99,43
80,99,44
80,99,45
80,99,46
80,99,47
80,100,26
80,100,27
80,100,28
80,100,39
80,100,40
80,100,41
80,100,42
80,100,43
80,100,44
80,100,45
80,100,46
80,101,27
80,101,28
80,101,29
80,101,41
80,101,42
80,101,43
80,101,44
80,101,45
80,102,30
80,102,36
80,102,37
80,102,38
80,102,40
80,102,41
80,102,42
80,102,43
80,102,44
80,103,31
80,103,40
80,103,41
80,103,42
80,103,43
81,76,28
81,76,29
81,76,30
81,78,28
81,78,29
81,78,30
81,89,49
81,90,47
81,90,48
81,90,49
81,91,23
81,91,47
81,91,48
81,91,49
81,92,23
81,92,48
81,92,49
81,93,22
81,93,23
81,93,24
81,93,47
81,93,48
81,93,49
81,94,23
81,94,46
81,94,47
81,94,48
81,94,49
81,95,23
81,95,45
81,95,46
81,95,47
81,95,48
81,95,49
81,96,23
81,96,45
81,96,46
81,96,47
81,96,48
81,96,49
81,97,24
81,97,44
81,97,45
81,97,46
81,97,47
81,97,48
81,98,24
81,98,25
81,98,26
81,98,44
81,98,45
81,98,46
81,98,47
81,98,48
81,99,25
81,99,26
81,99,27
81,99,43
81,99,44
81,99,45
81,99,46
81,99,47
81,100,27
81,100,41
81,100,42
81,100,43
81,100,44
81,100,45
81,100,46
81,101,28
81,101,41
81,101,42
81,101,43
81,101,44
81,101,45
81,102,36
81,102,37
81,102,38
81,102,39
81,102,40
81,102,41
81,102,42
81,102,43
81,103,41
81,103,42
81,108,32
81,108,33
81,109,32
82,76,29
82,78,29
82,90,47
82,90,49
82,91,22
82,91,23
82,91,24
82,91,47
82,91,48
82,91,49
82,92,22
82,92,23
82,92,24
82,92,47
82,92,48
82,92,49
82,93,23
82,93,47
82,93,48
82,93,49
82,94,22
82,94,23
82,94,24
82,94,46
82,94,47
82,94,48
82,94,49
82,95,22
82,95,23
82,95,24
82,95,46
82,95,47
82,95,48
82,95,49
82,96,22
82,96,23
82,96,24
82,96,46
82,96,47
82,96,48
82,97,23
82,97,24
82,97,25
82,97,45
82,97,46
82,97,47
82,97,48
82,98,25
82,98,46
82,98,47
82,99,26
82,99,43
82,99,44
82,99,45
82,99,46
82,100,43
82,100,44
82,100,45
82,100,46
82,101,41
82,101,42
82,101,43
82,101,44
82,101,45
83,85,52
83,85,53
83,87,51
83,87,52
83,88,50
83,88,51
83,88,52
83,89,50
83,89,51
83,90,49
83,90,50
83,90,51
83,91,23
83,91,47
83,91,48
83,91,49
83,91,50
83,92,23
83,92,47
83,92,48
83,92,49
83,92,50
83,93,47
83,93,48
83,93,49
83,93,50
83,94,23
83,94,48
83,94,49
83,94,50
83,95,23
83,95,46
83,95,47
83,95,48
83,95,49
83,95,50
83,96,23
83,96,46
83,96,47
83,96,48
83,97,24
83,97,45
83,97,46
83,97,47
83,97,48
83,98,46
83,98,47
83,99,43
83,99,44
83,99,45
83,99,46
83,99,47
83,100,43
83,100,44
83,100,45
84,85,52
84,87,51
84,88,50
84,88,51
84,89,49
84,89,50
84,89,51
84,90,49
84,90,50
84,90,51
84,91,48
84,91,49
84,91,50
84,91,51
84,92,48
84,92,49
84,92,50
84,92,51
84,93,48
84,93,49
84,93,50
84,94,48
84,94,49
84,94,50
84,95,47
84,95,48
84,95,49
84,96,47
84,96,48
84,97,46
84,97,47
84,97,48
84,98,46
84,98,47
84,99,44
84,99,45
84,99,46
85,85,52
85,85,53
85,86,52
85,87,51
85,87,52
85,88,49
85,88,50
85,88,51
85,88,52
85,89,49
85,89,50
85,89,51
85,90,49
85,90,50
85,90,51
85,91,49
85,91,50
85,91,51
85,92,49
85,92,50
85,93,48
85,93,49
85,93,50
85,94,48
85,94,49
85,94,50
85,95,47
85,95,48
85,95,49
85,96,47
85,96,48
85,97,46
85,97,47
85,97,48
85,98,46
85,98,47
86,83,55
86,84,53
86,85,52
86,85,53
86,85,54
86,86,51
86,86,52
86,86,53
86,87,50
86,87,51
86,87,52
86,88,49
86,88,50
86,88,51
86,88,52
86,89,49
86,89,50
86,89,51
86,89,52
86,90,49
86,90,50
86,90,51
86,91,49
86,91,50
86,91,51
86,92,49
86,92,50
86,93,48
86,93,49
86,93,50
86,94,48
86,94,49
86,94,50
86,95,47
86,95,48
86,95,49
86,96,47
86,96,48
86,96,49
86,97,47
86,97,48
87,84,52
87,84,53
87,85,52
87,85,53
87,86,50
87,86,51
87,86,52
87,86,53
87,87,50
87,87,51
87,87,52
87,88,50
87,88,51
87,88,52
87,89,50
87,89,51
87,89,52
87,90,50
87,90,51
87,91,49
87,91,50
87,91,51
87,92,49
87,92,50
87,93,48
87,93,49
87,93,50
87,94,48
87,94,49
87,95,48
87,95,49
87,96,48
88,83,53
88,83,54
88,83,55
88,83,56
88,84,52
88,84,53
88,84,54
88,85,50
88,85,51
88,85,52
88,85,53
88,85,54
88,86,50
88,86,51
88,86,52
88,87,50
88,87,51
88,87,52
88,88,50
88,88,51
88,88,52
88,89,50
88,89,51
88,90,49
88,90,50
88,90,51
88,91,49
88,91,50
88,92,49
88,92,50
88,93,48
88,93,49
88,93,50
88,94,49
88,95,49
89,83,52
89,83,53
89,83,54
89,84,50
89,84,51
89,84,52
89,84,53
89,85,50
89,85,51
89,85,52
89,85,53
89,86,50
89,86,51
89,86,52
89,87,50
89,87,51
89,87,52
89,88,50
89,88,51
89,89,50
89,89,51
89,90,49
89,90,50
89,91,48
89,91,49
89,91,50
89,92,48
89,92,49
89,92,50
89,93,49
89,94,46
89,95,50
89,95,51
90,82,52
90,82,53
90,82,54
90,83,50
90,83,51
90,83,52
90,83,53
90,84,49
90,84,50
90,84,51
90,84,52
90,84,53
90,85,49
90,85,50
90,85,51
90,85,52
90,85,53
90,86,49
90,86,50
90,86,51
90,87,49
90,87,50
90,87,51
90,88,49
90,88,50
90,88,51
90,89,49
90,89,50
90,90,48
90,90,49
90,90,50
90,91,48
90,91,49
90,91,50
90,92,49
90,92,50
90,94,46
90,95,51
91,81,52
91,81,53
91,82,51
91,82,52
91,82,53
91,82,54
91,83,49
91,83,50
91,83,51
91,83,52
91,84,49
91,84,50
91,84,51
91,84,52
91,85,49
91,85,50
91,85,51
91,85,52
91,86,48
91,86,49
91,86,50
91,86,51
91,87,46
91,87,47
91,87,48
91,87,49
91,87,50
91,87,51
91,87,52
91,88,48
91,88,49
91,88,50
91,89,49
91,89,50
91,89,51
91,90,47
91,90,48
91,90,49
91,90,50
91,91,49
91,91,50
91,91,51
91,92,50
92,80,51
92,81,50
92,81,51
92,81,52
92,81,53
92,82,50
92,82,51
92,82,52
92,82,53
92,83,49
92,83,50
92,83,51
92,84,48
92,84,49
92,84,50
92,84,51
92,84,52
92,85,46
92,85,47
92,85,48
92,85,49
92,85,50
92,85,51
92,85,52
92,86,45
92,86,46
92,86,47
92,86,48
92,86,49
92,86,50
92,87,45
92,87,46
92,87,47
92,87,48
92,87,49
92,87,50
92,87,51
92,88,47
92,88,48
92,88,49
92,88,50
92,89,49
92,89,50
92,89,51
92,90,48
92,90,49
92,91,50
93,80,50
93,80,51
93,80,52
93,81,50
93,81,51
93,81,52
93,82,49
93,82,50
93,82,51
93,82,52
93,83,48
93,83,49
93,83,50
93,84,46
93,84,47
93,84,48
93,84,49
93,84,50
93,84,51
93,85,45
93,85,46
93,85,47
93,85,48
93,85,49
93,85,50
93,86,44
93,86,45
93,86,46
93,86,47
93,86,48
93,86,49
93,86,50
93,87,44
93,87,45
93,87,46
93,87,47
93,87,48
93,87,49
93,88,47
93,88,48
93,88,49
93,89,50
94,78,50
94,79,49
94,79,50
94,79,51
94,79,52
94,80,49
94,80,50
94,80,51
94,81,48
94,81,49
94,81,50
94,81,51
94,81,52
94,82,48
94,82,49
94,82,50
94,82,51
94,83,47
94,83,48
94,83,49
94,83,50
94,84,45
94,84,46
94,84,47
94,84,48
94,84,49
94,85,44
94,85,45
94,85,46
94,85,47
94,85,48
94,85,49
94,86,44
94,86,45
94,86,46
94,86,47
94,86,48
94,86,49
94,87,44
94,87,45
94,87,46
94,87,47
94,87,48
94,88,48
95,77,53
95,78,49
95,78,50
95,78,51
95,78,52
95,78,53
95,79,46
95,79,49
95,79,50
95,79,51
95,80,47
95,80,48
95,80,49
95,80,50
95,81,46
95,81,47
95,81,48
95,81,49
95,81,50
95,81,51
95,82,47
95,82,48
95,82,49
95,82,50
95,83,46
95,83,47
95,83,48
95,83,49
95,84,44
95,84,45
95,84,46
95,84,47
95,84,48
95,84,49
95,85,44
95,85,45
95,85,46
95,85,47
95,85,48
95,86,44
95,86,45
95,86,46
95,86,47
95,87,45
95,87,46
95,87,47
96,77,48
96,77,49
96,77,50
96,77,51
96,77,52
96,78,48
96,78,49
96,78,50
96,78,51
96,78,52
96,79,45
96,79,46
96,79,48
96,79,49
96,79,50
96,80,46
96,80,47
96,80,48
96,80,49
96,81,43
96,81,44
96,81,45
96,81,46
96,81,47
96,81,48
96,81,49
96,81,50
96,82,46
96,82,47
96,82,48
96,82,49
96,83,45
96,83,46
96,83,47
96,83,48
96,84,44
96,84,45
96,84,46
96,84,47
96,84,48
96,85,45
96,85,46
96,85,47
96,86,45
97,76,48
97,77,48
97,77,49
97,77,50
97,77,51
97,78,48
97,78,49
97,78,50
97,78,51
97,79,43
97,79,44
97,79,45
97,79,46
97,79,47
97,79,48
97,79,49
97,80,44
97,80,45
97,80,46
97,80,47
97,80,48
97,81,42
97,81,43
97,81,44
97,81,45
97,81,46
97,81,47
97,81,48
97,82,43
97,82,44
97,82,45
97,82,46
97,82,47
97,82,48
97,83,45
97,83,46
97,83,47
97,84,45
97,84,46
97,84,47
97,85,44
97,85,45
97,85,46
98,76,47
98,76,48
98,76,49
98,77,44
98,77,47
98,77,48
98,77,49
98,77,50
98,78,46
98,78,47
98,78,48
98,78,49
98,79,42
98,79,43
98,79,44
98,79,45
98,79,46
98,79,47
98,79,48
98,80,43
98,80,44
98,80,45
98,80,46
98,80,47
98,81,41
98,81,42
98,81,43
98,81,44
98,81,45
98,81,46
98,81,47
98,82,42
98,82,43
98,82,44
98,82,45
98,82,46
98,82,47
98,83,46
99,75,45
99,75,46
99,75,47
99,76,45
99,76,46
99,76,47
99,76,48
99,76,49
99,77,43
99,77,44
99,77,45
99,77,46
99,77,47
99,77,48
99,77,49
99,78,44
99,78,45
99,78,46
99,78,47
99,78,48
99,79,41
99,79,42
99,79,43
99,79,44
99,79,45
99,79,46
99,79,47
99,79,48
99,80,41
99,80,42
99,80,43
99,80,44
99,80,45
99,80,46
99,81,40
99,81,41
99,81,42
99,81,43
99,81,44
99,81,45
99,81,46
99,82,41
99,82,42
99,82,43
99,82,44
99,82,45
99,82,46
100,75,44
100,75,45
100,75,46
100,76,44
100,76,45
100,76,46
100,76,47
100,76,48
100,76,49
100,77,42
100,77,43
100,77,44
100,77,45
100,77,46
100,77,47
100,77,48
100,78,43
100,78,44
100,78,45
100,78,46
100,78,47
100,79,38
100,79,39
100,79,40
100,79,41
100,79,42
100,79,43
100,79,44
100,79,45
100,79,46
100,79,47
100,80,40
100,80,41
100,80,42
100,80,43
100,80,44
100,81,37
100,81,38
100,81,39
100,81,40
100,81,41
100,81,42
100,81,43
100,81,44
100,81,45
100,82,28
100,82,29
100,82,30
100,82,39
100,82,40
100,82,41
100,82,42
100,82,43
100,87,17
100,88,17
101,70,28
101,75,40
101,75,41
101,75,42
101,75,43
101,75,44
101,75,45
101,76,42
101,76,43
101,76,44
101,76,45
101,76,46
101,76,47
101,76,48
101,77,41
101,77,42
101,77,43
101,77,44
101,77,45
101,77,46
101,77,47
101,78,40
101,78,41
101,78,42
101,78,43
101,78,44
101,78,45
101,78,46
101,79,36
101,79,37
101,79,38
101,79,39
101,79,40
101,79,41
101,79,42
101,79,43
101,79,44
101,79,45
101,79,46
101,80,38
101,80,39
101,80,40
101,80,41
101,80,42
101,80,43
101,81,30
101,81,31
101,81,36
101,81,37
101,81,38
101,81,39
101,81,40
101,81,41
101,81,42
101,81,43
101,82,30
101,82,31
101,82,32
101,82,37
101,82,38
101,82,39
101,82,40
101,82,41
101,82,42
101,85,18
101,87,17
101,87,29
101,88,17
102,70,27
102,70,28
102,75,37
102,75,38
102,75,39
102,75,40
102,75,41
102,75,42
102,75,43
102,75,44
102,75,45
102,76,42
102,76,43
102,76,44
102,76,45
102,76,46
102,76,47
102,77,38
102,77,39
102,77,40
102,77,41
102,77,42
102,77,43
102,77,44
102,77,45
102,77,46
102,78,37
102,78,38
102,78,39
102,78,40
102,78,41
102,78,42
102,78,43
102,78,44
102,78,45
102,79,35
102,79,36
102,79,37
102,79,38
102,79,39
102,79,40
102,79,41
102,79,42
102,79,43
102,79,44
102,80,37
102,80,38
102,80,39
102,80,40
102,80,41
102,81,31
102,81,32
102,81,33
102,81,34
102,81,35
102,81,36
102,81,37
102,81,38
102,81,39
102,81,40
102,82,31
102,82,32
102,82,33
102,82,34
102,82,35
102,82,36
102,82,37
102,82,38
102,82,39
102,82,40
102,82,41
102,84,18
102,85,18
102,86,17
102,87,17
102,87,30
102,88,17
103,70,26
103,70,27
103,71,25
103,71,26
103,72,25
103,73,24
103,74,23
103,75,22
103,76,22
103,76,41
103,76,42
103,76,43
103,76,44
103,76,45
103,76,46
103,77,21
103,77,36
103,77,37
103,77,38
103,77,39
103,77,40
103,77,41
103,77,42
103,77,43
103,77,44
103,77,45
103,78,21
103,78,34
103,78,35
103,78,36
103,78,37
103,78,38
103,78,39
103,78,40
103,78,41
103,78,42
103,78,43
103,78,44
103,79,20
103,79,21
103,79,35
103,79,36
103,79,37
103,79,38
103,79,39
103,79,40
103,79,41
103,79,42
103,80,20
103,80,36
103,80,37
103,80,38
103,80,39
103,80,40
103,81,19
103,81,32
103,81,33
103,81,34
103,81,35
103,81,36
103,81,37
103,82,19
103,82,32
103,82,33
103,82,34
103,82,35
103,82,36
103,82,37
103,82,38
103,82,39
103,84,18
103,85,18
103,86,17
103,87,17
103,87,30
103,88,17
104,70,26
104,71,25
104,72,24
104,72,25
104,73,24
104,74,23
104,75,22
104,76,22
104,76,40
104,76,41
104,76,42
104,76,43
104,76,44
104,76,45
104,77,21
104,77,38
104,77,39
104,77,40
104,77,41
104,77,42
104,77,43
104,77,44
104,78,21
104,78,36
104,78,37
104,78,38
104,78,39
104,78,40
104,78,41
104,78,42
104,78,43
104,79,20
104,79,35
104,79,36
104,79,37
104,79,38
104,79,39
104,79,40
104,79,41
104,80,20
104,80,35
104,80,36
104,80,37
104,80,38
104,81,19
104,81,33
104,81,34
104,81,35
104,81,36
104,82,19
104,82,33
104,82,34
104,82,35
104,82,36
104,82,37
104,84,18
104,85,18
104,86,17
104,87,17
104,87,30
104,88,17
104,88,30
104,89,17
105,70,26
105,71,25
105,72,24
105,72,25
105,73,24
105,74,23
105,75,22
105,75,23
105,76,22
105,76,41
105,76,42
105,76,43
105,77,21
105,77,38
105,77,39
105,77,40
105,77,41
105,77,42
105,78,21
105,78,37
105,78,38
105,78,39
105,78,40
105,78,41
105,79,20
105,79,36
105,79,37
105,79,38
105,79,39
105,79,40
105,80,20
105,80,35
105,80,36
105,80,37
105,81,19
105,81,34
105,81,35
105,81,36
105,82,19
105,82,33
105,82,34
105,82,35
105,84,18
105,85,18
105,86,18
105,87,17
105,87,18
105,87,30
105,88,17
105,88,30
105,88,31
105,89,17
106,70,26
106,71,25
106,72,24
106,72,25
106,73,24
106,74,23
106,75,23
106,76,22
106,76,40
106,76,41
106,76,42
106,77,21
106,77,39
106,77,40
106,77,41
106,78,21
106,78,37
106,78,38
106,78,39
106,79,20
106,79,36
106,79,37
106,79,38
106,79,39
106,80,20
106,80,35
106,80,36
106,81,19
106,81,20
106,81,34
106,81,35
106,81,36
106,82,19
106,82,34
106,82,35
106,83,19
106,84,18
106,85,18
106,86,18
106,86,31
106,87,18
106,87,30
106,88,18
106,88,30
106,88,31
106,89,17
106,89,30
107,70,26
107,71,25
107,71,26
107,72,24
107,72,25
107,73,24
107,73,25
107,74,23
107,75,23
107,76,22
107,76,40
107,76,41
107,77,21
107,77,39
107,78,21
107,78,37
107,79,20
107,79,36
107,79,37
107,80,20
107,80,35
107,80,36
107,81,19
107,81,20
107,81,34
107,81,35
107,82,19
107,82,34
107,82,35
107,83,19
107,84,18
107,85,18
107,86,18
107,86,31
107,87,18
107,87,30
107,88,18
107,88,30
107,89,18
107,89,29
108,70,26
108,70,27
108,71,26
108,72,25
108,73,25
108,74,23
108,74,24
108,75,23
108,76,22
108,76,23
108,76,39
108,77,21
108,77,22
108,77,38
108,78,22
108,79,20
108,79,21
108,79,36
108,80,20
108,80,35
108,81,20
108,81,34
108,81,35
108,82,19
108,82,20
108,82,34
108,83,19
108,83,20
108,84,19
108,85,18
108,85,19
108,86,18
108,86,19
108,86,31
108,87,18
108,87,19
108,87,30
108,88,18
108,88,19
108,88,29
108,88,30
108,89,19
108,89,20
108,89,28
108,89,29
109,70,27
109,70,28
109,71,26
109,72,26
109,73,25
109,74,24
109,74,25
109,75,23
109,75,24
109,75,38
109,76,23
109,76,38
109,77,22
109,77,23
109,77,37
109,78,22
109,79,21
109,79,22
109,80,20
109,80,21
109,81,20
109,81,21
109,81,34
109,82,20
109,82,21
109,82,33
109,82,34
109,83,20
109,83,21
109,84,19
109,84,20
109,85,19
109,85,20
109,86,19
109,86,20
109,86,30
109,87,19
109,87,20
109,87,21
109,87,29
109,87,30
109,88,20
109,88,21
109,88,28
109,88,29
109,89,20
109,89,21
109,89,22
109,89,23
109,89,26
109,89,27
109,89,28
110,70,28
110,71,26
110,71,27
110,71,28
110,72,26
110,72,27
110,73,25
110,73,26
110,74,25
110,74,26
110,75,24
110,75,25
110,75,37
110,76,23
110,76,24
110,76,37
110,77,23
110,77,24
110,77,36
110,78,23
110,78,36
110,79,22
110,79,23
110,80,21
110,80,22
110,80,34
110,81,21
110,81,22
110,81,34
110,82,21
110,82,22
110,82,33
110,83,21
110,83,22
110,84,20
110,84,21
110,84,22
110,85,20
110,85,21
110,85,22
110,86,20
110,86,21
110,86,22
110,86,23
110,86,29
110,87,21
110,87,22
110,87,23
110,87,29
110,88,21
110,88,22
110,88,23
110,88,27
110,88,28
110,89,23
110,89,24
110,89,25
110,89,26
110,89,27
111,70,28
111,70,29
111,71,28
111,72,27
111,73,26
111,73,27
111,73,28
111,73,33
111,73,34
111,74,26
111,74,34
111,74,35
111,74,36
111,75,25
111,75,34
111,75,35
111,75,36
111,76,24
111,76,25
111,76,35
111,76,36
111,77,24
111,77,25
111,77,35
111,78,24
111,78,35
111,79,23
111,79,24
111,79,25
111,80,22
111,80,23
111,80,24
111,80,34
111,81,22
111,81,23
111,81,24
111,81,33
111,82,22
111,82,23
111,82,24
111,82,32
111,82,33
111,83,22
111,83,23
111,83,24
111,84,22
111,84,23
111,85,22
111,85,23
111,85,24
111,85,25
111,86,23
111,86,24
111,86,28
111,87,23
111,87,24
111,87,25
111,87,28
111,87,29
111,88,23
111,88,24
111,88,25
111,88,26
111,88,27
111,89,24
111,89,25
112,72,28
112,72,29
112,73,28
112,73,29
112,73,31
112,73,32
112,73,33
112,73,34
112,73,35
112,74,26
112,74,27
112,74,32
112,74,33
112,74,34
112,74,35
112,74,36
112,75,25
112,75,26
112,75,33
112,75,34
112,76,25
112,76,26
112,76,32
112,76,33
112,76,34
112,76,35
112,77,25
112,77,26
112,77,33
112,77,34
112,77,35
112,78,24
112,78,25
112,78,33
112,78,34
112,79,25
112,79,26
112,80,24
112,80,25
112,80,33
112,81,24
112,81,25
112,81,32
112,82,24
112,82,25
112,82,26
112,82,32
112,82,33
112,83,24
112,83,25
112,84,23
112,84,24
112,84,25
112,85,25
112,86,24
112,86,25
112,86,26
112,86,27
112,87,25
112,87,26
112,87,27
112,87,28
113,72,28
113,72,29
113,72,30
113,73,29
113,73,30
113,73,31
113,74,27
113,74,28
113,74,29
113,74,30
113,74,31
113,74,32
113,75,26
113,75,27
113,75,29
113,75,30
113,75,31
113,75,32
113,75,33
113,75,34
113,76,26
113,76,27
113,76,28
113,76,29
113,76,30
113,76,31
113,76,32
113,76,33
113,77,26
113,77,27
113,77,31
113,77,32
113,77,33
113,77,34
113,78,26
113,78,30
113,78,31
113,78,32
113,79,26
113,79,27
113,79,30
113,79,31
113,80,25
113,80,26
113,80,27
113,80,31
113,80,32
113,81,25
113,81,26
113,81,31
113,82,26
113,82,27
113,82,30
113,82,31
113,82,32
113,84,25
113,84,26
113,84,27
114,74,28
114,74,29
114,75,27
114,75,28
114,75,29
114,76,28
114,76,29
114,77,27
114,77,28
114,77,29
114,77,30
114,77,31
114,78,27
114,78,28
114,78,29
114,78,30
114,79,27
114,79,28
114,79,29
114,79,30
114,80,27
114,80,28
114,80,29
114,80,30
114,81,27
114,81,28
114,81,29
114,82,27
114,82,28
114,82,29
114,82,30
114,82,31
