"x","y","z"
62,136,40
62,136,41
62,136,42
62,136,43
62,136,44
62,136,45
62,136,46
63,136,40
63,136,41
63,136,42
63,136,43
63,136,44
63,136,45
63,136,46
63,136,47
63,136,48
64,136,40
64,136,41
64,136,42
64,136,43
64,136,44
64,136,45
64,136,46
64,136,47
64,136,48
64,136,49
64,136,50
64,136,51
65,133,40
65,133,41
65,134,40
65,136,41
65,136,42
65,136,43
65,136,44
65,136,45
65,136,46
65,136,47
65,136,48
65,136,49
65,136,50
65,136,51
65,136,52
65,136,53
65,136,54
65,137,38
65,137,42
65,138,42
65,138,44
65,138,45
65,138,46
65,138,47
65,138,48
65,138,49
65,138,50
65,138,51
65,141,43
65,141,44
65,142,44
65,142,45
65,142,46
65,142,47
65,142,48
65,142,49
65,142,50
65,142,51
65,143,45
65,143,46
65,143,47
65,143,48
65,143,49
65,143,50
65,143,51
65,143,52
65,144,45
65,144,46
65,144,47
65,144,48
65,144,49
66,133,39
66,133,40
66,133,41
66,133,42
66,133,43
66,134,40
66,134,41
66,134,42
66,135,36
66,135,37
66,135,40
66,136,37
66,136,41
66,136,42
66,136,43
66,136,44
66,136,45
66,136,46
66,136,47
66,136,48
66,136,49
66,136,50
66,136,51
66,136,52
66,136,53
66,136,54
66,137,37
66,137,38
66,137,42
66,137,43
66,137,44
66,137,45
66,138,39
66,138,42
66,138,43
66,138,44
66,138,45
66,138,46
66,138,47
66,138,48
66,138,49
66,138,50
66,138,51
66,138,52
66,138,53
66,138,54
66,138,55
66,138,56
66,139,39
66,139,42
66,139,43
66,139,44
66,139,45
66,139,46
66,139,47
66,139,48
66,139,49
66,139,50
66,139,51
66,140,39
66,140,43
66,140,44
66,140,45
66,140,46
66,140,47
66,140,48
66,140,49
66,140,50
66,141,43
66,141,44
66,141,45
66,141,46
66,141,47
66,141,48
66,141,49
66,141,50
66,141,51
66,142,43
66,142,44
66,142,45
66,142,46
66,142,47
66,142,48
66,142,49
66,142,50
66,142,51
66,142,52
66,142,53
66,142,54
66,142,55
66,142,56
66,142,57
66,142,58
66,142,59
66,143,44
66,143,45
66,143,46
66,143,47
66,143,48
66,143,49
66,143,50
66,143,51
66,143,52
66,143,53
66,143,54
66,143,55
66,144,45
66,144,46
66,144,47
66,144,48
66,144,49
66,144,50
66,145,46
67,125,43
67,130,34
67,130,35
67,130,36
67,131,35
67,131,39
67,132,36
67,132,37
67,132,38
67,132,39
67,132,40
67,133,36
67,133,37
67,133,38
67,133,39
67,133,40
67,133,41
67,133,42
67,133,43
67,133,44
67,133,45
67,133,46
67,133,47
67,134,36
67,134,37
67,134,38
67,134,39
67,134,40
67,134,41
67,134,42
67,134,43
67,134,44
67,135,35
67,135,36
67,135,37
67,135,38
67,135,39
67,135,40
67,135,41
67,135,42
67,135,43
67,135,44
67,135,45
67,135,46
67,135,47
67,135,48
67,135,49
67,135,50
67,135,51
67,135,52
67,136,36
67,136,37
67,136,38
67,136,39
67,136,40
67,136,41
67,136,42
67,136,43
67,136,44
67,136,45
67,136,46
67,136,47
67,136,48
67,136,49
67,136,50
67,136,51
67,136,52
67,136,53
67,136,54
67,137,36
67,137,37
67,137,38
67,137,39
67,137,42
67,137,43
67,137,44
67,137,45
67,137,46
67,137,47
67,137,48
67,137,49
67,137,50
67,137,51
67,137,52
67,137,53
67,137,54
67,137,55
67,138,38
67,138,39
67,138,40
67,138,41
67,138,42
67,138,43
67,138,44
67,138,45
67,138,46
67,138,47
67,138,48
67,138,49
67,138,50
67,138,51
67,138,52
67,138,53
67,138,54
67,138,55
67,138,56
67,139,38
67,139,39
67,139,40
67,139,41
67,139,42
67,139,43
67,139,44
67,139,45
67,139,46
67,139,47
67,139,48
67,139,49
67,139,50
67,139,51
67,139,52
67,139,53
67,139,54
67,139,55
67,139,56
67,139,57
67,140,37
67,140,38
67,140,39
67,140,40
67,140,41
67,140,42
67,140,43
67,140,44
67,140,45
67,140,46
67,140,47
67,140,48
67,140,49
67,140,50
67,140,51
67,140,52
67,140,53
67,140,54
67,140,55
67,140,56
67,140,57
67,140,58
67,141,38
67,141,39
67,141,40
67,141,41
67,141,42
67,141,43
67,141,44
67,141,45
67,141,46
67,141,47
67,141,48
67,141,49
67,141,50
67,141,51
67,141,52
67,141,53
67,141,54
67,141,55
67,141,56
67,141,57
67,141,58
67,141,59
67,142,42
67,142,43
67,142,44
67,142,45
67,142,46
67,142,47
67,142,48
67,142,49
67,142,50
67,142,51
67,142,52
67,142,53
67,142,54
67,142,55
67,142,56
67,142,57
67,142,58
67,142,59
67,142,60
67,143,43
67,143,44
67,143,45
67,143,46
67,143,47
67,143,48
67,143,49
67,143,50
67,143,51
67,143,52
67,143,53
67,143,54
67,143,55
67,143,56
67,143,57
67,144,44
67,144,45
67,144,46
67,144,47
67,144,48
67,144,49
67,144,50
67,144,51
67,144,52
67,145,45
67,145,46
67,145,47
67,145,48
67,145,49
68,125,37
68,125,38
68,125,40
68,125,41
68,125,42
68,125,43
68,125,44
68,126,43
68,126,44
68,128,35
68,128,36
68,129,35
68,129,36
68,129,37
68,129,38
68,129,39
68,130,33
68,130,34
68,130,35
68,130,36
68,130,37
68,130,38
68,130,39
68,130,40
68,131,35
68,131,36
68,131,37
68,131,38
68,131,39
68,132,36
68,132,37
68,132,38
68,132,39
68,132,40
68,132,41
68,133,36
68,133,37
68,133,38
68,133,39
68,133,40
68,133,41
68,133,42
68,133,43
68,133,44
68,133,45
68,133,46
68,133,47
68,133,48
68,134,36
68,134,37
68,134,38
68,134,39
68,134,40
68,134,41
68,134,42
68,134,43
68,134,44
68,134,45
68,134,46
68,134,47
68,135,34
68,135,35
68,135,36
68,135,37
68,135,38
68,135,39
68,135,40
68,135,41
68,135,42
68,135,43
68,135,44
68,135,45
68,135,46
68,135,47
68,135,48
68,135,49
68,135,50
68,135,51
68,135,52
68,136,36
68,136,37
68,136,38
68,136,39
68,136,40
68,136,41
68,136,42
68,136,43
68,136,44
68,136,45
68,136,46
68,136,47
68,136,48
68,136,49
68,136,50
68,136,51
68,136,52
68,136,53
68,137,35
68,137,36
68,137,37
68,137,38
68,137,39
68,137,40
68,137,41
68,137,42
68,137,43
68,137,44
68,137,45
68,137,46
68,137,47
68,137,48
68,137,49
68,137,50
68,137,51
68,137,52
68,137,53
68,137,54
68,137,55
68,138,36
68,138,37
68,138,38
68,138,39
68,138,40
68,138,41
68,138,42
68,138,43
68,138,44
68,138,45
68,138,46
68,138,47
68,138,48
68,138,49
68,138,50
68,138,51
68,138,52
68,138,53
68,138,54
68,138,55
68,138,56
68,139,36
68,139,37
68,139,38
68,139,39
68,139,40
68,139,41
68,139,42
68,139,43
68,139,44
68,139,45
68,139,46
68,139,47
68,139,48
68,139,49
68,139,50
68,139,51
68,139,52
68,139,53
68,139,54
68,139,55
68,139,56
68,139,57
68,140,36
68,140,37
68,140,38
68,140,39
68,140,40
68,140,41
68,140,42
68,140,43
68,140,44
68,140,45
68,140,46
68,140,47
68,140,48
68,140,49
68,140,50
68,140,51
68,140,52
68,140,53
68,140,54
68,140,55
68,140,56
68,140,57
68,140,58
68,141,36
68,141,37
68,141,38
68,141,39
68,141,40
68,141,41
68,141,42
68,141,43
68,141,44
68,141,45
68,141,46
68,141,47
68,141,48
68,141,49
68,141,50
68,141,51
68,141,52
68,141,53
68,141,54
68,141,55
68,141,56
68,141,57
68,141,58
68,141,59
68,142,40
68,142,41
68,142,42
68,142,43
68,142,44
68,142,45
68,142,46
68,142,47
68,142,48
68,142,49
68,142,50
68,142,51
68,142,52
68,142,53
68,142,54
68,142,55
68,142,56
68,142,57
68,142,58
68,142,59
68,142,60
68,142,61
68,142,62
68,143,42
68,143,43
68,143,44
68,143,45
68,143,46
68,143,47
68,143,48
68,143,49
68,143,50
68,143,51
68,143,52
68,143,53
68,143,54
68,143,55
68,143,56
68,143,57
68,143,58
68,143,59
68,144,43
68,144,44
68,144,45
68,144,46
68,144,47
68,144,48
68,144,49
68,144,50
68,144,51
68,144,52
68,144,53
68,144,54
68,144,55
68,144,56
68,145,45
68,145,46
68,145,47
68,145,48
68,145,49
68,145,50
68,145,51
68,145,52
68,145,53
69,125,36
69,125,37
69,125,38
69,125,39
69,125,40
69,125,41
69,125,42
69,125,43
69,126,41
69,126,42
69,126,43
69,127,33
69,127,34
69,127,35
69,127,40
69,128,34
69,128,35
69,128,36
69,128,37
69,128,38
69,129,33
69,129,34
69,129,35
69,129,36
69,129,37
69,129,38
69,129,39
69,129,40
69,129,41
69,130,33
69,130,34
69,130,35
69,130,36
69,130,37
69,130,38
69,130,39
69,130,40
69,130,41
69,130,42
69,131,32
69,131,33
69,131,34
69,131,35
69,131,36
69,131,37
69,131,38
69,131,39
69,131,40
69,131,41
69,132,32
69,132,33
69,132,34
69,132,35
69,132,36
69,132,37
69,132,38
69,132,39
69,132,40
69,132,41
69,133,32
69,133,33
69,133,34
69,133,35
69,133,36
69,133,37
69,133,38
69,133,39
69,133,40
69,133,41
69,133,42
69,133,43
69,133,44
69,133,45
69,134,33
69,134,34
69,134,35
69,134,36
69,134,37
69,134,38
69,134,39
69,134,40
69,134,41
69,134,42
69,134,43
69,134,44
69,134,45
69,134,46
69,134,47
69,135,33
69,135,34
69,135,35
69,135,36
69,135,37
69,135,38
69,135,39
69,135,40
69,135,41
69,135,42
69,135,43
69,135,44
69,135,45
69,135,46
69,135,47
69,135,48
69,135,49
69,136,34
69,136,35
69,136,36
69,136,37
69,136,38
69,136,39
69,136,40
69,136,41
69,136,42
69,136,43
69,136,44
69,136,45
69,136,46
69,136,47
69,136,48
69,136,49
69,136,50
69,136,51
69,137,34
69,137,35
69,137,36
69,137,37
69,137,38
69,137,39
69,137,40
69,137,41
69,137,42
69,137,43
69,137,44
69,137,45
69,137,46
69,137,47
69,137,48
69,137,49
69,137,50
69,137,51
69,137,52
69,137,53
69,138,35
69,138,36
69,138,37
69,138,38
69,138,39
69,138,40
69,138,41
69,138,42
69,138,43
69,138,44
69,138,45
69,138,46
69,138,47
69,138,48
69,138,49
69,138,50
69,138,51
69,138,52
69,138,53
69,138,54
69,138,55
69,138,63
69,138,64
69,139,35
69,139,36
69,139,37
69,139,38
69,139,39
69,139,40
69,139,41
69,139,42
69,139,43
69,139,44
69,139,45
69,139,46
69,139,47
69,139,48
69,139,49
69,139,50
69,139,51
69,139,52
69,139,53
69,139,54
69,139,55
69,139,56
69,140,35
69,140,36
69,140,37
69,140,38
69,140,39
69,140,40
69,140,41
69,140,42
69,140,43
69,140,44
69,140,45
69,140,46
69,140,47
69,140,48
69,140,49
69,140,50
69,140,51
69,140,52
69,140,53
69,140,54
69,140,55
69,140,56
69,140,57
69,141,35
69,141,36
69,141,37
69,141,38
69,141,39
69,141,40
69,141,41
69,141,42
69,141,43
69,141,44
69,141,45
69,141,46
69,141,47
69,141,48
69,141,49
69,141,50
69,141,51
69,141,52
69,141,53
69,141,54
69,141,55
69,141,56
69,141,57
69,141,58
69,141,59
69,141,62
69,142,38
69,142,39
69,142,40
69,142,41
69,142,42
69,142,43
69,142,44
69,142,45
69,142,46
69,142,47
69,142,48
69,142,49
69,142,50
69,142,51
69,142,52
69,142,53
69,142,54
69,142,55
69,142,56
69,142,57
69,142,58
69,142,59
69,142,60
69,142,61
69,142,62
69,142,63
69,142,64
69,143,41
69,143,42
69,143,43
69,143,44
69,143,45
69,143,46
69,143,47
69,143,48
69,143,49
69,143,50
69,143,51
69,143,52
69,143,53
69,143,54
69,143,55
69,143,56
69,143,57
69,143,58
69,143,59
69,143,60
69,144,43
69,144,44
69,144,45
69,144,46
69,144,47
69,144,48
69,144,49
69,144,50
69,144,51
69,144,52
69,144,53
69,144,54
69,144,55
69,144,56
69,144,57
69,144,58
69,145,43
69,145,44
69,145,45
69,145,46
69,145,47
69,145,48
69,145,49
69,145,50
69,145,51
69,145,52
69,145,53
69,145,54
69,145,55
69,145,56
69,145,57
69,145,58
70,123,40
70,125,32
70,125,33
70,125,34
70,125,35
70,125,36
70,125,37
70,125,38
70,125,39
70,125,40
70,125,41
70,125,42
70,126,35
70,126,36
70,126,37
70,126,38
70,126,40
70,126,41
70,126,42
70,126,67
70,126,68
70,127,31
70,127,32
70,127,33
70,127,34
70,127,35
70,127,36
70,127,37
70,127,38
70,127,39
70,127,40
70,127,41
70,128,32
70,128,33
70,128,34
70,128,35
70,128,36
70,128,37
70,128,38
70,128,39
70,128,40
70,128,68
70,129,32
70,129,33
70,129,34
70,129,35
70,129,36
70,129,37
70,129,38
70,129,39
70,129,68
70,130,31
70,130,32
70,130,33
70,130,34
70,130,35
70,130,36
70,130,37
70,130,38
70,130,39
70,130,40
70,131,31
70,131,32
70,131,33
70,131,34
70,131,35
70,131,36
70,131,37
70,131,38
70,131,39
70,131,40
70,132,31
70,132,32
70,132,33
70,132,34
70,132,35
70,132,36
70,132,37
70,132,38
70,132,39
70,132,40
70,132,41
70,133,31
70,133,32
70,133,33
70,133,34
70,133,35
70,133,36
70,133,37
70,133,38
70,133,39
70,133,40
70,133,41
70,133,42
70,134,31
70,134,32
70,134,33
70,134,34
70,134,35
70,134,36
70,134,37
70,134,38
70,134,39
70,134,40
70,134,41
70,134,42
70,134,43
70,134,44
70,135,32
70,135,33
70,135,34
70,135,35
70,135,36
70,135,37
70,135,38
70,135,39
70,135,40
70,135,41
70,135,42
70,135,43
70,135,44
70,135,45
70,135,57
70,135,58
70,135,59
70,135,60
70,135,61
70,136,32
70,136,33
70,136,34
70,136,35
70,136,36
70,136,37
70,136,38
70,136,39
70,136,40
70,136,41
70,136,42
70,136,43
70,136,44
70,136,45
70,136,46
70,136,47
70,136,57
70,136,58
70,136,59
70,136,60
70,136,61
70,137,33
70,137,34
70,137,35
70,137,36
70,137,37
70,137,38
70,137,39
70,137,40
70,137,41
70,137,42
70,137,43
70,137,44
70,137,45
70,137,46
70,137,47
70,137,48
70,137,49
70,137,50
70,137,58
70,137,59
70,137,60
70,137,61
70,138,33
70,138,34
70,138,35
70,138,36
70,138,37
70,138,38
70,138,39
70,138,40
70,138,41
70,138,42
70,138,43
70,138,44
70,138,45
70,138,46
70,138,47
70,138,48
70,138,49
70,138,50
70,138,51
70,138,52
70,138,53
70,138,54
70,138,55
70,138,58
70,138,59
70,138,60
70,138,61
70,138,62
70,138,63
70,138,64
70,139,33
70,139,34
70,139,35
70,139,36
70,139,37
70,139,38
70,139,39
70,139,40
70,139,41
70,139,42
70,139,43
70,139,44
70,139,45
70,139,46
70,139,47
70,139,48
70,139,49
70,139,50
70,139,51
70,139,52
70,139,53
70,139,54
70,139,55
70,139,56
70,139,57
70,139,58
70,139,59
70,139,60
70,139,61
70,139,62
70,139,63
70,140,34
70,140,35
70,140,36
70,140,37
70,140,38
70,140,39
70,140,40
70,140,41
70,140,42
70,140,43
70,140,44
70,140,45
70,140,46
70,140,47
70,140,48
70,140,49
70,140,50
70,140,51
70,140,52
70,140,53
70,140,54
70,140,55
70,140,56
70,140,57
70,140,58
70,140,59
70,140,60
70,140,61
70,140,62
70,140,63
70,141,34
70,141,35
70,141,36
70,141,37
70,141,38
70,141,39
70,141,40
70,141,41
70,141,42
70,141,43
70,141,44
70,141,45
70,141,46
70,141,47
70,141,48
70,141,49
70,141,50
70,141,51
70,141,52
70,141,53
70,141,54
70,141,55
70,141,56
70,141,57
70,141,58
70,141,59
70,141,60
70,141,61
70,141,62
70,141,63
70,142,37
70,142,38
70,142,39
70,142,40
70,142,41
70,142,42
70,142,43
70,142,44
70,142,45
70,142,46
70,142,47
70,142,48
70,142,49
70,142,50
70,142,51
70,142,52
70,142,53
70,142,54
70,142,55
70,142,56
70,142,57
70,142,58
70,142,59
70,142,60
70,142,61
70,142,62
70,142,63
70,142,64
70,143,38
70,143,39
70,143,40
70,143,41
70,143,42
70,143,43
70,143,44
70,143,45
70,143,46
70,143,47
70,143,48
70,143,49
70,143,50
70,143,51
70,143,52
70,143,53
70,143,54
70,143,55
70,143,56
70,143,57
70,143,58
70,143,59
70,143,60
70,143,61
70,144,39
70,144,40
70,144,41
70,144,42
70,144,43
70,144,44
70,144,45
70,144,46
70,144,47
70,144,48
70,144,49
70,144,50
70,144,51
70,144,52
70,144,53
70,144,54
70,144,55
70,144,56
70,144,57
70,144,58
70,144,59
70,144,60
70,144,61
70,145,41
70,145,42
70,145,43
70,145,44
70,145,45
70,145,46
70,145,47
70,145,48
70,145,49
70,145,50
70,145,51
70,145,52
70,145,53
70,145,54
70,145,55
70,145,56
70,145,57
70,145,58
70,145,59
70,145,60
71,122,32
71,122,33
71,122,34
71,122,35
71,122,36
71,122,37
71,122,38
71,122,39
71,122,40
71,122,41
71,123,30
71,123,31
71,123,32
71,123,33
71,123,34
71,123,35
71,123,36
71,123,37
71,123,38
71,123,39
71,123,40
71,123,41
71,124,30
71,124,31
71,124,32
71,124,33
71,124,34
71,124,35
71,124,36
71,124,37
71,124,38
71,124,39
71,125,30
71,125,31
71,125,32
71,125,33
71,125,34
71,125,35
71,125,36
71,125,37
71,125,38
71,125,39
71,125,40
71,126,31
71,126,32
71,126,33
71,126,34
71,126,35
71,126,36
71,126,37
71,126,38
71,126,39
71,126,40
71,127,30
71,127,31
71,127,32
71,127,33
71,127,34
71,127,35
71,127,36
71,127,37
71,127,38
71,127,39
71,127,40
71,128,31
71,128,32
71,128,33
71,128,34
71,128,35
71,128,36
71,128,37
71,128,38
71,128,39
71,128,40
71,129,31
71,129,32
71,129,33
71,129,34
71,129,35
71,129,36
71,129,37
71,129,38
71,129,39
71,129,40
71,129,57
71,129,58
71,129,59
71,129,60
71,129,61
71,129,62
71,129,63
71,129,64
71,129,65
71,129,66
71,129,67
71,129,68
71,130,32
71,130,33
71,130,34
71,130,35
71,130,36
71,130,37
71,130,38
71,130,39
71,130,40
71,130,41
71,130,57
71,130,58
71,130,59
71,130,60
71,130,61
71,130,62
71,130,63
71,130,64
71,130,65
71,130,66
71,131,32
71,131,33
71,131,34
71,131,35
71,131,36
71,131,37
71,131,38
71,131,39
71,131,40
71,131,41
71,131,56
71,131,57
71,131,58
71,131,59
71,131,60
71,131,61
71,131,62
71,131,63
71,131,64
71,131,65
71,131,66
71,132,31
71,132,32
71,132,33
71,132,34
71,132,35
71,132,36
71,132,37
71,132,38
71,132,39
71,132,40
71,132,41
71,132,55
71,132,56
71,132,57
71,132,58
71,132,59
71,132,60
71,132,61
71,132,62
71,132,63
71,132,64
71,132,65
71,133,31
71,133,32
71,133,33
71,133,34
71,133,35
71,133,36
71,133,37
71,133,38
71,133,39
71,133,40
71,133,41
71,133,42
71,133,54
71,133,55
71,133,56
71,133,57
71,133,58
71,133,59
71,133,60
71,133,61
71,133,62
71,134,31
71,134,32
71,134,33
71,134,34
71,134,35
71,134,36
71,134,37
71,134,38
71,134,39
71,134,40
71,134,41
71,134,42
71,134,43
71,134,44
71,134,54
71,134,55
71,134,56
71,134,57
71,134,58
71,134,59
71,134,60
71,134,61
71,134,62
71,135,30
71,135,31
71,135,32
71,135,33
71,135,34
71,135,35
71,135,36
71,135,37
71,135,38
71,135,39
71,135,40
71,135,41
71,135,42
71,135,43
71,135,44
71,135,45
71,135,46
71,135,53
71,135,54
71,135,55
71,135,56
71,135,57
71,135,58
71,135,59
71,135,60
71,135,61
71,136,32
71,136,33
71,136,34
71,136,35
71,136,36
71,136,37
71,136,38
71,136,39
71,136,40
71,136,41
71,136,42
71,136,43
71,136,44
71,136,45
71,136,46
71,136,47
71,136,52
71,136,53
71,136,54
71,136,55
71,136,56
71,136,57
71,136,58
71,136,59
71,136,60
71,136,61
71,136,62
71,137,32
71,137,33
71,137,34
71,137,35
71,137,36
71,137,37
71,137,38
71,137,39
71,137,40
71,137,41
71,137,42
71,137,43
71,137,44
71,137,45
71,137,46
71,137,47
71,137,48
71,137,49
71,137,50
71,137,51
71,137,52
71,137,53
71,137,54
71,137,55
71,137,56
71,137,57
71,137,58
71,137,59
71,137,60
71,137,61
71,137,62
71,138,32
71,138,33
71,138,34
71,138,35
71,138,36
71,138,37
71,138,38
71,138,39
71,138,40
71,138,41
71,138,42
71,138,43
71,138,44
71,138,45
71,138,46
71,138,47
71,138,48
71,138,49
71,138,50
71,138,51
71,138,52
71,138,53
71,138,54
71,138,55
71,138,56
71,138,57
71,138,58
71,138,59
71,138,60
71,138,61
71,138,62
71,138,63
71,138,64
71,139,31
71,139,32
71,139,33
71,139,34
71,139,35
71,139,36
71,139,37
71,139,38
71,139,39
71,139,40
71,139,41
71,139,42
71,139,43
71,139,44
71,139,45
71,139,46
71,139,47
71,139,48
71,139,49
71,139,50
71,139,51
71,139,52
71,139,53
71,139,54
71,139,55
71,139,56
71,139,57
71,139,58
71,139,59
71,139,60
71,139,61
71,139,62
71,139,63
71,140,33
71,140,34
71,140,35
71,140,36
71,140,37
71,140,38
71,140,39
71,140,40
71,140,41
71,140,42
71,140,43
71,140,44
71,140,45
71,140,46
71,140,47
71,140,48
71,140,49
71,140,50
71,140,51
71,140,52
71,140,53
71,140,54
71,140,55
71,140,56
71,140,57
71,140,58
71,140,59
71,140,60
71,140,61
71,140,62
71,140,63
71,141,33
71,141,34
71,141,35
71,141,36
71,141,37
71,141,38
71,141,39
71,141,40
71,141,41
71,141,42
71,141,43
71,141,44
71,141,45
71,141,46
71,141,47
71,141,48
71,141,49
71,141,50
71,141,51
71,141,52
71,141,53
71,141,54
71,141,55
71,141,56
71,141,57
71,141,58
71,141,59
71,141,60
71,141,61
71,141,62
71,141,63
71,142,35
71,142,36
71,142,37
71,142,38
71,142,39
71,142,40
71,142,41
71,142,42
71,142,43
71,142,44
71,142,45
71,142,46
71,142,47
71,142,48
71,142,49
71,142,50
71,142,51
71,142,52
71,142,53
71,142,54
71,142,55
71,142,56
71,142,57
71,142,58
71,142,59
71,142,60
71,142,61
71,142,62
71,142,63
71,142,64
71,143,37
71,143,38
71,143,39
71,143,40
71,143,41
71,143,42
71,143,43
71,143,44
71,143,45
71,143,46
71,143,47
71,143,48
71,143,49
71,143,50
71,143,51
71,143,52
71,143,53
71,143,54
71,143,55
71,143,56
71,143,57
71,143,58
71,143,59
71,143,60
71,143,61
71,143,62
71,144,38
71,144,39
71,144,40
71,144,41
71,144,42
71,144,43
71,144,44
71,144,45
71,144,46
71,144,47
71,144,48
71,144,49
71,144,50
71,144,51
71,144,52
71,144,53
71,144,54
71,144,55
71,144,56
71,144,57
71,144,58
71,144,59
71,144,60
71,144,61
71,144,62
71,145,40
71,145,41
71,145,42
71,145,43
71,145,44
71,145,45
71,145,46
71,145,47
71,145,48
71,145,49
71,145,50
71,145,51
71,145,52
71,145,53
71,145,54
71,145,55
71,145,56
71,145,57
71,145,58
71,145,59
71,145,60
71,145,61
71,145,62
72,120,35
72,120,36
72,120,37
72,120,38
72,120,39
72,120,40
72,120,41
72,120,42
72,121,35
72,121,36
72,121,37
72,121,38
72,121,39
72,121,40
72,121,41
72,122,30
72,122,31
72,122,32
72,122,33
72,122,34
72,122,35
72,122,36
72,122,37
72,122,38
72,122,39
72,122,40
72,123,28
72,123,29
72,123,30
72,123,31
72,123,32
72,123,33
72,123,34
72,123,35
72,123,36
72,123,37
72,123,38
72,123,39
72,123,40
72,123,41
72,124,28
72,124,29
72,124,30
72,124,31
72,124,32
72,124,33
72,124,34
72,124,35
72,124,36
72,124,37
72,124,38
72,124,39
72,124,40
72,124,41
72,125,29
72,125,30
72,125,31
72,125,32
72,125,33
72,125,34
72,125,35
72,125,36
72,125,37
72,125,38
72,125,39
72,125,40
72,125,41
72,126,29
72,126,30
72,126,31
72,126,32
72,126,33
72,126,34
72,126,35
72,126,36
72,126,37
72,126,38
72,126,39
72,126,40
72,126,41
72,126,42
72,127,29
72,127,30
72,127,31
72,127,32
72,127,33
72,127,34
72,127,35
72,127,36
72,127,37
72,127,38
72,127,39
72,127,40
72,127,41
72,127,42
72,127,43
72,128,29
72,128,30
72,128,31
72,128,32
72,128,33
72,128,34
72,128,35
72,128,36
72,128,37
72,128,38
72,128,39
72,128,40
72,128,41
72,128,42
72,128,43
72,128,44
72,129,30
72,129,31
72,129,32
72,129,33
72,129,34
72,129,35
72,129,36
72,129,37
72,129,38
72,129,39
72,129,40
72,129,41
72,129,42
72,129,43
72,129,44
72,129,45
72,129,57
72,129,58
72,129,59
72,129,60
72,129,61
72,129,62
72,129,63
72,129,64
72,129,65
72,129,66
72,129,67
72,129,68
72,129,69
72,130,31
72,130,32
72,130,33
72,130,34
72,130,35
72,130,36
72,130,37
72,130,38
72,130,39
72,130,40
72,130,41
72,130,42
72,130,43
72,130,44
72,130,45
72,130,46
72,130,47
72,130,48
72,130,49
72,130,50
72,130,51
72,130,52
72,130,53
72,130,54
72,130,55
72,130,56
72,130,57
72,130,58
72,130,59
72,130,60
72,130,61
72,130,62
72,130,63
72,130,64
72,130,65
72,130,66
72,130,67
72,131,31
72,131,32
72,131,33
72,131,34
72,131,35
72,131,36
72,131,37
72,131,38
72,131,39
72,131,40
72,131,41
72,131,42
72,131,43
72,131,44
72,131,45
72,131,46
72,131,47
72,131,48
72,131,49
72,131,50
72,131,51
72,131,52
72,131,53
72,131,54
72,131,55
72,131,56
72,131,57
72,131,58
72,131,59
72,131,60
72,131,61
72,131,62
72,131,63
72,131,64
72,131,65
72,131,66
72,132,30
72,132,31
72,132,32
72,132,33
72,132,34
72,132,35
72,132,36
72,132,37
72,132,38
72,132,39
72,132,40
72,132,41
72,132,42
72,132,43
72,132,44
72,132,45
72,132,46
72,132,47
72,132,48
72,132,49
72,132,50
72,132,51
72,132,52
72,132,53
72,132,54
72,132,55
72,132,56
72,132,57
72,132,58
72,132,59
72,132,60
72,132,61
72,132,62
72,132,63
72,132,64
72,132,65
72,132,66
72,133,30
72,133,31
72,133,32
72,133,33
72,133,34
72,133,35
72,133,36
72,133,37
72,133,38
72,133,39
72,133,40
72,133,41
72,133,42
72,133,43
72,133,44
72,133,45
72,133,46
72,133,47
72,133,48
72,133,49
72,133,50
72,133,51
72,133,52
72,133,53
72,133,54
72,133,55
72,133,56
72,133,57
72,133,58
72,133,59
72,133,60
72,133,61
72,133,62
72,134,30
72,134,31
72,134,32
72,134,33
72,134,34
72,134,35
72,134,36
72,134,37
72,134,38
72,134,39
72,134,40
72,134,41
72,134,42
72,134,43
72,134,44
72,134,45
72,134,46
72,134,47
72,134,48
72,134,49
72,134,50
72,134,51
72,134,52
72,134,53
72,134,54
72,134,55
72,134,56
72,134,57
72,134,58
72,134,59
72,134,60
72,134,61
72,134,62
72,134,63
72,135,29
72,135,30
72,135,31
72,135,32
72,135,33
72,135,34
72,135,35
72,135,36
72,135,37
72,135,38
72,135,39
72,135,40
72,135,41
72,135,42
72,135,43
72,135,44
72,135,45
72,135,46
72,135,47
72,135,48
72,135,49
72,135,50
72,135,51
72,135,52
72,135,53
72,135,54
72,135,55
72,135,56
72,135,57
72,135,58
72,135,59
72,135,60
72,135,61
72,136,31
72,136,32
72,136,33
72,136,34
72,136,35
72,136,36
72,136,37
72,136,38
72,136,39
72,136,40
72,136,41
72,136,42
72,136,43
72,136,44
72,136,45
72,136,46
72,136,47
72,136,48
72,136,49
72,136,50
72,136,51
72,136,52
72,136,53
72,136,54
72,136,55
72,136,56
72,136,57
72,136,58
72,136,59
72,136,60
72,136,61
72,136,62
72,136,63
72,137,31
72,137,32
72,137,33
72,137,34
72,137,35
72,137,36
72,137,37
72,137,38
72,137,39
72,137,40
72,137,41
72,137,42
72,137,43
72,137,44
72,137,45
72,137,46
72,137,47
72,137,48
72,137,49
72,137,50
72,137,51
72,137,52
72,137,53
72,137,54
72,137,55
72,137,56
72,137,57
72,137,58
72,137,59
72,137,60
72,137,61
72,137,62
72,137,63
72,138,31
72,138,32
72,138,33
72,138,34
72,138,35
72,138,36
72,138,37
72,138,38
72,138,39
72,138,40
72,138,41
72,138,42
72,138,43
72,138,44
72,138,45
72,138,46
72,138,47
72,138,48
72,138,49
72,138,50
72,138,51
72,138,52
72,138,53
72,138,54
72,138,55
72,138,56
72,138,57
72,138,58
72,138,59
72,138,60
72,138,61
72,138,62
72,138,63
72,138,64
72,138,65
72,139,30
72,139,31
72,139,32
72,139,33
72,139,34
72,139,35
72,139,36
72,139,37
72,139,38
72,139,39
72,139,40
72,139,41
72,139,42
72,139,43
72,139,44
72,139,45
72,139,46
72,139,47
72,139,48
72,139,49
72,139,50
72,139,51
72,139,52
72,139,53
72,139,54
72,139,55
72,139,56
72,139,57
72,139,58
72,139,59
72,139,60
72,139,61
72,139,62
72,139,63
72,139,64
72,140,32
72,140,33
72,140,34
72,140,35
72,140,36
72,140,37
72,140,38
72,140,39
72,140,40
72,140,41
72,140,42
72,140,43
72,140,44
72,140,45
72,140,46
72,140,47
72,140,48
72,140,49
72,140,50
72,140,51
72,140,52
72,140,53
72,140,54
72,140,55
72,140,56
72,140,57
72,140,58
72,140,59
72,140,60
72,140,61
72,140,62
72,140,63
72,141,33
72,141,34
72,141,35
72,141,36
72,141,37
72,141,38
72,141,39
72,141,40
72,141,41
72,141,42
72,141,43
72,141,44
72,141,45
72,141,46
72,141,47
72,141,48
72,141,49
72,141,50
72,141,51
72,141,52
72,141,53
72,141,54
72,141,55
72,141,56
72,141,57
72,141,58
72,141,59
72,141,60
72,141,61
72,141,62
72,141,63
72,141,64
72,142,34
72,142,35
72,142,36
72,142,37
72,142,38
72,142,39
72,142,40
72,142,41
72,142,42
72,142,43
72,142,44
72,142,45
72,142,46
72,142,47
72,142,48
72,142,49
72,142,50
72,142,51
72,142,52
72,142,53
72,142,54
72,142,55
72,142,56
72,142,57
72,142,58
72,142,59
72,142,60
72,142,61
72,142,62
72,142,63
72,142,64
72,142,65
72,143,35
72,143,36
72,143,37
72,143,38
72,143,39
72,143,40
72,143,41
72,143,42
72,143,43
72,143,44
72,143,45
72,143,46
72,143,47
72,143,48
72,143,49
72,143,50
72,143,51
72,143,52
72,143,53
72,143,54
72,143,55
72,143,56
72,143,57
72,143,58
72,143,59
72,143,60
72,143,61
72,143,62
72,143,63
72,144,36
72,144,37
72,144,38
72,144,39
72,144,40
72,144,41
72,144,42
72,144,43
72,144,44
72,144,45
72,144,46
72,144,47
72,144,48
72,144,49
72,144,50
72,144,51
72,144,52
72,144,53
72,144,54
72,144,55
72,144,56
72,144,57
72,144,58
72,144,59
72,144,60
72,144,61
72,144,62
72,144,63
72,145,39
72,145,40
72,145,41
72,145,42
72,145,43
72,145,44
72,145,45
72,145,46
72,145,47
72,145,48
72,145,49
72,145,50
72,145,51
72,145,52
72,145,53
72,145,54
72,145,55
72,145,56
72,145,57
72,145,58
72,145,59
72,145,60
72,145,61
72,145,62
73,120,34
73,120,35
73,120,36
73,120,37
73,120,38
73,120,39
73,120,40
73,120,41
73,121,34
73,121,35
73,121,36
73,121,37
73,121,38
73,121,39
73,121,40
73,121,41
73,122,29
73,122,30
73,122,31
73,122,32
73,122,33
73,122,34
73,122,35
73,122,36
73,122,37
73,122,38
73,122,39
73,122,40
73,122,41
73,123,27
73,123,28
73,123,29
73,123,30
73,123,31
73,123,32
73,123,33
73,123,34
73,123,35
73,123,36
73,123,37
73,123,38
73,123,39
73,123,40
73,123,41
73,123,42
73,124,27
73,124,28
73,124,29
73,124,30
73,124,31
73,124,32
73,124,33
73,124,34
73,124,35
73,124,36
73,124,37
73,124,38
73,124,39
73,124,40
73,124,41
73,124,42
73,125,28
73,125,29
73,125,30
73,125,31
73,125,32
73,125,33
73,125,34
73,125,35
73,125,36
73,125,37
73,125,38
73,125,39
73,125,40
73,125,41
73,125,42
73,125,43
73,126,28
73,126,29
73,126,30
73,126,31
73,126,32
73,126,33
73,126,34
73,126,35
73,126,36
73,126,37
73,126,38
73,126,39
73,126,40
73,126,41
73,126,42
73,126,43
73,126,44
73,126,45
73,127,29
73,127,30
73,127,31
73,127,32
73,127,33
73,127,34
73,127,35
73,127,36
73,127,37
73,127,38
73,127,39
73,127,40
73,127,41
73,127,42
73,127,43
73,127,44
73,127,45
73,127,46
73,128,28
73,128,29
73,128,30
73,128,31
73,128,32
73,128,33
73,128,34
73,128,35
73,128,36
73,128,37
73,128,38
73,128,39
73,128,40
73,128,41
73,128,42
73,128,43
73,128,44
73,128,45
73,128,46
73,129,30
73,129,31
73,129,32
73,129,33
73,129,34
73,129,35
73,129,36
73,129,37
73,129,38
73,129,39
73,129,40
73,129,41
73,129,42
73,129,43
73,129,44
73,129,45
73,129,58
73,129,59
73,129,60
73,129,61
73,129,62
73,129,63
73,129,64
73,129,65
73,129,66
73,129,67
73,129,68
73,129,69
73,129,70
73,130,31
73,130,32
73,130,33
73,130,34
73,130,35
73,130,36
73,130,37
73,130,38
73,130,39
73,130,40
73,130,41
73,130,42
73,130,43
73,130,44
73,130,45
73,130,46
73,130,47
73,130,48
73,130,49
73,130,50
73,130,51
73,130,52
73,130,53
73,130,54
73,130,55
73,130,56
73,130,57
73,130,58
73,130,59
73,130,60
73,130,61
73,130,62
73,130,63
73,130,64
73,130,65
73,130,66
73,130,67
73,131,32
73,131,33
73,131,34
73,131,35
73,131,36
73,131,37
73,131,38
73,131,39
73,131,40
73,131,41
73,131,42
73,131,43
73,131,44
73,131,45
73,131,46
73,131,47
73,131,48
73,131,49
73,131,50
73,131,51
73,131,52
73,131,53
73,131,54
73,131,55
73,131,56
73,131,57
73,131,58
73,131,59
73,131,60
73,131,61
73,131,62
73,131,63
73,131,64
73,131,65
73,131,66
73,131,67
73,132,31
73,132,32
73,132,33
73,132,34
73,132,35
73,132,36
73,132,37
73,132,38
73,132,39
73,132,40
73,132,41
73,132,42
73,132,43
73,132,44
73,132,45
73,132,46
73,132,47
73,132,48
73,132,49
73,132,50
73,132,51
73,132,52
73,132,53
73,132,54
73,132,55
73,132,56
73,132,57
73,132,58
73,132,59
73,132,60
73,132,61
73,132,62
73,132,63
73,132,64
73,132,65
73,132,66
73,132,67
73,132,68
73,133,30
73,133,31
73,133,32
73,133,33
73,133,34
73,133,35
73,133,36
73,133,37
73,133,38
73,133,39
73,133,40
73,133,41
73,133,42
73,133,43
73,133,44
73,133,45
73,133,46
73,133,47
73,133,48
73,133,49
73,133,50
73,133,51
73,133,52
73,133,53
73,133,54
73,133,55
73,133,56
73,133,57
73,133,58
73,133,59
73,133,60
73,133,61
73,133,62
73,133,63
73,134,31
73,134,32
73,134,33
73,134,34
73,134,35
73,134,36
73,134,37
73,134,38
73,134,39
73,134,40
73,134,41
73,134,42
73,134,43
73,134,44
73,134,45
73,134,46
73,134,47
73,134,48
73,134,49
73,134,50
73,134,51
73,134,52
73,134,53
73,134,54
73,134,55
73,134,56
73,134,57
73,134,58
73,134,59
73,134,60
73,134,61
73,134,62
73,134,63
73,134,64
73,134,65
73,135,29
73,135,30
73,135,31
73,135,32
73,135,33
73,135,34
73,135,35
73,135,36
73,135,37
73,135,38
73,135,39
73,135,40
73,135,41
73,135,42
73,135,43
73,135,44
73,135,45
73,135,46
73,135,47
73,135,48
73,135,49
73,135,50
73,135,51
73,135,52
73,135,53
73,135,54
73,135,55
73,135,56
73,135,57
73,135,58
73,135,59
73,135,60
73,135,61
73,135,62
73,136,31
73,136,32
73,136,33
73,136,34
73,136,35
73,136,36
73,136,37
73,136,38
73,136,39
73,136,40
73,136,41
73,136,42
73,136,43
73,136,44
73,136,45
73,136,46
73,136,47
73,136,48
73,136,49
73,136,50
73,136,51
73,136,52
73,136,53
73,136,54
73,136,55
73,136,56
73,136,57
73,136,58
73,136,59
73,136,60
73,136,61
73,136,62
73,136,63
73,136,64
73,137,30
73,137,31
73,137,32
73,137,33
73,137,34
73,137,35
73,137,36
73,137,37
73,137,38
73,137,39
73,137,40
73,137,41
73,137,42
73,137,43
73,137,44
73,137,45
73,137,46
73,137,47
73,137,48
73,137,49
73,137,50
73,137,51
73,137,52
73,137,53
73,137,54
73,137,55
73,137,56
73,137,57
73,137,58
73,137,59
73,137,60
73,137,61
73,137,62
73,137,63
73,137,64
73,137,65
73,138,31
73,138,32
73,138,33
73,138,34
73,138,35
73,138,36
73,138,37
73,138,38
73,138,39
73,138,40
73,138,41
73,138,42
73,138,43
73,138,44
73,138,45
73,138,46
73,138,47
73,138,48
73,138,49
73,138,50
73,138,51
73,138,52
73,138,53
73,138,54
73,138,55
73,138,56
73,138,57
73,138,58
73,138,59
73,138,60
73,138,61
73,138,62
73,138,63
73,138,64
73,138,65
73,138,66
73,139,30
73,139,31
73,139,32
73,139,33
73,139,34
73,139,35
73,139,36
73,139,37
73,139,38
73,139,39
73,139,40
73,139,41
73,139,42
73,139,43
73,139,44
73,139,45
73,139,46
73,139,47
73,139,48
73,139,49
73,139,50
73,139,51
73,139,52
73,139,53
73,139,54
73,139,55
73,139,56
73,139,57
73,139,58
73,139,59
73,139,60
73,139,61
73,139,62
73,139,63
73,139,64
73,139,65
73,140,32
73,140,33
73,140,34
73,140,35
73,140,36
73,140,37
73,140,38
73,140,39
73,140,40
73,140,41
73,140,42
73,140,43
73,140,44
73,140,45
73,140,46
73,140,47
73,140,48
73,140,49
73,140,50
73,140,51
73,140,52
73,140,53
73,140,54
73,140,55
73,140,56
73,140,57
73,140,58
73,140,59
73,140,60
73,140,61
73,140,62
73,140,63
73,140,64
73,141,32
73,141,33
73,141,34
73,141,35
73,141,36
73,141,37
73,141,38
73,141,39
73,141,40
73,141,41
73,141,42
73,141,43
73,141,44
73,141,45
73,141,46
73,141,47
73,141,48
73,141,49
73,141,50
73,141,51
73,141,52
73,141,53
73,141,54
73,141,55
73,141,56
73,141,57
73,141,58
73,141,59
73,141,60
73,141,61
73,141,62
73,141,63
73,141,64
73,141,65
73,142,35
73,142,36
73,142,37
73,142,38
73,142,39
73,142,40
73,142,41
73,142,42
73,142,43
73,142,44
73,142,45
73,142,46
73,142,47
73,142,48
73,142,49
73,142,50
73,142,51
73,142,52
73,142,53
73,142,54
73,142,55
73,142,56
73,142,57
73,142,58
73,142,59
73,142,60
73,142,61
73,142,62
73,142,63
73,142,64
73,142,65
73,142,66
73,143,37
73,143,38
73,143,39
73,143,40
73,143,41
73,143,42
73,143,43
73,143,44
73,143,45
73,143,46
73,143,47
73,143,48
73,143,49
73,143,50
73,143,51
73,143,52
73,143,53
73,143,54
73,143,55
73,143,56
73,143,57
73,143,58
73,143,59
73,143,60
73,143,61
73,143,62
73,143,63
73,144,38
73,144,39
73,144,40
73,144,41
73,144,42
73,144,43
73,144,44
73,144,45
73,144,46
73,144,47
73,144,48
73,144,49
73,144,50
73,144,51
73,144,52
73,144,53
73,144,54
73,144,55
73,144,56
73,144,57
73,144,58
73,144,59
73,144,60
73,144,61
73,144,62
73,144,63
73,145,38
73,145,39
73,145,40
73,145,41
73,145,42
73,145,43
73,145,44
73,145,45
73,145,46
73,145,47
73,145,48
73,145,49
73,145,50
73,145,51
73,145,52
73,145,53
73,145,54
73,145,55
73,145,56
73,145,57
73,145,58
73,145,59
73,145,60
73,145,61
73,145,62
73,145,63
74,120,34
74,120,35
74,120,36
74,120,37
74,120,38
74,120,39
74,120,40
74,120,41
74,120,42
74,121,34
74,121,35
74,121,36
74,121,37
74,121,38
74,121,39
74,121,40
74,121,41
74,121,42
74,122,29
74,122,30
74,122,31
74,122,32
74,122,33
74,122,34
74,122,35
74,122,36
74,122,37
74,122,38
74,122,39
74,122,40
74,122,41
74,122,42
74,122,43
74,123,27
74,123,28
74,123,29
74,123,30
74,123,31
74,123,32
74,123,33
74,123,34
74,123,35
74,123,36
74,123,37
74,123,38
74,123,39
74,123,40
74,123,41
74,123,42
74,123,43
74,124,27
74,124,28
74,124,29
74,124,30
74,124,31
74,124,32
74,124,33
74,124,34
74,124,35
74,124,36
74,124,37
74,124,38
74,124,39
74,124,40
74,124,41
74,124,42
74,124,43
74,124,44
74,125,28
74,125,29
74,125,30
74,125,31
74,125,32
74,125,33
74,125,34
74,125,35
74,125,36
74,125,37
74,125,38
74,125,39
74,125,40
74,125,41
74,125,42
74,125,43
74,125,44
74,125,45
74,126,28
74,126,29
74,126,30
74,126,31
74,126,32
74,126,33
74,126,34
74,126,35
74,126,36
74,126,37
74,126,38
74,126,39
74,126,40
74,126,41
74,126,42
74,126,43
74,126,44
74,126,45
74,126,46
74,127,28
74,127,29
74,127,30
74,127,31
74,127,32
74,127,33
74,127,34
74,127,35
74,127,36
74,127,37
74,127,38
74,127,39
74,127,40
74,127,41
74,127,42
74,127,43
74,127,44
74,127,45
74,127,46
74,127,47
74,128,28
74,128,29
74,128,30
74,128,31
74,128,32
74,128,33
74,128,34
74,128,35
74,128,36
74,128,37
74,128,38
74,128,39
74,128,40
74,128,41
74,128,42
74,128,43
74,128,44
74,128,45
74,128,46
74,129,29
74,129,30
74,129,31
74,129,32
74,129,33
74,129,34
74,129,35
74,129,36
74,129,37
74,129,38
74,129,39
74,129,40
74,129,41
74,129,42
74,129,43
74,129,44
74,129,45
74,129,46
74,129,58
74,129,59
74,129,60
74,129,61
74,129,62
74,129,63
74,129,64
74,129,65
74,129,66
74,129,67
74,129,68
74,129,69
74,129,70
74,129,71
74,130,30
74,130,31
74,130,32
74,130,33
74,130,34
74,130,35
74,130,36
74,130,37
74,130,38
74,130,39
74,130,40
74,130,41
74,130,42
74,130,43
74,130,44
74,130,45
74,130,46
74,130,47
74,130,48
74,130,49
74,130,50
74,130,51
74,130,52
74,130,53
74,130,54
74,130,55
74,130,56
74,130,57
74,130,58
74,130,59
74,130,60
74,130,61
74,130,62
74,130,63
74,130,64
74,130,65
74,130,66
74,130,67
74,130,68
74,131,32
74,131,33
74,131,34
74,131,35
74,131,36
74,131,37
74,131,38
74,131,39
74,131,40
74,131,41
74,131,42
74,131,43
74,131,44
74,131,45
74,131,46
74,131,47
74,131,48
74,131,49
74,131,50
74,131,51
74,131,52
74,131,53
74,131,54
74,131,55
74,131,56
74,131,57
74,131,58
74,131,59
74,131,60
74,131,61
74,131,62
74,131,63
74,131,64
74,131,65
74,131,66
74,131,67
74,131,68
74,132,31
74,132,32
74,132,33
74,132,34
74,132,35
74,132,36
74,132,37
74,132,38
74,132,39
74,132,40
74,132,41
74,132,42
74,132,43
74,132,44
74,132,45
74,132,46
74,132,47
74,132,48
74,132,49
74,132,50
74,132,51
74,132,52
74,132,53
74,132,54
74,132,55
74,132,56
74,132,57
74,132,58
74,132,59
74,132,60
74,132,61
74,132,62
74,132,63
74,132,64
74,132,65
74,132,66
74,132,67
74,132,68
74,132,69
74,132,70
74,133,30
74,133,31
74,133,32
74,133,33
74,133,34
74,133,35
74,133,36
74,133,37
74,133,38
74,133,39
74,133,40
74,133,41
74,133,42
74,133,43
74,133,44
74,133,45
74,133,46
74,133,47
74,133,48
74,133,49
74,133,50
74,133,51
74,133,52
74,133,53
74,133,54
74,133,55
74,133,56
74,133,57
74,133,58
74,133,59
74,133,60
74,133,61
74,133,62
74,133,63
74,133,64
74,134,30
74,134,31
74,134,32
74,134,33
74,134,34
74,134,35
74,134,36
74,134,37
74,134,38
74,134,39
74,134,40
74,134,41
74,134,42
74,134,43
74,134,44
74,134,45
74,134,46
74,134,47
74,134,48
74,134,49
74,134,50
74,134,51
74,134,52
74,134,53
74,134,54
74,134,55
74,134,56
74,134,57
74,134,58
74,134,59
74,134,60
74,134,61
74,134,62
74,134,63
74,134,64
74,134,65
74,134,66
74,135,28
74,135,29
74,135,30
74,135,31
74,135,32
74,135,33
74,135,34
74,135,35
74,135,36
74,135,37
74,135,38
74,135,39
74,135,40
74,135,41
74,135,42
74,135,43
74,135,44
74,135,45
74,135,46
74,135,47
74,135,48
74,135,49
74,135,50
74,135,51
74,135,52
74,135,53
74,135,54
74,135,55
74,135,56
74,135,57
74,135,58
74,135,59
74,135,60
74,135,61
74,135,62
74,135,63
74,136,30
74,136,31
74,136,32
74,136,33
74,136,34
74,136,35
74,136,36
74,136,37
74,136,38
74,136,39
74,136,40
74,136,41
74,136,42
74,136,43
74,136,44
74,136,45
74,136,46
74,136,47
74,136,48
74,136,49
74,136,50
74,136,51
74,136,52
74,136,53
74,136,54
74,136,55
74,136,56
74,136,57
74,136,58
74,136,59
74,136,60
74,136,61
74,136,62
74,136,63
74,136,64
74,136,65
74,137,29
74,137,30
74,137,31
74,137,32
74,137,33
74,137,34
74,137,35
74,137,36
74,137,37
74,137,38
74,137,39
74,137,40
74,137,41
74,137,42
74,137,43
74,137,44
74,137,45
74,137,46
74,137,47
74,137,48
74,137,49
74,137,50
74,137,51
74,137,52
74,137,53
74,137,54
74,137,55
74,137,56
74,137,57
74,137,58
74,137,59
74,137,60
74,137,61
74,137,62
74,137,63
74,137,64
74,137,65
74,137,66
74,137,67
74,138,30
74,138,31
74,138,32
74,138,33
74,138,34
74,138,35
74,138,36
74,138,37
74,138,38
74,138,39
74,138,40
74,138,41
74,138,42
74,138,43
74,138,44
74,138,45
74,138,46
74,138,47
74,138,48
74,138,49
74,138,50
74,138,51
74,138,52
74,138,53
74,138,54
74,138,55
74,138,56
74,138,57
74,138,58
74,138,59
74,138,60
74,138,61
74,138,62
74,138,63
74,138,64
74,138,65
74,138,66
74,138,67
74,139,29
74,139,30
74,139,31
74,139,32
74,139,33
74,139,34
74,139,35
74,139,36
74,139,37
74,139,38
74,139,39
74,139,40
74,139,41
74,139,42
74,139,43
74,139,44
74,139,45
74,139,46
74,139,47
74,139,48
74,139,49
74,139,50
74,139,51
74,139,52
74,139,53
74,139,54
74,139,55
74,139,56
74,139,57
74,139,58
74,139,59
74,139,60
74,139,61
74,139,62
74,139,63
74,139,64
74,139,65
74,139,66
74,140,31
74,140,32
74,140,33
74,140,34
74,140,35
74,140,36
74,140,37
74,140,38
74,140,39
74,140,40
74,140,41
74,140,42
74,140,43
74,140,44
74,140,45
74,140,46
74,140,47
74,140,48
74,140,49
74,140,50
74,140,51
74,140,52
74,140,53
74,140,54
74,140,55
74,140,56
74,140,57
74,140,58
74,140,59
74,140,60
74,140,61
74,140,62
74,140,63
74,140,64
74,140,65
74,141,32
74,141,33
74,141,34
74,141,35
74,141,36
74,141,37
74,141,38
74,141,39
74,141,40
74,141,41
74,141,42
74,141,43
74,141,44
74,141,45
74,141,46
74,141,47
74,141,48
74,141,49
74,141,50
74,141,51
74,141,52
74,141,53
74,141,54
74,141,55
74,141,56
74,141,57
74,141,58
74,141,59
74,141,60
74,141,61
74,141,62
74,141,63
74,141,64
74,141,65
74,141,66
74,142,34
74,142,35
74,142,36
74,142,37
74,142,38
74,142,39
74,142,40
74,142,41
74,142,42
74,142,43
74,142,44
74,142,45
74,142,46
74,142,47
74,142,48
74,142,49
74,142,50
74,142,51
74,142,52
74,142,53
74,142,54
74,142,55
74,142,56
74,142,57
74,142,58
74,142,59
74,142,60
74,142,61
74,142,62
74,142,63
74,142,64
74,142,65
74,142,66
74,142,67
74,143,36
74,143,37
74,143,38
74,143,39
74,143,40
74,143,41
74,143,42
74,143,43
74,143,44
74,143,45
74,143,46
74,143,47
74,143,48
74,143,49
74,143,50
74,143,51
74,143,52
74,143,53
74,143,54
74,143,55
74,143,56
74,143,57
74,143,58
74,143,59
74,143,60
74,143,61
74,143,62
74,143,63
74,143,64
74,144,37
74,144,38
74,144,39
74,144,40
74,144,41
74,144,42
74,144,43
74,144,44
74,144,45
74,144,46
74,144,47
74,144,48
74,144,49
74,144,50
74,144,51
74,144,52
74,144,53
74,144,54
74,144,55
74,144,56
74,144,57
74,144,58
74,144,59
74,144,60
74,144,61
74,144,62
74,144,63
74,144,64
74,145,37
74,145,38
74,145,39
74,145,40
74,145,41
74,145,42
74,145,43
74,145,44
74,145,45
74,145,46
74,145,47
74,145,48
74,145,49
74,145,50
74,145,51
74,145,52
74,145,53
74,145,54
74,145,55
74,145,56
74,145,57
74,145,58
74,145,59
74,145,60
74,145,61
74,145,62
74,145,63
74,145,64
75,120,33
75,120,34
75,120,35
75,120,36
75,120,37
75,120,38
75,120,39
75,120,40
75,120,41
75,120,42
75,121,33
75,121,34
75,121,35
75,121,36
75,121,37
75,121,38
75,121,39
75,121,40
75,121,41
75,121,42
75,121,43
75,122,28
75,122,29
75,122,30
75,122,31
75,122,32
75,122,33
75,122,34
75,122,35
75,122,36
75,122,37
75,122,38
75,122,39
75,122,40
75,122,41
75,122,42
75,122,43
75,123,28
75,123,29
75,123,30
75,123,31
75,123,32
75,123,33
75,123,34
75,123,35
75,123,36
75,123,37
75,123,38
75,123,39
75,123,40
75,123,41
75,123,42
75,123,43
75,124,26
75,124,27
75,124,28
75,124,29
75,124,30
75,124,31
75,124,32
75,124,33
75,124,34
75,124,35
75,124,36
75,124,37
75,124,38
75,124,39
75,124,40
75,124,41
75,124,42
75,124,43
75,125,27
75,125,28
75,125,29
75,125,30
75,125,31
75,125,32
75,125,33
75,125,34
75,125,35
75,125,36
75,125,37
75,125,38
75,125,39
75,125,40
75,125,41
75,125,42
75,125,43
75,125,44
75,126,27
75,126,28
75,126,29
75,126,30
75,126,31
75,126,32
75,126,33
75,126,34
75,126,35
75,126,36
75,126,37
75,126,38
75,126,39
75,126,40
75,126,41
75,126,42
75,126,43
75,126,44
75,127,28
75,127,29
75,127,30
75,127,31
75,127,32
75,127,33
75,127,34
75,127,35
75,127,36
75,127,37
75,127,38
75,127,39
75,127,40
75,127,41
75,127,42
75,127,43
75,127,44
75,127,45
75,127,70
75,127,71
75,127,72
75,128,27
75,128,28
75,128,29
75,128,30
75,128,31
75,128,32
75,128,33
75,128,34
75,128,35
75,128,36
75,128,37
75,128,38
75,128,39
75,128,40
75,128,41
75,128,42
75,128,43
75,128,44
75,128,45
75,128,46
75,129,29
75,129,30
75,129,31
75,129,32
75,129,33
75,129,34
75,129,35
75,129,36
75,129,37
75,129,38
75,129,39
75,129,40
75,129,41
75,129,42
75,129,43
75,129,44
75,129,45
75,129,46
75,129,47
75,129,58
75,129,59
75,129,60
75,129,61
75,129,62
75,129,63
75,129,64
75,129,65
75,129,66
75,129,67
75,129,68
75,129,69
75,129,70
75,129,71
75,129,72
75,130,30
75,130,31
75,130,32
75,130,33
75,130,34
75,130,35
75,130,36
75,130,37
75,130,38
75,130,39
75,130,40
75,130,41
75,130,42
75,130,43
75,130,44
75,130,45
75,130,46
75,130,47
75,130,48
75,130,49
75,130,50
75,130,51
75,130,52
75,130,53
75,130,54
75,130,55
75,130,56
75,130,57
75,130,58
75,130,59
75,130,60
75,130,61
75,130,62
75,130,63
75,130,64
75,130,65
75,130,66
75,130,67
75,130,68
75,130,69
75,131,31
75,131,32
75,131,33
75,131,34
75,131,35
75,131,36
75,131,37
75,131,38
75,131,39
75,131,40
75,131,41
75,131,42
75,131,43
75,131,44
75,131,45
75,131,46
75,131,47
75,131,48
75,131,49
75,131,50
75,131,51
75,131,52
75,131,53
75,131,54
75,131,55
75,131,56
75,131,57
75,131,58
75,131,59
75,131,60
75,131,61
75,131,62
75,131,63
75,131,64
75,131,65
75,131,66
75,131,67
75,131,68
75,131,69
75,132,30
75,132,31
75,132,32
75,132,33
75,132,34
75,132,35
75,132,36
75,132,37
75,132,38
75,132,39
75,132,40
75,132,41
75,132,42
75,132,43
75,132,44
75,132,45
75,132,46
75,132,47
75,132,48
75,132,49
75,132,50
75,132,51
75,132,52
75,132,53
75,132,54
75,132,55
75,132,56
75,132,57
75,132,58
75,132,59
75,132,60
75,132,61
75,132,62
75,132,63
75,132,64
75,132,65
75,132,66
75,132,67
75,132,68
75,132,69
75,132,70
75,132,71
75,132,72
75,133,29
75,133,30
75,133,31
75,133,32
75,133,33
75,133,34
75,133,35
75,133,36
75,133,37
75,133,38
75,133,39
75,133,40
75,133,41
75,133,42
75,133,43
75,133,44
75,133,45
75,133,46
75,133,47
75,133,48
75,133,49
75,133,50
75,133,51
75,133,52
75,133,53
75,133,54
75,133,55
75,133,56
75,133,57
75,133,58
75,133,59
75,133,60
75,133,61
75,133,62
75,133,63
75,133,64
75,133,65
75,134,30
75,134,31
75,134,32
75,134,33
75,134,34
75,134,35
75,134,36
75,134,37
75,134,38
75,134,39
75,134,40
75,134,41
75,134,42
75,134,43
75,134,44
75,134,45
75,134,46
75,134,47
75,134,48
75,134,49
75,134,50
75,134,51
75,134,52
75,134,53
75,134,54
75,134,55
75,134,56
75,134,57
75,134,59
75,134,60
75,134,61
75,134,62
75,134,63
75,134,64
75,134,65
75,134,66
75,134,67
75,134,68
75,135,28
75,135,29
75,135,30
75,135,31
75,135,32
75,135,33
75,135,34
75,135,35
75,135,36
75,135,37
75,135,38
75,135,39
75,135,40
75,135,41
75,135,42
75,135,43
75,135,44
75,135,45
75,135,46
75,135,47
75,135,48
75,135,49
75,135,50
75,135,51
75,135,52
75,135,53
75,135,54
75,135,55
75,135,56
75,135,60
75,135,61
75,135,62
75,135,63
75,135,64
75,135,65
75,136,30
75,136,31
75,136,32
75,136,33
75,136,34
75,136,35
75,136,36
75,136,37
75,136,38
75,136,39
75,136,40
75,136,41
75,136,42
75,136,43
75,136,44
75,136,45
75,136,46
75,136,47
75,136,48
75,136,49
75,136,50
75,136,51
75,136,52
75,136,53
75,136,54
75,136,55
75,136,56
75,136,61
75,136,62
75,136,63
75,136,64
75,136,65
75,136,66
75,137,29
75,137,30
75,137,31
75,137,32
75,137,33
75,137,34
75,137,35
75,137,36
75,137,37
75,137,38
75,137,39
75,137,40
75,137,41
75,137,42
75,137,43
75,137,44
75,137,45
75,137,46
75,137,47
75,137,48
75,137,49
75,137,50
75,137,51
75,137,52
75,137,53
75,137,54
75,137,55
75,137,56
75,137,61
75,137,62
75,137,63
75,137,64
75,137,65
75,137,66
75,137,67
75,137,68
75,137,69
75,138,30
75,138,31
75,138,32
75,138,33
75,138,34
75,138,35
75,138,36
75,138,37
75,138,38
75,138,39
75,138,40
75,138,41
75,138,42
75,138,43
75,138,44
75,138,45
75,138,46
75,138,47
75,138,48
75,138,49
75,138,50
75,138,51
75,138,52
75,138,53
75,138,54
75,138,55
75,138,56
75,138,57
75,138,61
75,138,62
75,138,63
75,138,64
75,138,65
75,138,66
75,138,67
75,138,68
75,138,69
75,138,70
75,139,29
75,139,30
75,139,31
75,139,32
75,139,33
75,139,34
75,139,35
75,139,36
75,139,37
75,139,38
75,139,39
75,139,40
75,139,41
75,139,42
75,139,43
75,139,44
75,139,45
75,139,46
75,139,47
75,139,48
75,139,49
75,139,50
75,139,51
75,139,52
75,139,53
75,139,54
75,139,55
75,139,56
75,139,57
75,139,58
75,139,59
75,139,60
75,139,61
75,139,62
75,139,63
75,139,64
75,139,65
75,139,66
75,139,67
75,140,31
75,140,32
75,140,33
75,140,34
75,140,35
75,140,36
75,140,37
75,140,38
75,140,39
75,140,40
75,140,41
75,140,42
75,140,43
75,140,44
75,140,45
75,140,46
75,140,47
75,140,48
75,140,49
75,140,50
75,140,51
75,140,52
75,140,53
75,140,54
75,140,55
75,140,56
75,140,57
75,140,58
75,140,59
75,140,60
75,140,61
75,140,62
75,140,63
75,140,64
75,140,65
75,140,66
75,141,32
75,141,33
75,141,34
75,141,35
75,141,36
75,141,37
75,141,38
75,141,39
75,141,40
75,141,41
75,141,42
75,141,43
75,141,44
75,141,45
75,141,46
75,141,47
75,141,48
75,141,49
75,141,50
75,141,51
75,141,52
75,141,53
75,141,54
75,141,55
75,141,56
75,141,57
75,141,58
75,141,59
75,141,60
75,141,61
75,141,62
75,141,63
75,141,64
75,141,65
75,141,66
75,141,67
75,142,34
75,142,35
75,142,36
75,142,37
75,142,38
75,142,39
75,142,40
75,142,41
75,142,42
75,142,43
75,142,44
75,142,45
75,142,46
75,142,47
75,142,48
75,142,49
75,142,50
75,142,51
75,142,52
75,142,53
75,142,54
75,142,55
75,142,56
75,142,57
75,142,58
75,142,59
75,142,60
75,142,61
75,142,62
75,142,63
75,142,64
75,142,65
75,142,66
75,142,67
75,142,68
75,143,35
75,143,36
75,143,37
75,143,38
75,143,39
75,143,40
75,143,41
75,143,42
75,143,43
75,143,44
75,143,45
75,143,46
75,143,47
75,143,48
75,143,49
75,143,50
75,143,51
75,143,52
75,143,53
75,143,54
75,143,55
75,143,56
75,143,57
75,143,58
75,143,59
75,143,60
75,143,61
75,143,62
75,143,63
75,143,64
75,143,65
75,144,37
75,144,38
75,144,39
75,144,40
75,144,41
75,144,42
75,144,43
75,144,44
75,144,45
75,144,46
75,144,47
75,144,48
75,144,49
75,144,50
75,144,51
75,144,52
75,144,53
75,144,54
75,144,55
75,144,56
75,144,57
75,144,58
75,144,59
75,144,60
75,144,61
75,144,62
75,144,63
75,144,64
75,144,65
75,145,37
75,145,38
75,145,39
75,145,40
75,145,41
75,145,42
75,145,43
75,145,44
75,145,45
75,145,46
75,145,47
75,145,48
75,145,49
75,145,50
75,145,51
75,145,52
75,145,53
75,145,54
75,145,55
75,145,56
75,145,57
75,145,58
75,145,59
75,145,60
75,145,61
75,145,62
75,145,63
75,145,64
75,145,65
77,120,33
77,120,34
77,120,35
77,120,36
77,120,37
77,120,38
77,120,39
77,120,40
77,120,41
77,121,33
77,121,34
77,121,35
77,121,36
77,121,37
77,121,38
77,121,39
77,121,40
77,121,41
77,122,28
77,122,29
77,122,30
77,122,31
77,122,32
77,122,33
77,122,34
77,122,35
77,122,36
77,122,37
77,122,38
77,122,39
77,122,40
77,122,41
77,122,42
77,123,27
77,123,28
77,123,29
77,123,30
77,123,31
77,123,32
77,123,33
77,123,34
77,123,35
77,123,36
77,123,37
77,123,38
77,123,39
77,123,40
77,123,41
77,123,42
77,124,26
77,124,27
77,124,28
77,124,29
77,124,30
77,124,31
77,124,32
77,124,33
77,124,34
77,124,35
77,124,36
77,124,37
77,124,38
77,124,39
77,124,40
77,124,41
77,124,42
77,124,43
77,125,27
77,125,28
77,125,29
77,125,30
77,125,31
77,125,32
77,125,33
77,125,34
77,125,35
77,125,36
77,125,37
77,125,38
77,125,39
77,125,40
77,125,41
77,125,42
77,125,43
77,125,44
77,126,27
77,126,28
77,126,29
77,126,30
77,126,31
77,126,32
77,126,33
77,126,34
77,126,35
77,126,36
77,126,37
77,126,38
77,126,39
77,126,40
77,126,41
77,126,42
77,126,43
77,126,44
77,126,45
77,127,29
77,127,30
77,127,31
77,127,32
77,127,33
77,127,34
77,127,35
77,127,36
77,127,37
77,127,38
77,127,39
77,127,40
77,127,41
77,127,42
77,127,43
77,127,44
77,127,45
77,127,46
77,128,27
77,128,28
77,128,29
77,128,30
77,128,31
77,128,32
77,128,33
77,128,34
77,128,35
77,128,36
77,128,37
77,128,38
77,128,39
77,128,40
77,128,41
77,128,42
77,128,43
77,128,44
77,128,45
77,128,46
77,128,47
77,129,29
77,129,30
77,129,31
77,129,32
77,129,33
77,129,34
77,129,35
77,129,36
77,129,37
77,129,38
77,129,39
77,129,40
77,129,41
77,129,42
77,129,43
77,129,44
77,129,45
77,129,46
77,129,58
77,129,59
77,129,60
77,129,61
77,129,62
77,129,63
77,129,64
77,129,65
77,129,66
77,129,67
77,129,68
77,129,69
77,129,70
77,129,71
77,130,30
77,130,31
77,130,32
77,130,33
77,130,34
77,130,35
77,130,36
77,130,37
77,130,38
77,130,39
77,130,40
77,130,41
77,130,42
77,130,43
77,130,44
77,130,45
77,130,46
77,130,47
77,130,48
77,130,49
77,130,50
77,130,51
77,130,52
77,130,53
77,130,54
77,130,55
77,130,56
77,130,57
77,130,58
77,130,59
77,130,60
77,130,61
77,130,62
77,130,63
77,130,64
77,130,65
77,130,66
77,130,67
77,130,68
77,130,69
77,130,70
77,131,31
77,131,32
77,131,33
77,131,34
77,131,35
77,131,36
77,131,37
77,131,38
77,131,39
77,131,40
77,131,41
77,131,42
77,131,43
77,131,44
77,131,45
77,131,46
77,131,47
77,131,48
77,131,49
77,131,50
77,131,51
77,131,52
77,131,53
77,131,54
77,131,55
77,131,56
77,131,57
77,131,58
77,131,59
77,131,60
77,131,61
77,131,62
77,131,63
77,131,64
77,131,65
77,131,66
77,131,67
77,131,68
77,131,69
77,132,30
77,132,31
77,132,32
77,132,33
77,132,34
77,132,35
77,132,36
77,132,37
77,132,38
77,132,39
77,132,40
77,132,41
77,132,42
77,132,43
77,132,44
77,132,45
77,132,46
77,132,47
77,132,48
77,132,49
77,132,50
77,132,51
77,132,52
77,132,53
77,132,54
77,132,55
77,132,56
77,132,57
77,132,58
77,132,59
77,132,60
77,132,61
77,132,62
77,132,63
77,132,64
77,132,65
77,132,66
77,132,67
77,132,68
77,132,69
77,132,70
77,133,29
77,133,30
77,133,31
77,133,32
77,133,33
77,133,34
77,133,35
77,133,36
77,133,37
77,133,38
77,133,39
77,133,40
77,133,41
77,133,42
77,133,43
77,133,44
77,133,45
77,133,46
77,133,47
77,133,48
77,133,49
77,133,50
77,133,51
77,133,52
77,133,53
77,133,54
77,133,55
77,133,56
77,133,57
77,133,58
77,133,59
77,133,60
77,133,61
77,133,62
77,133,63
77,133,64
77,133,65
77,133,66
77,134,30
77,134,31
77,134,32
77,134,33
77,134,34
77,134,35
77,134,36
77,134,37
77,134,38
77,134,39
77,134,40
77,134,41
77,134,42
77,134,43
77,134,44
77,134,45
77,134,46
77,134,47
77,134,48
77,134,49
77,134,50
77,134,51
77,134,52
77,134,53
77,134,54
77,134,55
77,134,56
77,134,57
77,134,58
77,134,59
77,134,60
77,134,61
77,134,62
77,134,63
77,134,64
77,134,65
77,134,66
77,134,67
77,135,28
77,135,29
77,135,30
77,135,31
77,135,32
77,135,33
77,135,34
77,135,35
77,135,36
77,135,37
77,135,38
77,135,39
77,135,40
77,135,41
77,135,42
77,135,43
77,135,44
77,135,45
77,135,46
77,135,47
77,135,48
77,135,49
77,135,50
77,135,51
77,135,52
77,135,53
77,135,54
77,135,55
77,135,59
77,135,60
77,135,61
77,135,62
77,135,63
77,135,64
77,135,65
77,135,66
77,136,30
77,136,31
77,136,32
77,136,33
77,136,34
77,136,35
77,136,36
77,136,37
77,136,38
77,136,39
77,136,40
77,136,41
77,136,42
77,136,43
77,136,44
77,136,45
77,136,46
77,136,47
77,136,48
77,136,49
77,136,50
77,136,51
77,136,52
77,136,53
77,136,54
77,136,55
77,136,59
77,136,61
77,136,62
77,136,63
77,136,64
77,137,29
77,137,30
77,137,31
77,137,32
77,137,33
77,137,34
77,137,35
77,137,36
77,137,37
77,137,38
77,137,39
77,137,40
77,137,41
77,137,42
77,137,43
77,137,44
77,137,45
77,137,46
77,137,47
77,137,48
77,137,49
77,137,50
77,137,51
77,137,52
77,137,53
77,137,54
77,137,55
77,137,56
77,137,57
77,137,61
77,137,62
77,137,63
77,137,64
77,137,65
77,137,66
77,137,67
77,138,31
77,138,32
77,138,33
77,138,34
77,138,35
77,138,36
77,138,37
77,138,38
77,138,39
77,138,40
77,138,41
77,138,42
77,138,43
77,138,44
77,138,45
77,138,46
77,138,47
77,138,48
77,138,49
77,138,50
77,138,51
77,138,52
77,138,53
77,138,54
77,138,55
77,138,56
77,138,57
77,138,58
77,138,59
77,138,60
77,138,61
77,138,62
77,138,63
77,138,64
77,138,65
77,138,66
77,138,67
77,138,68
77,138,69
77,138,70
77,138,71
77,139,29
77,139,30
77,139,31
77,139,32
77,139,33
77,139,34
77,139,35
77,139,36
77,139,37
77,139,38
77,139,39
77,139,40
77,139,41
77,139,42
77,139,43
77,139,44
77,139,45
77,139,46
77,139,47
77,139,48
77,139,49
77,139,50
77,139,51
77,139,52
77,139,53
77,139,54
77,139,55
77,139,56
77,139,57
77,139,58
77,139,59
77,139,60
77,139,61
77,139,62
77,139,63
77,139,64
77,139,65
77,139,66
77,139,67
77,139,68
77,139,69
77,140,31
77,140,32
77,140,33
77,140,34
77,140,35
77,140,36
77,140,37
77,140,38
77,140,39
77,140,40
77,140,41
77,140,42
77,140,43
77,140,44
77,140,45
77,140,46
77,140,47
77,140,48
77,140,49
77,140,50
77,140,51
77,140,52
77,140,53
77,140,54
77,140,55
77,140,56
77,140,57
77,140,58
77,140,59
77,140,60
77,140,61
77,140,62
77,140,63
77,140,64
77,140,65
77,140,66
77,140,67
77,141,33
77,141,34
77,141,35
77,141,36
77,141,37
77,141,38
77,141,39
77,141,40
77,141,41
77,141,42
77,141,43
77,141,44
77,141,45
77,141,46
77,141,47
77,141,48
77,141,49
77,141,50
77,141,51
77,141,52
77,141,53
77,141,54
77,141,55
77,141,56
77,141,57
77,141,58
77,141,59
77,141,60
77,141,61
77,141,62
77,141,63
77,141,64
77,141,65
77,141,66
77,142,35
77,142,36
77,142,37
77,142,38
77,142,39
77,142,40
77,142,41
77,142,42
77,142,43
77,142,44
77,142,45
77,142,46
77,142,47
77,142,48
77,142,49
77,142,50
77,142,51
77,142,52
77,142,53
77,142,54
77,142,55
77,142,56
77,142,57
77,142,58
77,142,59
77,142,60
77,142,61
77,142,62
77,142,63
77,142,64
77,142,65
77,142,66
77,142,67
77,143,35
77,143,36
77,143,37
77,143,38
77,143,39
77,143,40
77,143,41
77,143,42
77,143,43
77,143,44
77,143,45
77,143,46
77,143,47
77,143,48
77,143,49
77,143,50
77,143,51
77,143,52
77,143,53
77,143,54
77,143,55
77,143,56
77,143,57
77,143,58
77,143,59
77,143,60
77,143,61
77,143,62
77,143,63
77,143,64
77,143,65
77,143,66
77,143,67
77,143,68
77,143,69
77,144,37
77,144,38
77,144,39
77,144,40
77,144,41
77,144,42
77,144,43
77,144,44
77,144,45
77,144,46
77,144,47
77,144,48
77,144,49
77,144,50
77,144,51
77,144,52
77,144,53
77,144,54
77,144,55
77,144,56
77,144,57
77,144,58
77,144,59
77,144,60
77,144,61
77,144,62
77,144,63
77,144,64
77,144,65
77,144,66
77,144,67
77,144,68
77,145,37
77,145,39
77,145,40
77,145,41
77,145,42
77,145,43
77,145,44
77,145,45
77,145,46
77,145,47
77,145,48
77,145,49
77,145,50
77,145,51
77,145,52
77,145,53
77,145,54
77,145,55
77,145,56
77,145,57
77,145,58
77,145,59
77,145,60
77,145,61
77,145,62
77,145,63
77,145,64
77,145,65
77,145,66
78,120,34
78,120,35
78,120,36
78,120,37
78,120,38
78,120,39
78,120,40
78,120,41
78,121,34
78,121,35
78,121,36
78,121,37
78,121,38
78,121,39
78,121,40
78,121,41
78,122,29
78,122,30
78,122,31
78,122,32
78,122,33
78,122,34
78,122,35
78,122,36
78,122,37
78,122,38
78,122,39
78,122,40
78,122,41
78,123,27
78,123,28
78,123,29
78,123,30
78,123,31
78,123,32
78,123,33
78,123,34
78,123,35
78,123,36
78,123,37
78,123,38
78,123,39
78,123,40
78,123,41
78,124,27
78,124,28
78,124,29
78,124,30
78,124,31
78,124,32
78,124,33
78,124,34
78,124,35
78,124,36
78,124,37
78,124,38
78,124,39
78,124,40
78,124,41
78,125,28
78,125,29
78,125,30
78,125,31
78,125,32
78,125,33
78,125,34
78,125,35
78,125,36
78,125,37
78,125,38
78,125,39
78,125,40
78,125,41
78,125,42
78,126,28
78,126,29
78,126,30
78,126,31
78,126,32
78,126,33
78,126,34
78,126,35
78,126,36
78,126,37
78,126,38
78,126,39
78,126,40
78,126,41
78,126,42
78,126,43
78,127,29
78,127,30
78,127,31
78,127,32
78,127,33
78,127,34
78,127,35
78,127,36
78,127,37
78,127,38
78,127,39
78,127,40
78,127,41
78,127,42
78,127,43
78,127,44
78,128,27
78,128,28
78,128,29
78,128,30
78,128,31
78,128,32
78,128,33
78,128,34
78,128,35
78,128,36
78,128,37
78,128,38
78,128,39
78,128,40
78,128,41
78,128,42
78,128,43
78,128,44
78,128,45
78,129,29
78,129,30
78,129,31
78,129,32
78,129,33
78,129,34
78,129,35
78,129,36
78,129,37
78,129,38
78,129,39
78,129,40
78,129,41
78,129,42
78,129,43
78,129,44
78,129,45
78,129,58
78,129,59
78,129,60
78,129,61
78,129,62
78,129,63
78,129,64
78,129,65
78,129,66
78,129,67
78,129,68
78,129,69
78,129,70
78,130,31
78,130,32
78,130,33
78,130,34
78,130,35
78,130,36
78,130,37
78,130,38
78,130,39
78,130,40
78,130,41
78,130,42
78,130,43
78,130,44
78,130,45
78,130,46
78,130,47
78,130,48
78,130,49
78,130,50
78,130,51
78,130,52
78,130,53
78,130,54
78,130,55
78,130,56
78,130,57
78,130,58
78,130,59
78,130,60
78,130,61
78,130,62
78,130,63
78,130,64
78,130,65
78,130,66
78,130,67
78,130,68
78,130,69
78,131,31
78,131,32
78,131,33
78,131,34
78,131,35
78,131,36
78,131,37
78,131,38
78,131,39
78,131,40
78,131,41
78,131,42
78,131,43
78,131,44
78,131,45
78,131,46
78,131,47
78,131,48
78,131,49
78,131,50
78,131,51
78,131,52
78,131,53
78,131,54
78,131,55
78,131,56
78,131,57
78,131,58
78,131,59
78,131,60
78,131,61
78,131,62
78,131,63
78,131,64
78,131,65
78,131,66
78,131,67
78,131,68
78,132,30
78,132,31
78,132,32
78,132,33
78,132,34
78,132,35
78,132,36
78,132,37
78,132,38
78,132,39
78,132,40
78,132,41
78,132,42
78,132,43
78,132,44
78,132,45
78,132,46
78,132,47
78,132,48
78,132,49
78,132,50
78,132,51
78,132,52
78,132,53
78,132,54
78,132,55
78,132,56
78,132,57
78,132,58
78,132,59
78,132,60
78,132,61
78,132,62
78,132,63
78,132,64
78,132,65
78,132,66
78,132,67
78,132,68
78,132,69
78,133,30
78,133,31
78,133,32
78,133,33
78,133,34
78,133,35
78,133,36
78,133,37
78,133,38
78,133,39
78,133,40
78,133,41
78,133,42
78,133,43
78,133,44
78,133,45
78,133,46
78,133,47
78,133,48
78,133,49
78,133,50
78,133,51
78,133,52
78,133,53
78,133,54
78,133,55
78,133,56
78,133,57
78,133,58
78,133,59
78,133,60
78,133,61
78,133,62
78,133,63
78,133,64
78,133,65
78,133,66
78,134,31
78,134,32
78,134,33
78,134,34
78,134,35
78,134,36
78,134,37
78,134,38
78,134,39
78,134,40
78,134,41
78,134,42
78,134,43
78,134,44
78,134,45
78,134,46
78,134,47
78,134,48
78,134,49
78,134,50
78,134,51
78,134,52
78,134,53
78,134,54
78,134,55
78,134,56
78,134,57
78,134,58
78,134,59
78,134,60
78,134,61
78,134,62
78,134,63
78,134,64
78,134,65
78,134,66
78,135,29
78,135,30
78,135,31
78,135,32
78,135,33
78,135,34
78,135,35
78,135,36
78,135,37
78,135,38
78,135,39
78,135,40
78,135,41
78,135,42
78,135,43
78,135,44
78,135,45
78,135,46
78,135,47
78,135,48
78,135,49
78,135,50
78,135,51
78,135,52
78,135,53
78,135,54
78,135,55
78,135,56
78,135,57
78,135,58
78,135,59
78,135,60
78,135,61
78,135,62
78,135,63
78,135,64
78,135,65
78,136,30
78,136,31
78,136,32
78,136,33
78,136,34
78,136,35
78,136,36
78,136,37
78,136,38
78,136,39
78,136,40
78,136,41
78,136,42
78,136,43
78,136,44
78,136,45
78,136,46
78,136,47
78,136,48
78,136,49
78,136,50
78,136,51
78,136,52
78,136,53
78,136,54
78,136,55
78,136,56
78,136,57
78,136,58
78,136,59
78,136,60
78,136,61
78,136,62
78,136,63
78,137,28
78,137,29
78,137,30
78,137,31
78,137,32
78,137,33
78,137,34
78,137,35
78,137,36
78,137,37
78,137,38
78,137,39
78,137,40
78,137,41
78,137,42
78,137,43
78,137,44
78,137,45
78,137,46
78,137,47
78,137,48
78,137,49
78,137,50
78,137,51
78,137,52
78,137,53
78,137,54
78,137,55
78,137,56
78,137,57
78,137,58
78,137,59
78,137,60
78,137,61
78,137,62
78,137,63
78,137,64
78,137,65
78,137,66
78,138,31
78,138,32
78,138,33
78,138,34
78,138,35
78,138,36
78,138,37
78,138,38
78,138,39
78,138,40
78,138,41
78,138,42
78,138,43
78,138,44
78,138,45
78,138,46
78,138,47
78,138,48
78,138,49
78,138,50
78,138,51
78,138,52
78,138,53
78,138,54
78,138,55
78,138,56
78,138,57
78,138,58
78,138,59
78,138,60
78,138,61
78,138,62
78,138,63
78,138,64
78,138,65
78,138,66
78,138,67
78,139,30
78,139,31
78,139,32
78,139,33
78,139,34
78,139,35
78,139,36
78,139,37
78,139,38
78,139,39
78,139,40
78,139,41
78,139,42
78,139,43
78,139,44
78,139,45
78,139,46
78,139,47
78,139,48
78,139,49
78,139,50
78,139,51
78,139,52
78,139,53
78,139,54
78,139,55
78,139,56
78,139,57
78,139,58
78,139,59
78,139,60
78,139,61
78,139,62
78,139,63
78,139,64
78,139,65
78,140,32
78,140,33
78,140,34
78,140,35
78,140,36
78,140,37
78,140,38
78,140,39
78,140,40
78,140,41
78,140,42
78,140,43
78,140,44
78,140,45
78,140,46
78,140,47
78,140,48
78,140,49
78,140,50
78,140,51
78,140,52
78,140,53
78,140,54
78,140,55
78,140,56
78,140,57
78,140,58
78,140,59
78,140,60
78,140,61
78,140,62
78,140,63
78,140,64
78,140,65
78,141,33
78,141,34
78,141,35
78,141,36
78,141,37
78,141,38
78,141,39
78,141,40
78,141,41
78,141,42
78,141,43
78,141,44
78,141,45
78,141,46
78,141,47
78,141,48
78,141,49
78,141,50
78,141,51
78,141,52
78,141,53
78,141,54
78,141,55
78,141,56
78,141,57
78,141,58
78,141,59
78,141,60
78,141,61
78,141,62
78,141,63
78,141,64
78,141,65
78,142,35
78,142,36
78,142,37
78,142,38
78,142,39
78,142,40
78,142,41
78,142,42
78,142,43
78,142,44
78,142,45
78,142,46
78,142,47
78,142,48
78,142,49
78,142,50
78,142,51
78,142,52
78,142,53
78,142,54
78,142,55
78,142,56
78,142,57
78,142,58
78,142,59
78,142,60
78,142,61
78,142,62
78,142,63
78,142,64
78,142,65
78,143,34
78,143,35
78,143,36
78,143,37
78,143,38
78,143,39
78,143,40
78,143,41
78,143,42
78,143,43
78,143,44
78,143,45
78,143,46
78,143,47
78,143,48
78,143,49
78,143,50
78,143,51
78,143,52
78,143,53
78,143,54
78,143,55
78,143,56
78,143,57
78,143,58
78,143,59
78,143,60
78,143,61
78,143,62
78,143,63
78,143,64
78,143,65
78,144,37
78,144,38
78,144,39
78,144,40
78,144,41
78,144,42
78,144,43
78,144,44
78,144,45
78,144,46
78,144,47
78,144,48
78,144,49
78,144,50
78,144,51
78,144,52
78,144,53
78,144,54
78,144,55
78,144,56
78,144,57
78,144,58
78,144,59
78,144,60
78,144,61
78,144,62
78,144,63
78,144,64
78,144,65
78,144,66
78,144,67
78,145,37
78,145,40
78,145,41
78,145,42
78,145,43
78,145,44
78,145,45
78,145,46
78,145,47
78,145,48
78,145,49
78,145,50
78,145,51
78,145,52
78,145,53
78,145,54
78,145,55
78,145,56
78,145,57
78,145,58
78,145,59
78,145,60
78,145,61
78,145,62
78,145,63
78,145,64
78,145,65
79,120,34
79,120,35
79,120,36
79,120,37
79,120,38
79,120,39
79,120,40
79,120,41
79,121,34
79,121,35
79,121,36
79,121,37
79,121,38
79,121,39
79,121,40
79,122,29
79,122,30
79,122,31
79,122,32
79,122,33
79,122,34
79,122,35
79,122,36
79,122,37
79,122,38
79,122,39
79,122,40
79,123,27
79,123,28
79,123,29
79,123,30
79,123,31
79,123,32
79,123,33
79,123,34
79,123,35
79,123,36
79,123,37
79,123,38
79,123,39
79,123,40
79,124,27
79,124,28
79,124,29
79,124,30
79,124,31
79,124,32
79,124,33
79,124,34
79,124,35
79,124,36
79,124,37
79,124,38
79,124,39
79,124,40
79,125,28
79,125,29
79,125,30
79,125,31
79,125,32
79,125,33
79,125,34
79,125,35
79,125,36
79,125,37
79,125,38
79,125,39
79,125,40
79,125,41
79,126,28
79,126,29
79,126,30
79,126,31
79,126,32
79,126,33
79,126,34
79,126,35
79,126,36
79,126,37
79,126,38
79,126,39
79,126,40
79,126,41
79,127,30
79,127,31
79,127,32
79,127,33
79,127,34
79,127,35
79,127,36
79,127,37
79,127,38
79,127,39
79,127,40
79,127,41
79,127,42
79,128,28
79,128,29
79,128,30
79,128,31
79,128,32
79,128,33
79,128,34
79,128,35
79,128,36
79,128,37
79,128,38
79,128,39
79,128,40
79,128,41
79,128,42
79,128,43
79,129,29
79,129,30
79,129,31
79,129,32
79,129,33
79,129,34
79,129,35
79,129,36
79,129,37
79,129,38
79,129,39
79,129,40
79,129,41
79,129,42
79,129,43
79,129,44
79,129,57
79,129,58
79,129,59
79,129,60
79,129,61
79,129,62
79,129,63
79,129,64
79,129,65
79,129,66
79,129,67
79,129,68
79,129,69
79,129,70
79,130,31
79,130,32
79,130,33
79,130,34
79,130,35
79,130,36
79,130,37
79,130,38
79,130,39
79,130,40
79,130,41
79,130,42
79,130,43
79,130,44
79,130,45
79,130,46
79,130,47
79,130,48
79,130,49
79,130,50
79,130,51
79,130,52
79,130,53
79,130,54
79,130,55
79,130,56
79,130,57
79,130,58
79,130,59
79,130,60
79,130,61
79,130,62
79,130,63
79,130,64
79,130,65
79,130,66
79,130,67
79,130,68
79,131,32
79,131,33
79,131,34
79,131,35
79,131,36
79,131,37
79,131,38
79,131,39
79,131,40
79,131,41
79,131,42
79,131,43
79,131,44
79,131,45
79,131,46
79,131,47
79,131,48
79,131,49
79,131,50
79,131,51
79,131,52
79,131,53
79,131,54
79,131,55
79,131,56
79,131,57
79,131,58
79,131,59
79,131,60
79,131,61
79,131,62
79,131,63
79,131,64
79,131,65
79,131,66
79,131,67
79,131,68
79,132,31
79,132,32
79,132,33
79,132,34
79,132,35
79,132,36
79,132,37
79,132,38
79,132,39
79,132,40
79,132,41
79,132,42
79,132,43
79,132,44
79,132,45
79,132,46
79,132,47
79,132,48
79,132,49
79,132,50
79,132,51
79,132,52
79,132,53
79,132,54
79,132,55
79,132,56
79,132,57
79,132,58
79,132,59
79,132,60
79,132,61
79,132,62
79,132,63
79,132,64
79,132,65
79,132,66
79,132,67
79,132,68
79,133,30
79,133,31
79,133,32
79,133,33
79,133,34
79,133,35
79,133,36
79,133,37
79,133,38
79,133,39
79,133,40
79,133,41
79,133,42
79,133,43
79,133,44
79,133,45
79,133,46
79,133,47
79,133,48
79,133,49
79,133,50
79,133,51
79,133,52
79,133,53
79,133,54
79,133,55
79,133,56
79,133,57
79,133,58
79,133,59
79,133,60
79,133,61
79,133,62
79,133,63
79,133,64
79,133,65
79,134,31
79,134,32
79,134,33
79,134,34
79,134,35
79,134,36
79,134,37
79,134,38
79,134,39
79,134,40
79,134,41
79,134,42
79,134,43
79,134,44
79,134,45
79,134,46
79,134,47
79,134,48
79,134,49
79,134,50
79,134,51
79,134,52
79,134,53
79,134,54
79,134,55
79,134,56
79,134,57
79,134,58
79,134,59
79,134,60
79,134,61
79,134,62
79,134,63
79,134,64
79,134,65
79,135,29
79,135,30
79,135,31
79,135,32
79,135,33
79,135,34
79,135,35
79,135,36
79,135,37
79,135,38
79,135,39
79,135,40
79,135,41
79,135,42
79,135,43
79,135,44
79,135,45
79,135,46
79,135,47
79,135,48
79,135,49
79,135,50
79,135,51
79,135,52
79,135,53
79,135,54
79,135,55
79,135,56
79,135,57
79,135,58
79,135,59
79,135,60
79,135,61
79,135,62
79,135,63
79,135,64
79,136,31
79,136,32
79,136,33
79,136,34
79,136,35
79,136,36
79,136,37
79,136,38
79,136,39
79,136,40
79,136,41
79,136,42
79,136,43
79,136,44
79,136,45
79,136,46
79,136,47
79,136,48
79,136,49
79,136,50
79,136,51
79,136,52
79,136,53
79,136,54
79,136,55
79,136,56
79,136,57
79,136,58
79,136,59
79,136,60
79,136,61
79,136,62
79,137,29
79,137,30
79,137,31
79,137,32
79,137,33
79,137,34
79,137,35
79,137,36
79,137,37
79,137,38
79,137,39
79,137,40
79,137,41
79,137,42
79,137,43
79,137,44
79,137,45
79,137,46
79,137,47
79,137,48
79,137,49
79,137,50
79,137,51
79,137,52
79,137,53
79,137,54
79,137,55
79,137,56
79,137,57
79,137,58
79,137,59
79,137,60
79,137,61
79,137,62
79,137,63
79,137,64
79,137,65
79,137,66
79,138,32
79,138,33
79,138,34
79,138,35
79,138,36
79,138,37
79,138,38
79,138,39
79,138,40
79,138,41
79,138,42
79,138,43
79,138,44
79,138,45
79,138,46
79,138,47
79,138,48
79,138,49
79,138,50
79,138,51
79,138,52
79,138,53
79,138,54
79,138,55
79,138,56
79,138,57
79,138,58
79,138,59
79,138,60
79,138,61
79,138,62
79,138,63
79,138,64
79,138,65
79,139,30
79,139,31
79,139,32
79,139,33
79,139,34
79,139,35
79,139,36
79,139,37
79,139,38
79,139,39
79,139,40
79,139,41
79,139,42
79,139,43
79,139,44
79,139,45
79,139,46
79,139,47
79,139,48
79,139,49
79,139,50
79,139,51
79,139,52
79,139,53
79,139,54
79,139,55
79,139,56
79,139,57
79,139,58
79,139,59
79,139,60
79,139,61
79,139,62
79,139,63
79,139,64
79,140,32
79,140,33
79,140,34
79,140,35
79,140,36
79,140,37
79,140,38
79,140,39
79,140,40
79,140,41
79,140,42
79,140,43
79,140,44
79,140,45
79,140,46
79,140,47
79,140,48
79,140,49
79,140,50
79,140,51
79,140,52
79,140,53
79,140,54
79,140,55
79,140,56
79,140,57
79,140,58
79,140,59
79,140,60
79,140,61
79,140,62
79,140,63
79,140,64
79,141,34
79,141,35
79,141,36
79,141,37
79,141,38
79,141,39
79,141,40
79,141,41
79,141,42
79,141,43
79,141,44
79,141,45
79,141,46
79,141,47
79,141,48
79,141,49
79,141,50
79,141,51
79,141,52
79,141,53
79,141,54
79,141,55
79,141,56
79,141,57
79,141,58
79,141,59
79,141,60
79,141,61
79,141,62
79,141,63
79,141,64
79,142,36
79,142,37
79,142,38
79,142,39
79,142,40
79,142,41
79,142,42
79,142,43
79,142,44
79,142,45
79,142,46
79,142,47
79,142,48
79,142,49
79,142,50
79,142,51
79,142,52
79,142,53
79,142,54
79,142,55
79,142,56
79,142,57
79,142,58
79,142,59
79,142,60
79,142,61
79,142,62
79,142,63
79,142,64
79,143,34
79,143,35
79,143,36
79,143,37
79,143,38
79,143,39
79,143,40
79,143,41
79,143,42
79,143,43
79,143,44
79,143,45
79,143,46
79,143,47
79,143,48
79,143,49
79,143,50
79,143,51
79,143,52
79,143,53
79,143,54
79,143,55
79,143,56
79,143,57
79,143,58
79,143,59
79,143,60
79,143,61
79,143,62
79,143,63
79,143,64
79,144,38
79,144,39
79,144,40
79,144,41
79,144,42
79,144,43
79,144,44
79,144,45
79,144,46
79,144,47
79,144,48
79,144,49
79,144,50
79,144,51
79,144,52
79,144,53
79,144,54
79,144,55
79,144,56
79,144,57
79,144,58
79,144,59
79,144,60
79,144,61
79,144,62
79,144,63
79,144,64
79,144,65
79,145,38
79,145,39
79,145,40
79,145,41
79,145,42
79,145,43
79,145,44
79,145,45
79,145,46
79,145,47
79,145,48
79,145,49
79,145,50
79,145,51
79,145,52
79,145,53
79,145,54
79,145,55
79,145,56
79,145,57
79,145,58
79,145,59
79,145,60
79,145,61
79,145,62
79,145,63
79,145,64
80,120,35
80,120,36
80,120,37
80,120,38
80,120,39
80,120,40
80,121,35
80,121,36
80,121,37
80,121,38
80,121,39
80,121,40
80,122,30
80,122,31
80,122,32
80,122,33
80,122,34
80,122,35
80,122,36
80,122,37
80,122,38
80,122,39
80,122,40
80,123,28
80,123,29
80,123,30
80,123,31
80,123,32
80,123,33
80,123,34
80,123,35
80,123,36
80,123,37
80,123,38
80,123,39
80,123,40
80,124,28
80,124,29
80,124,30
80,124,31
80,124,32
80,124,33
80,124,34
80,124,35
80,124,36
80,124,37
80,124,38
80,124,39
80,124,40
80,125,29
80,125,30
80,125,31
80,125,32
80,125,33
80,125,34
80,125,35
80,125,36
80,125,37
80,125,38
80,125,39
80,125,40
80,126,29
80,126,30
80,126,31
80,126,32
80,126,33
80,126,34
80,126,35
80,126,36
80,126,37
80,126,38
80,126,39
80,126,40
80,126,41
80,127,32
80,127,33
80,127,34
80,127,35
80,127,36
80,127,37
80,127,38
80,127,39
80,127,40
80,127,41
80,127,42
80,128,28
80,128,29
80,128,30
80,128,31
80,128,32
80,128,33
80,128,34
80,128,35
80,128,36
80,128,37
80,128,38
80,128,39
80,128,40
80,128,41
80,128,42
80,128,43
80,128,44
80,128,45
80,129,30
80,129,31
80,129,32
80,129,33
80,129,34
80,129,35
80,129,36
80,129,37
80,129,38
80,129,39
80,129,40
80,129,41
80,129,42
80,129,43
80,129,44
80,129,45
80,129,56
80,129,57
80,129,58
80,129,59
80,129,60
80,129,61
80,129,62
80,129,63
80,129,64
80,129,65
80,129,66
80,129,67
80,129,68
80,129,69
80,129,70
80,130,32
80,130,33
80,130,34
80,130,35
80,130,36
80,130,37
80,130,38
80,130,39
80,130,40
80,130,41
80,130,42
80,130,43
80,130,44
80,130,45
80,130,46
80,130,47
80,130,48
80,130,49
80,130,50
80,130,51
80,130,52
80,130,53
80,130,54
80,130,55
80,130,56
80,130,57
80,130,58
80,130,59
80,130,60
80,130,61
80,130,62
80,130,63
80,130,64
80,130,65
80,130,66
80,130,67
80,130,68
80,131,32
80,131,33
80,131,34
80,131,35
80,131,36
80,131,37
80,131,38
80,131,39
80,131,40
80,131,41
80,131,42
80,131,43
80,131,44
80,131,45
80,131,46
80,131,47
80,131,48
80,131,49
80,131,50
80,131,51
80,131,52
80,131,53
80,131,54
80,131,55
80,131,56
80,131,57
80,131,58
80,131,59
80,131,60
80,131,61
80,131,62
80,131,63
80,131,64
80,131,65
80,131,66
80,131,67
80,132,31
80,132,32
80,132,33
80,132,34
80,132,35
80,132,36
80,132,37
80,132,38
80,132,39
80,132,40
80,132,41
80,132,42
80,132,43
80,132,44
80,132,45
80,132,46
80,132,47
80,132,48
80,132,49
80,132,50
80,132,51
80,132,52
80,132,53
80,132,54
80,132,55
80,132,56
80,132,57
80,132,58
80,132,59
80,132,60
80,132,61
80,132,62
80,132,63
80,132,64
80,132,65
80,132,66
80,132,67
80,133,31
80,133,32
80,133,33
80,133,34
80,133,35
80,133,36
80,133,37
80,133,38
80,133,39
80,133,40
80,133,41
80,133,42
80,133,43
80,133,44
80,133,45
80,133,46
80,133,47
80,133,48
80,133,49
80,133,50
80,133,51
80,133,52
80,133,53
80,133,54
80,133,55
80,133,56
80,133,57
80,133,58
80,133,59
80,133,60
80,133,61
80,133,62
80,133,63
80,133,64
80,134,32
80,134,33
80,134,34
80,134,35
80,134,36
80,134,37
80,134,38
80,134,39
80,134,40
80,134,41
80,134,42
80,134,43
80,134,44
80,134,45
80,134,46
80,134,47
80,134,48
80,134,49
80,134,50
80,134,51
80,134,52
80,134,53
80,134,54
80,134,55
80,134,56
80,134,57
80,134,58
80,134,59
80,134,60
80,134,61
80,134,62
80,134,63
80,134,64
80,135,30
80,135,31
80,135,32
80,135,33
80,135,34
80,135,35
80,135,36
80,135,37
80,135,38
80,135,39
80,135,40
80,135,41
80,135,42
80,135,43
80,135,44
80,135,45
80,135,46
80,135,47
80,135,48
80,135,49
80,135,50
80,135,51
80,135,52
80,135,53
80,135,54
80,135,55
80,135,56
80,135,57
80,135,58
80,135,59
80,135,60
80,135,61
80,135,62
80,135,63
80,136,31
80,136,32
80,136,33
80,136,34
80,136,35
80,136,36
80,136,37
80,136,38
80,136,39
80,136,40
80,136,41
80,136,42
80,136,43
80,136,44
80,136,45
80,136,46
80,136,47
80,136,48
80,136,49
80,136,50
80,136,51
80,136,52
80,136,53
80,136,54
80,136,55
80,136,56
80,136,57
80,136,58
80,136,59
80,136,60
80,136,61
80,136,62
80,137,29
80,137,30
80,137,31
80,137,32
80,137,33
80,137,34
80,137,35
80,137,36
80,137,37
80,137,38
80,137,39
80,137,40
80,137,41
80,137,42
80,137,43
80,137,44
80,137,45
80,137,46
80,137,47
80,137,48
80,137,49
80,137,50
80,137,51
80,137,52
80,137,53
80,137,54
80,137,55
80,137,56
80,137,57
80,137,58
80,137,59
80,137,60
80,137,61
80,137,62
80,137,63
80,137,64
80,138,32
80,138,33
80,138,34
80,138,35
80,138,36
80,138,37
80,138,38
80,138,39
80,138,40
80,138,41
80,138,42
80,138,43
80,138,44
80,138,45
80,138,46
80,138,47
80,138,48
80,138,49
80,138,50
80,138,51
80,138,52
80,138,53
80,138,54
80,138,55
80,138,56
80,138,57
80,138,58
80,138,59
80,138,60
80,138,61
80,138,62
80,138,63
80,138,64
80,138,65
80,139,31
80,139,32
80,139,33
80,139,34
80,139,35
80,139,36
80,139,37
80,139,38
80,139,39
80,139,40
80,139,41
80,139,42
80,139,43
80,139,44
80,139,45
80,139,46
80,139,47
80,139,48
80,139,49
80,139,50
80,139,51
80,139,52
80,139,53
80,139,54
80,139,55
80,139,56
80,139,57
80,139,58
80,139,59
80,139,60
80,139,61
80,139,62
80,139,63
80,139,64
80,140,33
80,140,34
80,140,35
80,140,36
80,140,37
80,140,38
80,140,39
80,140,40
80,140,41
80,140,42
80,140,43
80,140,44
80,140,45
80,140,46
80,140,47
80,140,48
80,140,49
80,140,50
80,140,51
80,140,52
80,140,53
80,140,54
80,140,55
80,140,56
80,140,57
80,140,58
80,140,59
80,140,60
80,140,61
80,140,62
80,140,63
80,140,64
80,141,35
80,141,36
80,141,37
80,141,38
80,141,39
80,141,40
80,141,41
80,141,42
80,141,43
80,141,44
80,141,45
80,141,46
80,141,47
80,141,48
80,141,49
80,141,50
80,141,51
80,141,52
80,141,53
80,141,54
80,141,55
80,141,56
80,141,57
80,141,58
80,141,59
80,141,60
80,141,61
80,141,62
80,141,63
80,142,37
80,142,38
80,142,39
80,142,40
80,142,41
80,142,42
80,142,43
80,142,44
80,142,45
80,142,46
80,142,47
80,142,48
80,142,49
80,142,50
80,142,51
80,142,52
80,142,53
80,142,54
80,142,55
80,142,56
80,142,57
80,142,58
80,142,59
80,142,60
80,142,61
80,142,62
80,142,63
80,142,64
80,143,34
80,143,35
80,143,36
80,143,37
80,143,38
80,143,39
80,143,40
80,143,41
80,143,42
80,143,43
80,143,44
80,143,45
80,143,46
80,143,47
80,143,48
80,143,49
80,143,50
80,143,51
80,143,52
80,143,53
80,143,54
80,143,55
80,143,56
80,143,57
80,143,58
80,143,59
80,143,60
80,143,61
80,143,62
80,143,63
80,143,64
80,144,38
80,144,39
80,144,40
80,144,41
80,144,42
80,144,43
80,144,44
80,144,45
80,144,46
80,144,47
80,144,48
80,144,49
80,144,50
80,144,51
80,144,52
80,144,53
80,144,54
80,144,55
80,144,56
80,144,57
80,144,58
80,144,59
80,144,60
80,144,61
80,144,62
80,144,63
80,144,64
80,144,65
80,145,39
80,145,40
80,145,41
80,145,42
80,145,43
80,145,44
80,145,45
80,145,46
80,145,47
80,145,48
80,145,49
80,145,50
80,145,51
80,145,52
80,145,53
80,145,54
80,145,55
80,145,56
80,145,57
80,145,58
80,145,59
80,145,60
80,145,61
80,145,62
80,145,63
81,121,37
81,121,38
81,121,39
81,122,32
81,122,33
81,122,34
81,122,35
81,122,36
81,122,37
81,122,38
81,122,39
81,122,40
81,122,41
81,123,30
81,123,31
81,123,32
81,123,33
81,123,34
81,123,35
81,123,36
81,123,37
81,123,38
81,123,39
81,123,40
81,124,30
81,124,31
81,124,32
81,124,33
81,124,34
81,124,35
81,124,36
81,124,37
81,124,38
81,124,39
81,125,30
81,125,31
81,125,32
81,125,33
81,125,34
81,125,35
81,125,36
81,125,37
81,125,38
81,125,39
81,125,63
81,125,64
81,125,65
81,126,29
81,126,30
81,126,31
81,126,32
81,126,33
81,126,34
81,126,35
81,126,36
81,126,37
81,126,38
81,126,39
81,127,29
81,127,30
81,127,31
81,127,32
81,127,33
81,127,34
81,127,35
81,127,36
81,127,37
81,127,38
81,127,39
81,127,40
81,128,28
81,128,29
81,128,30
81,128,31
81,128,32
81,128,33
81,128,34
81,128,35
81,128,36
81,128,37
81,128,38
81,128,39
81,128,40
81,128,41
81,129,28
81,129,29
81,129,30
81,129,31
81,129,32
81,129,33
81,129,34
81,129,35
81,129,36
81,129,37
81,129,38
81,129,39
81,129,40
81,129,43
81,129,60
81,129,62
81,129,63
81,129,64
81,129,65
81,129,66
81,129,67
81,129,68
81,129,69
81,129,70
81,130,28
81,130,29
81,130,30
81,130,31
81,130,32
81,130,33
81,130,34
81,130,35
81,130,36
81,130,37
81,130,38
81,130,39
81,130,40
81,130,41
81,130,44
81,130,60
81,130,61
81,130,62
81,130,63
81,130,64
81,130,65
81,130,66
81,130,67
81,131,28
81,131,29
81,131,30
81,131,31
81,131,32
81,131,33
81,131,34
81,131,35
81,131,36
81,131,37
81,131,38
81,131,39
81,131,40
81,131,41
81,131,60
81,131,61
81,131,62
81,131,63
81,131,64
81,131,65
81,132,29
81,132,30
81,132,31
81,132,32
81,132,33
81,132,34
81,132,35
81,132,36
81,132,37
81,132,38
81,132,39
81,132,40
81,132,41
81,132,59
81,132,62
81,132,63
81,132,64
81,132,65
81,132,66
81,133,29
81,133,30
81,133,31
81,133,32
81,133,33
81,133,34
81,133,35
81,133,36
81,133,37
81,133,38
81,133,39
81,133,40
81,133,41
81,133,42
81,133,58
81,133,59
81,133,60
81,133,61
81,133,62
81,133,63
81,134,30
81,134,31
81,134,32
81,134,33
81,134,34
81,134,35
81,134,36
81,134,37
81,134,38
81,134,39
81,134,40
81,134,41
81,134,42
81,134,43
81,134,56
81,134,57
81,134,58
81,134,59
81,134,60
81,134,61
81,134,62
81,134,63
81,135,30
81,135,31
81,135,32
81,135,33
81,135,34
81,135,35
81,135,36
81,135,37
81,135,38
81,135,39
81,135,40
81,135,41
81,135,42
81,135,43
81,135,44
81,135,45
81,135,46
81,135,52
81,135,53
81,135,54
81,135,55
81,135,56
81,135,57
81,135,58
81,135,59
81,135,60
81,135,61
81,135,62
81,136,31
81,136,32
81,136,33
81,136,34
81,136,35
81,136,36
81,136,37
81,136,38
81,136,39
81,136,40
81,136,41
81,136,42
81,136,43
81,136,44
81,136,45
81,136,46
81,136,47
81,136,53
81,136,54
81,136,55
81,136,56
81,136,57
81,136,58
81,136,59
81,136,60
81,136,61
81,136,62
81,137,30
81,137,31
81,137,32
81,137,33
81,137,34
81,137,35
81,137,36
81,137,37
81,137,38
81,137,39
81,137,40
81,137,41
81,137,42
81,137,43
81,137,44
81,137,45
81,137,46
81,137,47
81,137,48
81,137,49
81,137,54
81,137,55
81,137,56
81,137,57
81,137,58
81,137,59
81,137,60
81,137,61
81,137,62
81,137,63
81,138,32
81,138,33
81,138,34
81,138,35
81,138,36
81,138,37
81,138,38
81,138,39
81,138,40
81,138,41
81,138,42
81,138,43
81,138,44
81,138,45
81,138,46
81,138,47
81,138,48
81,138,49
81,138,50
81,138,51
81,138,52
81,138,53
81,138,54
81,138,55
81,138,56
81,138,57
81,138,58
81,138,59
81,138,60
81,138,61
81,138,62
81,138,63
81,138,64
81,139,32
81,139,33
81,139,34
81,139,35
81,139,36
81,139,37
81,139,38
81,139,39
81,139,40
81,139,41
81,139,42
81,139,43
81,139,44
81,139,45
81,139,46
81,139,47
81,139,48
81,139,49
81,139,50
81,139,51
81,139,52
81,139,53
81,139,54
81,139,55
81,139,56
81,139,57
81,139,58
81,139,59
81,139,60
81,139,61
81,139,62
81,139,63
81,139,64
81,140,33
81,140,34
81,140,35
81,140,36
81,140,37
81,140,38
81,140,39
81,140,40
81,140,41
81,140,42
81,140,43
81,140,44
81,140,45
81,140,46
81,140,47
81,140,48
81,140,49
81,140,50
81,140,51
81,140,52
81,140,53
81,140,54
81,140,55
81,140,56
81,140,57
81,140,58
81,140,59
81,140,60
81,140,61
81,140,62
81,140,63
81,141,34
81,141,35
81,141,36
81,141,37
81,141,38
81,141,39
81,141,40
81,141,41
81,141,42
81,141,43
81,141,44
81,141,45
81,141,46
81,141,47
81,141,48
81,141,49
81,141,50
81,141,51
81,141,52
81,141,53
81,141,54
81,141,55
81,141,56
81,141,57
81,141,58
81,141,59
81,141,60
81,141,61
81,141,62
81,142,35
81,142,36
81,142,37
81,142,38
81,142,39
81,142,40
81,142,41
81,142,42
81,142,43
81,142,44
81,142,45
81,142,46
81,142,47
81,142,48
81,142,49
81,142,50
81,142,51
81,142,52
81,142,53
81,142,54
81,142,55
81,142,56
81,142,57
81,142,58
81,142,59
81,142,60
81,142,61
81,142,62
81,142,63
81,143,35
81,143,36
81,143,37
81,143,38
81,143,39
81,143,40
81,143,41
81,143,42
81,143,43
81,143,44
81,143,45
81,143,46
81,143,47
81,143,48
81,143,49
81,143,50
81,143,51
81,143,52
81,143,53
81,143,54
81,143,55
81,143,56
81,143,57
81,143,58
81,143,59
81,143,60
81,143,61
81,143,62
81,143,63
81,143,64
81,144,36
81,144,37
81,144,38
81,144,39
81,144,40
81,144,41
81,144,42
81,144,43
81,144,44
81,144,45
81,144,46
81,144,47
81,144,48
81,144,49
81,144,50
81,144,51
81,144,52
81,144,53
81,144,54
81,144,55
81,144,56
81,144,57
81,144,58
81,144,59
81,144,60
81,144,61
81,144,62
81,144,63
81,144,64
81,145,41
81,145,42
81,145,43
81,145,44
81,145,45
81,145,46
81,145,47
81,145,48
81,145,49
81,145,50
81,145,51
81,145,52
81,145,53
81,145,54
81,145,55
81,145,56
81,145,57
81,145,58
81,145,59
81,145,60
81,145,61
81,145,62
82,123,35
82,123,36
82,123,37
82,123,38
82,123,39
82,123,40
82,124,37
82,124,38
82,124,39
82,124,40
82,124,41
82,124,42
82,125,34
82,125,35
82,125,36
82,125,37
82,125,38
82,125,39
82,125,40
82,125,41
82,125,42
82,126,32
82,126,33
82,126,34
82,126,35
82,126,36
82,126,37
82,126,38
82,126,39
82,126,40
82,126,41
82,126,42
82,126,68
82,127,31
82,127,32
82,127,33
82,127,34
82,127,35
82,127,36
82,127,37
82,127,38
82,128,31
82,128,32
82,128,33
82,128,34
82,128,35
82,128,36
82,128,37
82,128,38
82,128,39
82,128,40
82,129,30
82,129,31
82,129,32
82,129,33
82,129,34
82,129,35
82,129,36
82,129,37
82,129,38
82,129,69
82,130,30
82,130,31
82,130,32
82,130,33
82,130,34
82,130,35
82,130,36
82,130,37
82,130,38
82,130,39
82,130,40
82,131,30
82,131,31
82,131,32
82,131,33
82,131,34
82,131,35
82,131,36
82,131,37
82,131,38
82,131,39
82,131,40
82,132,30
82,132,31
82,132,32
82,132,33
82,132,34
82,132,35
82,132,36
82,132,37
82,132,38
82,132,39
82,132,40
82,132,41
82,133,30
82,133,31
82,133,32
82,133,33
82,133,34
82,133,35
82,133,36
82,133,37
82,133,38
82,133,39
82,133,40
82,133,41
82,133,42
82,134,31
82,134,32
82,134,33
82,134,34
82,134,35
82,134,36
82,134,37
82,134,38
82,134,39
82,134,40
82,134,41
82,134,42
82,134,43
82,135,31
82,135,32
82,135,33
82,135,34
82,135,35
82,135,36
82,135,37
82,135,38
82,135,39
82,135,40
82,135,41
82,135,42
82,135,43
82,135,44
82,135,45
82,135,58
82,135,59
82,135,60
82,135,61
82,135,62
82,136,32
82,136,33
82,136,34
82,136,35
82,136,36
82,136,37
82,136,38
82,136,39
82,136,40
82,136,41
82,136,42
82,136,43
82,136,44
82,136,45
82,136,46
82,136,58
82,136,59
82,136,60
82,136,61
82,136,62
82,137,32
82,137,33
82,137,34
82,137,35
82,137,36
82,137,37
82,137,38
82,137,39
82,137,40
82,137,41
82,137,42
82,137,43
82,137,44
82,137,45
82,137,46
82,137,47
82,137,48
82,137,49
82,137,59
82,137,60
82,137,61
82,137,62
82,138,33
82,138,34
82,138,35
82,138,36
82,138,37
82,138,38
82,138,39
82,138,40
82,138,41
82,138,42
82,138,43
82,138,44
82,138,45
82,138,46
82,138,47
82,138,48
82,138,49
82,138,50
82,138,51
82,138,52
82,138,53
82,138,54
82,138,55
82,138,56
82,138,60
82,138,61
82,138,62
82,138,63
82,138,64
82,139,33
82,139,34
82,139,35
82,139,36
82,139,37
82,139,38
82,139,39
82,139,40
82,139,41
82,139,42
82,139,43
82,139,44
82,139,45
82,139,46
82,139,47
82,139,48
82,139,49
82,139,50
82,139,51
82,139,52
82,139,53
82,139,54
82,139,55
82,139,56
82,139,57
82,139,61
82,139,62
82,139,63
82,140,34
82,140,35
82,140,36
82,140,37
82,140,38
82,140,39
82,140,40
82,140,41
82,140,42
82,140,43
82,140,44
82,140,45
82,140,46
82,140,47
82,140,48
82,140,49
82,140,50
82,140,51
82,140,52
82,140,53
82,140,54
82,140,55
82,140,56
82,140,57
82,140,58
82,140,62
82,141,35
82,141,36
82,141,37
82,141,38
82,141,39
82,141,40
82,141,41
82,141,42
82,141,43
82,141,44
82,141,45
82,141,46
82,141,47
82,141,48
82,141,49
82,141,50
82,141,51
82,141,52
82,141,53
82,141,54
82,141,55
82,141,56
82,141,57
82,141,58
82,141,59
82,141,62
82,142,35
82,142,36
82,142,37
82,142,38
82,142,39
82,142,40
82,142,41
82,142,42
82,142,43
82,142,44
82,142,45
82,142,46
82,142,47
82,142,48
82,142,49
82,142,50
82,142,51
82,142,52
82,142,53
82,142,54
82,142,55
82,142,56
82,142,57
82,142,58
82,142,59
82,142,60
82,142,61
82,142,62
82,142,63
82,143,35
82,143,36
82,143,37
82,143,38
82,143,39
82,143,40
82,143,41
82,143,42
82,143,43
82,143,44
82,143,45
82,143,46
82,143,47
82,143,48
82,143,49
82,143,50
82,143,51
82,143,52
82,143,53
82,143,54
82,143,55
82,143,56
82,143,57
82,143,58
82,143,59
82,143,60
82,143,61
82,143,62
82,143,63
82,143,64
82,144,38
82,144,39
82,144,40
82,144,41
82,144,42
82,144,43
82,144,44
82,144,45
82,144,46
82,144,47
82,144,48
82,144,49
82,144,50
82,144,51
82,144,52
82,144,53
82,144,54
82,144,55
82,144,56
82,144,57
82,144,58
82,144,59
82,144,60
82,144,61
82,144,62
82,144,63
82,145,42
82,145,43
82,145,44
82,145,45
82,145,46
82,145,47
82,145,48
82,145,49
82,145,50
82,145,51
82,145,52
82,145,53
82,145,54
82,145,55
82,145,56
82,145,57
82,145,58
82,145,59
82,145,60
82,145,61
83,124,44
83,125,38
83,125,39
83,125,40
83,125,41
83,125,42
83,125,43
83,125,44
83,126,34
83,126,35
83,126,36
83,126,37
83,126,38
83,126,40
83,126,41
83,126,42
83,126,43
83,127,32
83,127,33
83,127,34
83,127,35
83,127,36
83,128,31
83,128,32
83,128,33
83,128,34
83,128,35
83,128,36
83,128,37
83,128,38
83,129,31
83,129,32
83,129,33
83,129,34
83,129,35
83,129,36
83,129,37
83,129,38
83,129,39
83,129,40
83,129,41
83,130,30
83,130,31
83,130,32
83,130,33
83,130,34
83,130,35
83,130,36
83,130,37
83,130,38
83,130,39
83,130,40
83,130,41
83,130,42
83,131,30
83,131,31
83,131,32
83,131,33
83,131,34
83,131,35
83,131,36
83,131,37
83,131,38
83,131,39
83,131,40
83,131,41
83,131,42
83,132,30
83,132,31
83,132,32
83,132,33
83,132,34
83,132,35
83,132,36
83,132,37
83,132,38
83,132,39
83,132,40
83,132,41
83,132,42
83,132,43
83,132,44
83,133,30
83,133,31
83,133,32
83,133,33
83,133,34
83,133,35
83,133,36
83,133,37
83,133,38
83,133,39
83,133,40
83,133,41
83,133,42
83,133,43
83,133,44
83,133,45
83,134,31
83,134,32
83,134,33
83,134,34
83,134,35
83,134,36
83,134,37
83,134,38
83,134,39
83,134,40
83,134,41
83,134,42
83,134,43
83,134,44
83,134,45
83,134,46
83,134,47
83,134,48
83,135,31
83,135,32
83,135,33
83,135,34
83,135,35
83,135,36
83,135,37
83,135,38
83,135,39
83,135,40
83,135,41
83,135,42
83,135,43
83,135,44
83,135,45
83,135,46
83,135,47
83,135,48
83,135,49
83,135,50
83,136,32
83,136,33
83,136,34
83,136,35
83,136,36
83,136,37
83,136,38
83,136,39
83,136,40
83,136,41
83,136,42
83,136,43
83,136,44
83,136,45
83,136,46
83,136,47
83,136,48
83,136,49
83,136,50
83,136,51
83,136,52
83,137,32
83,137,33
83,137,34
83,137,35
83,137,36
83,137,37
83,137,38
83,137,39
83,137,40
83,137,41
83,137,42
83,137,43
83,137,44
83,137,45
83,137,46
83,137,47
83,137,48
83,137,49
83,137,50
83,137,51
83,137,52
83,137,53
83,137,54
83,137,55
83,138,33
83,138,34
83,138,35
83,138,36
83,138,37
83,138,38
83,138,39
83,138,40
83,138,41
83,138,42
83,138,43
83,138,44
83,138,45
83,138,46
83,138,47
83,138,48
83,138,49
83,138,50
83,138,51
83,138,52
83,138,53
83,138,54
83,138,55
83,138,56
83,138,63
83,139,34
83,139,35
83,139,36
83,139,37
83,139,38
83,139,39
83,139,40
83,139,41
83,139,42
83,139,43
83,139,44
83,139,45
83,139,46
83,139,47
83,139,48
83,139,49
83,139,50
83,139,51
83,139,52
83,139,53
83,139,54
83,139,55
83,139,56
83,139,57
83,140,34
83,140,35
83,140,36
83,140,37
83,140,38
83,140,39
83,140,40
83,140,41
83,140,42
83,140,43
83,140,44
83,140,45
83,140,46
83,140,47
83,140,48
83,140,49
83,140,50
83,140,51
83,140,52
83,140,53
83,140,54
83,140,55
83,140,56
83,140,57
83,140,58
83,141,35
83,141,36
83,141,37
83,141,38
83,141,39
83,141,40
83,141,41
83,141,42
83,141,43
83,141,44
83,141,45
83,141,46
83,141,47
83,141,48
83,141,49
83,141,50
83,141,51
83,141,52
83,141,53
83,141,54
83,141,55
83,141,56
83,141,57
83,141,58
83,141,59
83,142,37
83,142,38
83,142,39
83,142,40
83,142,41
83,142,42
83,142,43
83,142,44
83,142,45
83,142,46
83,142,47
83,142,48
83,142,49
83,142,50
83,142,51
83,142,52
83,142,53
83,142,54
83,142,55
83,142,56
83,142,57
83,142,58
83,142,59
83,142,60
83,142,62
83,142,63
83,143,36
83,143,37
83,143,38
83,143,39
83,143,40
83,143,41
83,143,42
83,143,43
83,143,44
83,143,45
83,143,46
83,143,47
83,143,48
83,143,49
83,143,50
83,143,51
83,143,52
83,143,53
83,143,54
83,143,55
83,143,56
83,143,57
83,143,58
83,143,59
83,143,60
83,143,61
83,143,62
83,143,63
83,143,64
83,144,39
83,144,40
83,144,41
83,144,42
83,144,43
83,144,44
83,144,45
83,144,46
83,144,47
83,144,48
83,144,49
83,144,50
83,144,51
83,144,52
83,144,53
83,144,54
83,144,55
83,144,56
83,144,57
83,144,58
83,144,59
83,144,60
83,144,61
83,144,62
83,145,43
83,145,44
83,145,45
83,145,46
83,145,47
83,145,48
83,145,49
83,145,50
83,145,51
83,145,52
83,145,53
83,145,54
83,145,55
83,145,56
83,145,57
83,145,58
83,145,59
83,145,60
83,145,61
84,125,42
84,125,43
84,125,44
84,126,36
84,126,37
84,128,33
84,128,34
84,128,35
84,128,36
84,128,37
84,128,38
84,129,33
84,129,34
84,129,35
84,129,36
84,129,37
84,129,38
84,129,39
84,129,40
84,129,41
84,129,42
84,129,43
84,130,32
84,130,33
84,130,34
84,130,35
84,130,36
84,130,37
84,130,38
84,130,39
84,130,40
84,130,41
84,130,42
84,130,43
84,130,44
84,131,32
84,131,33
84,131,34
84,131,35
84,131,36
84,131,37
84,131,38
84,131,39
84,131,40
84,132,32
84,132,33
84,132,34
84,132,35
84,132,36
84,132,37
84,132,38
84,132,39
84,132,40
84,132,41
84,132,42
84,133,32
84,133,33
84,133,34
84,133,35
84,133,36
84,133,37
84,133,38
84,133,39
84,133,40
84,133,41
84,133,42
84,133,43
84,133,44
84,133,45
84,133,46
84,133,47
84,133,48
84,133,49
84,134,33
84,134,34
84,134,35
84,134,36
84,134,37
84,134,38
84,134,39
84,134,40
84,134,41
84,134,42
84,134,43
84,134,44
84,134,45
84,134,46
84,134,47
84,134,48
84,134,49
84,134,50
84,134,51
84,135,33
84,135,34
84,135,35
84,135,36
84,135,37
84,135,38
84,135,39
84,135,40
84,135,41
84,135,42
84,135,43
84,135,44
84,135,45
84,135,46
84,135,47
84,135,48
84,135,49
84,135,50
84,135,51
84,135,52
84,135,53
84,136,34
84,136,35
84,136,36
84,136,37
84,136,38
84,136,39
84,136,40
84,136,41
84,136,42
84,136,43
84,136,44
84,136,45
84,136,46
84,136,47
84,136,48
84,136,49
84,136,50
84,136,51
84,136,52
84,136,53
84,136,54
84,137,34
84,137,35
84,137,36
84,137,37
84,137,38
84,137,39
84,137,40
84,137,41
84,137,42
84,137,43
84,137,44
84,137,45
84,137,46
84,137,47
84,137,48
84,137,49
84,137,50
84,137,51
84,137,52
84,137,53
84,137,54
84,137,55
84,137,56
84,138,35
84,138,36
84,138,37
84,138,38
84,138,39
84,138,40
84,138,41
84,138,42
84,138,43
84,138,44
84,138,45
84,138,46
84,138,47
84,138,48
84,138,49
84,138,50
84,138,51
84,138,52
84,138,53
84,138,54
84,138,55
84,138,56
84,138,57
84,139,36
84,139,37
84,139,38
84,139,39
84,139,40
84,139,41
84,139,42
84,139,43
84,139,44
84,139,45
84,139,46
84,139,47
84,139,48
84,139,49
84,139,50
84,139,51
84,139,52
84,139,53
84,139,54
84,139,55
84,139,56
84,139,57
84,139,58
84,140,37
84,140,38
84,140,39
84,140,40
84,140,41
84,140,42
84,140,43
84,140,44
84,140,45
84,140,46
84,140,47
84,140,48
84,140,49
84,140,50
84,140,51
84,140,52
84,140,53
84,140,54
84,140,55
84,140,56
84,140,57
84,140,58
84,140,59
84,141,38
84,141,39
84,141,40
84,141,41
84,141,42
84,141,43
84,141,44
84,141,45
84,141,46
84,141,47
84,141,48
84,141,49
84,141,50
84,141,51
84,141,52
84,141,53
84,141,54
84,141,55
84,141,56
84,141,57
84,141,58
84,141,59
84,142,39
84,142,40
84,142,41
84,142,42
84,142,43
84,142,44
84,142,45
84,142,46
84,142,47
84,142,48
84,142,49
84,142,50
84,142,51
84,142,52
84,142,53
84,142,54
84,142,55
84,142,56
84,142,57
84,142,58
84,142,59
84,142,60
84,143,38
84,143,39
84,143,40
84,143,41
84,143,42
84,143,43
84,143,44
84,143,45
84,143,46
84,143,47
84,143,48
84,143,49
84,143,50
84,143,51
84,143,52
84,143,53
84,143,54
84,143,55
84,143,56
84,143,57
84,143,58
84,143,59
84,143,60
84,143,61
84,143,62
84,143,63
84,143,64
84,144,41
84,144,42
84,144,43
84,144,44
84,144,45
84,144,46
84,144,47
84,144,48
84,144,49
84,144,50
84,144,51
84,144,52
84,144,53
84,144,54
84,144,55
84,144,56
84,144,57
84,144,58
84,144,59
84,144,60
84,144,61
84,144,62
84,145,44
84,145,45
84,145,46
84,145,47
84,145,48
84,145,49
84,145,50
84,145,51
84,145,52
84,145,53
84,145,54
84,145,55
84,145,56
84,145,57
84,145,58
84,145,59
84,145,60
85,128,36
85,128,37
85,130,39
85,130,40
85,130,41
85,131,35
85,131,36
85,132,36
85,132,37
85,132,38
85,132,39
85,132,40
85,132,41
85,132,42
85,133,34
85,133,35
85,133,36
85,133,37
85,133,40
85,133,41
85,133,42
85,133,43
85,133,44
85,133,45
85,133,46
85,133,47
85,133,48
85,134,36
85,134,37
85,134,38
85,134,39
85,134,40
85,134,41
85,134,42
85,134,43
85,134,44
85,134,45
85,134,46
85,134,47
85,134,48
85,134,49
85,135,36
85,135,37
85,135,38
85,135,39
85,135,40
85,135,41
85,135,42
85,135,43
85,135,44
85,135,45
85,135,46
85,135,47
85,135,48
85,135,49
85,135,50
85,135,51
85,135,52
85,135,53
85,136,37
85,136,38
85,136,39
85,136,40
85,136,41
85,136,42
85,136,43
85,136,44
85,136,45
85,136,46
85,136,47
85,136,48
85,136,49
85,136,50
85,136,51
85,136,52
85,136,53
85,136,54
85,136,55
85,137,36
85,137,37
85,137,38
85,137,39
85,137,40
85,137,41
85,137,42
85,137,43
85,137,44
85,137,45
85,137,46
85,137,47
85,137,48
85,137,49
85,137,50
85,137,51
85,137,52
85,137,53
85,137,54
85,137,55
85,137,56
85,138,37
85,138,38
85,138,39
85,138,40
85,138,41
85,138,42
85,138,43
85,138,44
85,138,45
85,138,46
85,138,47
85,138,48
85,138,49
85,138,50
85,138,51
85,138,52
85,138,53
85,138,54
85,138,55
85,138,56
85,138,57
85,139,39
85,139,40
85,139,41
85,139,42
85,139,43
85,139,44
85,139,45
85,139,46
85,139,47
85,139,48
85,139,49
85,139,50
85,139,51
85,139,52
85,139,53
85,139,54
85,139,55
85,139,56
85,139,57
85,139,58
85,140,39
85,140,40
85,140,41
85,140,42
85,140,43
85,140,44
85,140,45
85,140,46
85,140,47
85,140,48
85,140,49
85,140,50
85,140,51
85,140,52
85,140,53
85,140,54
85,140,55
85,140,56
85,140,57
85,141,41
85,141,42
85,141,43
85,141,44
85,141,45
85,141,46
85,141,47
85,141,48
85,141,49
85,141,50
85,141,51
85,141,52
85,141,53
85,141,54
85,141,55
85,141,56
85,142,41
85,142,42
85,142,43
85,142,44
85,142,45
85,142,46
85,142,47
85,142,48
85,142,49
85,142,50
85,142,51
85,142,52
85,142,53
85,142,54
85,142,55
85,142,56
85,142,57
85,143,41
85,143,42
85,143,43
85,143,44
85,143,45
85,143,46
85,143,47
85,143,48
85,143,49
85,143,50
85,143,51
85,143,52
85,143,53
85,143,54
85,143,55
85,143,56
85,143,57
85,143,58
85,144,43
85,144,44
85,144,45
85,144,46
85,144,47
85,144,48
85,144,49
85,144,50
85,144,51
85,144,52
85,144,53
85,144,54
85,144,55
85,144,56
85,144,57
85,144,58
85,144,59
85,144,60
85,145,46
85,145,47
85,145,48
85,145,49
85,145,50
85,145,51
85,145,52
85,145,53
85,145,54
85,145,55
85,145,56
85,145,57
85,145,58
85,145,59
86,130,39
86,132,37
86,132,38
86,132,39
86,132,40
86,132,41
86,133,36
86,133,40
86,133,41
86,133,42
86,133,43
86,133,44
86,134,39
86,134,40
86,134,41
86,134,42
86,134,43
86,134,44
86,134,45
86,134,46
86,134,47
86,135,39
86,135,40
86,135,41
86,135,42
86,135,43
86,135,44
86,135,45
86,135,46
86,135,47
86,136,41
86,136,42
86,136,43
86,136,44
86,136,45
86,136,46
86,136,47
86,136,48
86,136,49
86,136,50
86,136,51
86,136,52
86,136,53
86,136,54
86,136,55
86,137,37
86,137,38
86,137,39
86,137,42
86,137,43
86,137,44
86,137,45
86,137,46
86,137,47
86,137,48
86,137,49
86,137,50
86,137,51
86,137,52
86,137,53
86,137,54
86,138,38
86,138,39
86,138,43
86,138,44
86,138,45
86,138,46
86,138,47
86,138,48
86,138,49
86,138,50
86,138,51
86,138,52
86,138,53
86,138,54
86,138,55
86,138,56
86,138,57
86,139,41
86,139,44
86,139,45
86,139,46
86,139,47
86,139,48
86,139,49
86,139,50
86,139,51
86,139,52
86,139,53
86,139,54
86,139,55
86,140,41
86,140,44
86,140,45
86,140,46
86,140,47
86,140,48
86,140,49
86,140,50
86,140,52
86,140,53
86,141,44
86,141,45
86,141,46
86,141,47
86,141,48
86,141,49
86,142,43
86,142,44
86,142,45
86,142,46
86,142,47
86,142,48
86,142,49
86,142,50
86,142,52
86,142,53
86,143,44
86,143,45
86,143,46
86,143,47
86,143,48
86,143,49
86,143,50
86,143,51
86,143,52
86,143,53
86,143,54
86,143,55
87,132,37
87,132,38
87,132,39
87,132,40
87,133,40
87,134,39
87,134,43
87,136,41
87,136,42
87,136,43
87,136,44
87,136,45
87,136,46
87,136,47
87,136,48
87,136,49
87,136,50
87,136,51
87,136,52
87,136,53
87,136,54
87,136,55
87,136,57
87,137,38
87,137,39
87,137,42
87,137,43
87,137,44
87,137,45
87,138,38
87,138,39
87,138,43
87,138,44
87,138,45
87,138,46
87,138,47
87,138,48
87,138,49
87,138,50
87,138,51
87,138,52
87,138,53
87,139,44
87,139,45
87,139,46
87,139,47
87,139,48
87,139,49
87,139,50
87,143,45
87,143,46
87,143,47
87,143,48
87,143,49
87,143,50
88,132,38
88,136,41
88,136,42
88,136,43
88,136,44
88,136,45
88,136,46
88,136,47
88,136,48
88,136,49
88,136,50
88,136,51
88,136,52
88,136,53
88,136,54
88,138,42
88,138,43
88,138,44
88,138,45
88,138,46
88,138,47
88,138,48
88,138,49
89,132,38
89,136,40
89,136,41
89,136,42
89,136,43
89,136,44
89,136,45
89,136,46
89,136,47
89,136,48
89,136,49
89,136,50
89,136,51
89,136,52
89,138,42
89,138,43
89,138,44
89,138,45
90,136,40
90,136,41
90,136,42
90,136,43
90,136,44
90,136,45
90,136,46
90,136,47
90,136,48
90,138,41
90,138,42
90,138,43
90,138,44
90,138,45
91,136,38
91,136,39
91,136,40
91,136,41
91,136,42
91,136,43
91,136,44
91,138,41
91,138,42
91,138,43
91,138,44
92,136,38
92,136,39
92,136,40
92,136,41
92,138,43
