"x","y","z"
62,83,28
62,100,24
62,100,25
63,81,27
63,81,28
63,82,27
63,83,27
63,83,28
63,84,27
63,84,28
63,84,29
63,100,24
63,100,25
63,101,23
63,101,24
63,101,25
64,81,27
64,81,28
64,81,29
64,82,27
64,83,27
64,83,28
64,84,27
64,84,28
64,84,29
64,85,28
64,100,24
64,100,25
64,101,23
64,101,24
64,101,25
64,107,25
64,107,26
65,81,27
65,81,28
65,81,29
65,82,27
65,83,26
65,83,27
65,83,28
65,84,27
65,84,28
65,84,29
65,85,27
65,85,28
65,86,28
65,100,23
65,100,24
65,100,25
65,100,26
65,101,23
65,101,24
65,101,25
65,102,23
65,102,24
65,102,25
65,103,23
65,103,24
65,103,25
65,104,25
65,104,26
65,105,26
65,105,27
65,105,28
65,106,24
65,106,25
65,106,26
65,106,27
65,106,28
65,107,22
65,107,23
65,107,24
65,107,25
65,107,26
65,107,27
65,107,28
65,108,26
65,108,27
66,81,27
66,81,28
66,81,29
66,81,30
66,82,26
66,82,27
66,82,28
66,83,26
66,83,27
66,83,28
66,83,29
66,84,27
66,84,28
66,84,29
66,84,30
66,85,27
66,85,28
66,86,28
66,96,27
66,96,28
66,96,29
66,97,27
66,97,28
66,97,29
66,98,26
66,98,27
66,98,28
66,98,29
66,99,25
66,99,26
66,99,27
66,99,28
66,99,29
66,99,30
66,100,24
66,100,25
66,100,26
66,100,27
66,101,23
66,101,24
66,101,25
66,101,26
66,102,22
66,102,23
66,102,24
66,102,25
66,103,22
66,103,23
66,103,24
66,103,25
66,104,24
66,104,25
66,104,26
66,104,27
66,104,28
66,104,29
66,105,24
66,105,25
66,105,26
66,105,27
66,105,28
66,105,29
66,106,22
66,106,23
66,106,24
66,106,25
66,106,26
66,106,27
66,106,28
66,106,29
66,107,21
66,107,22
66,107,23
66,107,24
66,107,25
66,107,26
66,107,27
66,107,28
66,107,29
66,107,30
66,108,24
66,108,25
66,108,26
66,108,27
66,108,28
66,108,29
66,109,26
66,109,27
66,109,28
67,81,26
67,81,27
67,81,28
67,81,29
67,81,30
67,81,31
67,81,32
67,82,27
67,82,28
67,82,29
67,83,27
67,83,28
67,83,29
67,84,27
67,84,28
67,84,29
67,84,30
67,85,27
67,85,28
67,86,28
67,94,27
67,95,26
67,95,27
67,95,28
67,96,25
67,96,26
67,96,27
67,96,28
67,96,29
67,97,25
67,97,26
67,97,27
67,97,28
67,97,29
67,98,24
67,98,25
67,98,26
67,98,27
67,98,28
67,98,29
67,98,30
67,99,24
67,99,25
67,99,26
67,99,27
67,99,28
67,99,29
67,99,30
67,100,22
67,100,23
67,100,24
67,100,25
67,100,26
67,100,27
67,100,28
67,101,22
67,101,23
67,101,24
67,101,25
67,101,26
67,101,27
67,102,22
67,102,23
67,102,24
67,102,25
67,102,26
67,102,27
67,103,22
67,103,23
67,103,24
67,103,25
67,103,26
67,103,27
67,103,28
67,104,22
67,104,23
67,104,24
67,104,25
67,104,26
67,104,27
67,104,28
67,104,29
67,104,30
67,104,31
67,105,22
67,105,23
67,105,24
67,105,25
67,105,26
67,105,27
67,105,28
67,105,29
67,105,30
67,105,31
67,105,32
67,106,21
67,106,22
67,106,23
67,106,24
67,106,25
67,106,26
67,106,27
67,106,28
67,106,29
67,106,30
67,106,31
67,106,32
67,107,21
67,107,22
67,107,23
67,107,24
67,107,25
67,107,26
67,107,27
67,107,28
67,107,29
67,107,30
67,108,23
67,108,24
67,108,25
67,108,26
67,108,27
67,108,28
67,108,29
67,109,25
67,109,26
67,109,27
67,109,28
67,110,25
67,110,26
68,81,27
68,81,28
68,81,29
68,81,30
68,82,27
68,82,28
68,82,29
68,82,30
68,83,27
68,83,28
68,83,29
68,83,30
68,84,27
68,84,28
68,84,29
68,84,30
68,85,27
68,85,28
68,87,20
68,88,20
68,89,20
68,93,26
68,93,27
68,94,25
68,94,26
68,94,27
68,94,28
68,95,24
68,95,25
68,95,26
68,95,27
68,95,28
68,96,22
68,96,23
68,96,24
68,96,25
68,96,26
68,96,27
68,96,28
68,96,29
68,97,22
68,97,23
68,97,24
68,97,25
68,97,26
68,97,27
68,97,28
68,97,29
68,97,30
68,98,22
68,98,23
68,98,24
68,98,25
68,98,26
68,98,27
68,98,28
68,98,29
68,99,22
68,99,23
68,99,24
68,99,25
68,99,26
68,99,27
68,99,28
68,99,29
68,99,30
68,100,22
68,100,23
68,100,24
68,100,25
68,100,26
68,100,27
68,100,28
68,101,22
68,101,23
68,101,24
68,101,25
68,101,26
68,101,27
68,101,28
68,101,29
68,102,22
68,102,23
68,102,24
68,102,25
68,102,26
68,102,27
68,102,28
68,102,29
68,103,22
68,103,23
68,103,24
68,103,25
68,103,26
68,103,27
68,103,28
68,103,29
68,103,30
68,104,22
68,104,23
68,104,24
68,104,25
68,104,26
68,104,27
68,104,28
68,104,29
68,104,30
68,104,31
68,104,32
68,104,33
68,105,21
68,105,22
68,105,23
68,105,24
68,105,25
68,105,26
68,105,27
68,105,28
68,105,29
68,105,30
68,105,31
68,105,32
68,105,33
68,106,21
68,106,22
68,106,23
68,106,24
68,106,25
68,106,26
68,106,27
68,106,28
68,106,29
68,106,30
68,106,31
68,106,32
68,107,21
68,107,22
68,107,23
68,107,24
68,107,25
68,107,26
68,107,27
68,107,28
68,107,29
68,107,30
68,108,22
68,108,23
68,108,24
68,108,25
68,108,26
68,108,27
68,108,28
68,108,29
68,109,25
68,109,26
68,109,27
68,109,28
68,110,24
68,110,25
68,110,26
68,110,27
68,111,26
69,81,27
69,81,28
69,81,29
69,82,27
69,82,28
69,82,29
69,82,30
69,82,31
69,83,27
69,83,28
69,83,29
69,83,30
69,84,27
69,84,28
69,84,29
69,84,30
69,84,31
69,85,28
69,85,29
69,85,30
69,86,20
69,86,29
69,87,20
69,88,19
69,88,20
69,89,19
69,89,20
69,89,25
69,90,20
69,90,25
69,91,25
69,91,26
69,91,27
69,91,28
69,92,25
69,92,26
69,92,27
69,92,28
69,93,25
69,93,26
69,93,27
69,93,28
69,94,25
69,94,26
69,94,27
69,94,28
69,95,21
69,95,22
69,95,25
69,95,26
69,95,27
69,95,28
69,96,21
69,96,22
69,96,24
69,96,25
69,96,26
69,96,27
69,96,28
69,96,29
69,97,21
69,97,22
69,97,23
69,97,25
69,97,26
69,97,27
69,97,28
69,97,29
69,97,30
69,98,21
69,98,22
69,98,23
69,98,24
69,98,25
69,98,26
69,98,27
69,98,28
69,98,29
69,99,21
69,99,22
69,99,23
69,99,24
69,99,25
69,99,26
69,99,27
69,99,28
69,99,29
69,99,30
69,100,21
69,100,22
69,100,23
69,100,24
69,100,25
69,100,26
69,100,27
69,100,28
69,101,21
69,101,22
69,101,23
69,101,24
69,101,25
69,101,26
69,101,27
69,101,28
69,101,29
69,102,22
69,102,23
69,102,24
69,102,25
69,102,26
69,102,27
69,102,28
69,102,29
69,102,30
69,103,22
69,103,23
69,103,24
69,103,25
69,103,26
69,103,27
69,103,28
69,103,29
69,103,30
69,103,31
69,103,32
69,103,33
69,103,34
69,103,35
69,104,22
69,104,23
69,104,24
69,104,25
69,104,26
69,104,27
69,104,28
69,104,29
69,104,30
69,104,31
69,104,32
69,104,33
69,104,34
69,105,21
69,105,22
69,105,23
69,105,24
69,105,25
69,105,26
69,105,27
69,105,28
69,105,29
69,105,30
69,105,31
69,105,32
69,105,33
69,106,21
69,106,22
69,106,23
69,106,24
69,106,25
69,106,26
69,106,27
69,106,28
69,106,29
69,106,30
69,106,31
69,106,32
69,107,21
69,107,22
69,107,23
69,107,24
69,107,25
69,107,26
69,107,27
69,107,28
69,107,29
69,108,21
69,108,22
69,108,23
69,108,24
69,108,25
69,108,26
69,108,27
69,108,28
69,109,24
69,109,25
69,109,26
69,109,27
69,109,28
69,110,23
69,110,24
69,110,25
69,110,26
69,110,27
69,110,28
69,111,24
69,111,25
69,111,26
69,111,27
69,111,28
69,112,24
69,112,25
69,112,26
70,81,27
70,81,28
70,82,27
70,82,28
70,82,29
70,82,30
70,82,31
70,82,32
70,83,21
70,83,27
70,83,28
70,83,29
70,83,30
70,83,31
70,84,28
70,84,29
70,84,30
70,84,31
70,85,20
70,85,28
70,85,29
70,85,30
70,85,31
70,86,19
70,86,20
70,86,29
70,86,30
70,87,19
70,87,20
70,87,24
70,87,25
70,87,29
70,87,30
70,88,19
70,88,20
70,88,24
70,88,25
70,88,29
70,89,19
70,89,20
70,89,24
70,89,25
70,89,26
70,90,19
70,90,20
70,90,24
70,90,25
70,90,26
70,90,27
70,91,19
70,91,20
70,91,21
70,91,25
70,91,26
70,91,27
70,91,28
70,92,19
70,92,20
70,92,21
70,92,25
70,92,26
70,92,27
70,92,28
70,93,18
70,93,19
70,93,20
70,93,21
70,93,25
70,93,26
70,93,27
70,93,28
70,94,18
70,94,19
70,94,20
70,94,21
70,94,25
70,94,26
70,94,27
70,94,28
70,95,18
70,95,19
70,95,20
70,95,21
70,95,25
70,95,26
70,95,27
70,95,28
70,96,19
70,96,20
70,96,21
70,96,25
70,96,26
70,96,27
70,96,28
70,96,29
70,97,19
70,97,20
70,97,21
70,97,22
70,97,26
70,97,27
70,97,28
70,97,29
70,97,30
70,98,20
70,98,21
70,98,22
70,98,23
70,98,25
70,98,26
70,98,27
70,98,28
70,98,29
70,99,20
70,99,21
70,99,22
70,99,23
70,99,24
70,99,25
70,99,27
70,99,28
70,99,29
70,100,20
70,100,21
70,100,22
70,100,23
70,100,24
70,100,25
70,100,26
70,100,27
70,100,28
70,101,21
70,101,22
70,101,23
70,101,24
70,101,25
70,101,26
70,101,27
70,101,28
70,101,29
70,101,30
70,102,21
70,102,22
70,102,23
70,102,24
70,102,25
70,102,26
70,102,27
70,102,28
70,102,29
70,102,30
70,102,31
70,103,21
70,103,22
70,103,23
70,103,24
70,103,25
70,103,26
70,103,27
70,103,28
70,103,29
70,103,30
70,103,31
70,103,32
70,103,33
70,103,34
70,104,22
70,104,23
70,104,24
70,104,25
70,104,26
70,104,27
70,104,28
70,104,29
70,104,30
70,104,31
70,104,32
70,104,33
70,104,34
70,105,21
70,105,22
70,105,23
70,105,24
70,105,25
70,105,26
70,105,27
70,105,28
70,105,29
70,105,30
70,105,31
70,105,32
70,105,33
70,106,21
70,106,22
70,106,23
70,106,24
70,106,25
70,106,26
70,106,27
70,106,28
70,106,29
70,106,30
70,107,20
70,107,21
70,107,22
70,107,23
70,107,24
70,107,25
70,107,26
70,107,27
70,107,28
70,107,29
70,108,21
70,108,22
70,108,23
70,108,24
70,108,25
70,108,26
70,108,27
70,108,28
70,109,23
70,109,24
70,109,25
70,109,26
70,109,27
70,109,28
70,110,23
70,110,24
70,110,25
70,110,26
70,110,27
70,110,28
70,110,29
70,111,23
70,111,24
70,111,25
70,111,26
70,111,27
70,111,28
70,111,29
70,112,23
70,112,24
70,112,25
70,112,26
70,112,27
71,81,22
71,81,26
71,81,27
71,81,28
71,82,21
71,82,26
71,82,27
71,82,28
71,82,29
71,82,30
71,82,31
71,82,32
71,83,20
71,83,21
71,83,26
71,83,27
71,83,28
71,83,29
71,83,30
71,83,31
71,83,32
71,84,20
71,84,21
71,84,26
71,84,27
71,84,28
71,84,29
71,84,30
71,84,31
71,85,19
71,85,20
71,85,21
71,85,22
71,85,23
71,85,26
71,85,27
71,85,28
71,85,29
71,85,30
71,85,31
71,86,19
71,86,20
71,86,21
71,86,22
71,86,23
71,86,24
71,86,26
71,86,27
71,86,28
71,86,29
71,86,30
71,87,19
71,87,20
71,87,21
71,87,23
71,87,24
71,87,25
71,87,26
71,87,28
71,87,29
71,87,30
71,88,18
71,88,19
71,88,20
71,88,21
71,88,24
71,88,25
71,88,26
71,88,29
71,89,18
71,89,19
71,89,20
71,89,21
71,89,23
71,89,24
71,89,25
71,89,26
71,90,18
71,90,19
71,90,20
71,90,21
71,90,23
71,90,24
71,90,25
71,90,26
71,90,27
71,91,18
71,91,19
71,91,20
71,91,21
71,91,22
71,91,24
71,91,25
71,91,26
71,91,27
71,91,28
71,92,18
71,92,19
71,92,20
71,92,21
71,92,22
71,92,24
71,92,25
71,92,26
71,92,27
71,92,28
71,93,18
71,93,19
71,93,20
71,93,21
71,93,22
71,93,24
71,93,25
71,93,26
71,93,27
71,93,28
71,94,18
71,94,19
71,94,20
71,94,21
71,94,22
71,94,24
71,94,25
71,94,26
71,94,27
71,95,18
71,95,19
71,95,20
71,95,21
71,95,22
71,95,24
71,95,25
71,95,26
71,95,27
71,96,18
71,96,19
71,96,20
71,96,21
71,96,22
71,96,24
71,96,25
71,96,26
71,96,27
71,96,28
71,96,29
71,97,18
71,97,19
71,97,20
71,97,21
71,97,22
71,97,23
71,97,25
71,97,26
71,97,27
71,97,28
71,97,29
71,97,30
71,98,18
71,98,19
71,98,20
71,98,21
71,98,22
71,98,26
71,98,27
71,98,28
71,98,29
71,99,19
71,99,20
71,99,21
71,99,22
71,99,23
71,99,24
71,99,28
71,99,29
71,100,20
71,100,21
71,100,22
71,100,23
71,100,24
71,100,25
71,100,26
71,100,28
71,101,20
71,101,21
71,101,22
71,101,23
71,101,24
71,101,25
71,101,26
71,101,27
71,101,28
71,101,30
71,101,31
71,101,32
71,101,33
71,102,21
71,102,22
71,102,23
71,102,24
71,102,25
71,102,26
71,102,27
71,102,28
71,102,29
71,102,30
71,102,31
71,102,32
71,102,33
71,103,21
71,103,22
71,103,23
71,103,24
71,103,25
71,103,26
71,103,27
71,103,28
71,103,29
71,103,30
71,103,31
71,103,32
71,103,33
71,104,21
71,104,22
71,104,23
71,104,24
71,104,25
71,104,26
71,104,27
71,104,28
71,104,29
71,104,30
71,104,31
71,104,32
71,104,33
71,104,34
71,105,22
71,105,23
71,105,24
71,105,25
71,105,26
71,105,27
71,105,28
71,105,29
71,105,30
71,105,32
71,106,21
71,106,22
71,106,23
71,106,24
71,106,25
71,106,26
71,106,27
71,106,28
71,106,29
71,107,21
71,107,22
71,107,23
71,107,24
71,107,25
71,107,26
71,107,27
71,107,28
71,107,29
71,108,20
71,108,21
71,108,22
71,108,23
71,108,24
71,108,25
71,108,26
71,108,27
71,108,28
71,108,29
71,109,22
71,109,23
71,109,24
71,109,25
71,109,26
71,109,27
71,109,28
71,109,29
71,110,22
71,110,23
71,110,24
71,110,25
71,110,26
71,110,27
71,110,28
71,110,29
71,111,23
71,111,24
71,111,25
71,111,26
71,111,27
71,111,28
71,111,29
71,112,23
71,112,24
71,112,25
71,112,26
71,112,27
72,81,20
72,81,21
72,81,22
72,81,26
72,81,27
72,82,20
72,82,21
72,82,22
72,82,26
72,82,27
72,82,28
72,82,29
72,82,30
72,82,31
72,82,32
72,83,19
72,83,20
72,83,21
72,83,22
72,83,26
72,83,27
72,83,28
72,83,29
72,83,30
72,83,31
72,83,32
72,83,33
72,84,19
72,84,20
72,84,21
72,84,22
72,84,23
72,84,26
72,84,27
72,84,28
72,84,29
72,84,30
72,84,31
72,84,32
72,85,19
72,85,20
72,85,21
72,85,22
72,85,23
72,85,24
72,85,25
72,85,26
72,85,27
72,85,28
72,85,29
72,85,30
72,85,31
72,86,18
72,86,19
72,86,20
72,86,21
72,86,22
72,86,23
72,86,24
72,86,25
72,86,26
72,86,27
72,86,28
72,86,29
72,86,30
72,87,18
72,87,19
72,87,20
72,87,21
72,87,22
72,87,23
72,87,24
72,87,25
72,87,26
72,87,27
72,87,28
72,87,29
72,87,30
72,88,18
72,88,19
72,88,20
72,88,21
72,88,22
72,88,23
72,88,24
72,88,25
72,88,26
72,88,28
72,88,29
72,89,18
72,89,19
72,89,20
72,89,21
72,89,22
72,89,23
72,89,24
72,89,25
72,89,26
72,89,27
72,90,18
72,90,19
72,90,20
72,90,21
72,90,22
72,90,23
72,90,24
72,90,25
72,90,26
72,90,27
72,91,18
72,91,19
72,91,20
72,91,21
72,91,22
72,91,23
72,91,24
72,91,25
72,91,26
72,91,27
72,91,28
72,92,17
72,92,18
72,92,19
72,92,20
72,92,21
72,92,22
72,92,24
72,92,25
72,92,26
72,92,27
72,92,28
72,93,17
72,93,18
72,93,19
72,93,20
72,93,21
72,93,22
72,93,23
72,93,24
72,93,25
72,93,26
72,93,27
72,93,28
72,94,17
72,94,18
72,94,19
72,94,20
72,94,21
72,94,22
72,94,23
72,94,24
72,94,25
72,94,26
72,94,27
72,95,17
72,95,18
72,95,19
72,95,20
72,95,21
72,95,22
72,95,23
72,95,24
72,95,25
72,95,26
72,95,27
72,96,17
72,96,18
72,96,19
72,96,20
72,96,21
72,96,22
72,96,23
72,96,24
72,96,25
72,96,26
72,96,27
72,96,28
72,96,29
72,97,17
72,97,18
72,97,19
72,97,20
72,97,21
72,97,22
72,97,23
72,97,24
72,97,25
72,97,26
72,97,27
72,97,28
72,97,29
72,98,18
72,98,19
72,98,20
72,98,21
72,98,22
72,98,23
72,98,25
72,98,26
72,98,27
72,98,28
72,98,29
72,99,18
72,99,19
72,99,20
72,99,21
72,99,22
72,99,23
72,99,24
72,99,25
72,99,27
72,99,28
72,99,29
72,100,19
72,100,20
72,100,21
72,100,22
72,100,23
72,100,24
72,100,25
72,101,20
72,101,21
72,101,22
72,101,23
72,101,24
72,101,25
72,101,26
72,101,27
72,101,31
72,102,21
72,102,22
72,102,23
72,102,24
72,102,25
72,102,26
72,102,27
72,102,28
72,102,29
72,102,31
72,102,32
72,102,33
72,102,34
72,103,21
72,103,22
72,103,23
72,103,24
72,103,25
72,103,26
72,103,27
72,103,28
72,103,29
72,103,30
72,103,32
72,103,33
72,104,22
72,104,23
72,104,24
72,104,25
72,104,26
72,104,27
72,104,28
72,104,29
72,104,30
72,104,31
72,104,32
72,105,22
72,105,23
72,105,24
72,105,25
72,105,26
72,105,27
72,105,28
72,105,29
72,105,30
72,106,21
72,106,22
72,106,23
72,106,24
72,106,25
72,106,26
72,106,27
72,106,28
72,106,29
72,107,21
72,107,22
72,107,23
72,107,24
72,107,25
72,107,26
72,107,27
72,107,28
72,107,29
72,108,21
72,108,22
72,108,23
72,108,24
72,108,25
72,108,26
72,108,27
72,108,28
72,108,29
72,109,22
72,109,23
72,109,24
72,109,25
72,109,26
72,109,27
72,109,28
72,110,22
72,110,23
72,110,24
72,110,25
72,110,26
72,110,27
72,110,28
72,110,29
72,111,22
72,111,23
72,111,24
72,111,25
72,111,26
72,111,27
72,111,28
72,111,29
72,112,23
72,112,24
72,112,25
72,112,26
72,112,27
73,81,20
73,81,21
73,81,22
73,81,23
73,81,24
73,81,25
73,81,26
73,81,27
73,82,19
73,82,20
73,82,21
73,82,22
73,82,23
73,82,26
73,82,27
73,82,28
73,82,29
73,83,19
73,83,20
73,83,21
73,83,22
73,83,23
73,83,26
73,83,27
73,83,28
73,83,29
73,83,30
73,83,31
73,83,32
73,83,33
73,84,19
73,84,20
73,84,21
73,84,22
73,84,23
73,84,24
73,84,25
73,84,26
73,84,27
73,84,28
73,84,29
73,84,30
73,84,31
73,84,32
73,85,18
73,85,19
73,85,20
73,85,21
73,85,22
73,85,23
73,85,24
73,85,25
73,85,26
73,85,27
73,85,28
73,85,29
73,85,30
73,85,31
73,86,18
73,86,19
73,86,20
73,86,21
73,86,22
73,86,23
73,86,24
73,86,25
73,86,26
73,86,27
73,86,28
73,86,29
73,86,30
73,87,18
73,87,19
73,87,20
73,87,21
73,87,22
73,87,23
73,87,24
73,87,25
73,87,26
73,87,27
73,87,28
73,87,29
73,87,30
73,88,18
73,88,19
73,88,20
73,88,21
73,88,22
73,88,23
73,88,24
73,88,25
73,88,26
73,88,27
73,88,28
73,88,29
73,88,30
73,89,18
73,89,19
73,89,20
73,89,21
73,89,22
73,89,23
73,89,24
73,89,25
73,89,26
73,89,27
73,89,28
73,90,18
73,90,19
73,90,20
73,90,21
73,90,22
73,90,23
73,90,24
73,90,25
73,90,26
73,90,27
73,90,28
73,91,18
73,91,19
73,91,20
73,91,21
73,91,22
73,91,23
73,91,24
73,91,25
73,91,26
73,91,27
73,91,28
73,92,17
73,92,18
73,92,19
73,92,20
73,92,21
73,92,22
73,92,23
73,92,24
73,92,25
73,92,26
73,92,27
73,92,28
73,93,17
73,93,18
73,93,19
73,93,20
73,93,21
73,93,22
73,93,23
73,93,24
73,93,25
73,93,26
73,93,27
73,93,28
73,94,17
73,94,18
73,94,19
73,94,20
73,94,21
73,94,22
73,94,23
73,94,24
73,94,25
73,94,26
73,94,27
73,95,17
73,95,18
73,95,19
73,95,20
73,95,21
73,95,22
73,95,23
73,95,24
73,95,25
73,95,26
73,95,27
73,96,17
73,96,18
73,96,19
73,96,20
73,96,21
73,96,22
73,96,23
73,96,24
73,96,25
73,96,26
73,96,27
73,96,28
73,97,17
73,97,18
73,97,19
73,97,20
73,97,21
73,97,22
73,97,23
73,97,24
73,97,25
73,97,26
73,97,27
73,97,28
73,97,29
73,98,17
73,98,18
73,98,19
73,98,20
73,98,21
73,98,22
73,98,23
73,98,24
73,98,25
73,98,26
73,98,27
73,98,28
73,99,18
73,99,19
73,99,20
73,99,21
73,99,22
73,99,23
73,99,24
73,99,25
73,99,26
73,99,27
73,99,28
73,99,29
73,100,19
73,100,20
73,100,21
73,100,22
73,100,23
73,100,24
73,100,25
73,100,26
73,100,28
73,101,20
73,101,21
73,101,22
73,101,23
73,101,24
73,101,25
73,101,26
73,101,27
73,101,28
73,101,30
73,102,21
73,102,22
73,102,23
73,102,24
73,102,25
73,102,26
73,102,27
73,102,28
73,102,32
73,102,33
73,102,34
73,103,21
73,103,22
73,103,23
73,103,24
73,103,25
73,103,26
73,103,27
73,103,28
73,103,29
73,104,22
73,104,23
73,104,24
73,104,25
73,104,26
73,104,27
73,104,28
73,104,29
73,104,30
73,104,31
73,105,22
73,105,23
73,105,24
73,105,25
73,105,26
73,105,27
73,105,28
73,105,29
73,105,30
73,106,22
73,106,23
73,106,24
73,106,25
73,106,26
73,106,27
73,106,28
73,106,29
73,107,22
73,107,23
73,107,24
73,107,25
73,107,26
73,107,27
73,107,28
73,107,29
73,108,22
73,108,23
73,108,24
73,108,25
73,108,26
73,108,27
73,108,28
73,108,29
73,109,22
73,109,23
73,109,24
73,109,25
73,109,26
73,109,27
73,109,28
73,110,21
73,110,22
73,110,23
73,110,24
73,110,25
73,110,26
73,110,27
73,110,28
73,110,29
73,111,22
73,111,23
73,111,24
73,111,25
73,111,26
73,111,27
73,111,28
73,112,23
73,112,24
73,112,25
73,112,26
73,112,27
74,81,19
74,81,20
74,81,21
74,81,22
74,81,23
74,81,24
74,81,25
74,81,26
74,81,27
74,82,19
74,82,20
74,82,21
74,82,22
74,82,23
74,82,24
74,82,25
74,82,26
74,82,27
74,82,28
74,83,19
74,83,20
74,83,21
74,83,22
74,83,23
74,83,24
74,83,25
74,83,26
74,83,27
74,83,28
74,83,29
74,83,30
74,83,31
74,83,32
74,83,33
74,83,34
74,84,18
74,84,19
74,84,20
74,84,21
74,84,22
74,84,23
74,84,24
74,84,25
74,84,26
74,84,27
74,84,28
74,84,29
74,84,30
74,84,31
74,84,32
74,85,18
74,85,19
74,85,20
74,85,21
74,85,22
74,85,23
74,85,24
74,85,25
74,85,26
74,85,27
74,85,28
74,85,29
74,85,30
74,85,31
74,86,18
74,86,19
74,86,20
74,86,21
74,86,22
74,86,23
74,86,24
74,86,25
74,86,26
74,86,27
74,86,28
74,86,29
74,86,30
74,87,18
74,87,19
74,87,20
74,87,21
74,87,22
74,87,23
74,87,24
74,87,25
74,87,26
74,87,27
74,87,28
74,87,29
74,87,30
74,88,18
74,88,19
74,88,20
74,88,21
74,88,22
74,88,23
74,88,24
74,88,25
74,88,26
74,88,27
74,88,28
74,88,29
74,88,30
74,89,18
74,89,19
74,89,20
74,89,21
74,89,22
74,89,23
74,89,24
74,89,25
74,89,26
74,89,27
74,89,28
74,89,29
74,90,18
74,90,19
74,90,20
74,90,21
74,90,22
74,90,23
74,90,24
74,90,25
74,90,26
74,90,27
74,90,28
74,91,18
74,91,19
74,91,20
74,91,21
74,91,22
74,91,23
74,91,24
74,91,25
74,91,26
74,91,27
74,91,28
74,92,17
74,92,18
74,92,19
74,92,20
74,92,21
74,92,22
74,92,23
74,92,24
74,92,25
74,92,26
74,92,27
74,92,28
74,92,29
74,92,30
74,92,31
74,93,17
74,93,18
74,93,19
74,93,20
74,93,21
74,93,22
74,93,23
74,93,24
74,93,25
74,93,26
74,93,27
74,93,28
74,94,17
74,94,18
74,94,19
74,94,20
74,94,21
74,94,22
74,94,23
74,94,24
74,94,25
74,94,26
74,94,27
74,95,17
74,95,18
74,95,19
74,95,20
74,95,21
74,95,22
74,95,23
74,95,24
74,95,25
74,95,26
74,95,27
74,96,17
74,96,18
74,96,19
74,96,20
74,96,21
74,96,22
74,96,23
74,96,24
74,96,25
74,96,26
74,96,27
74,96,28
74,97,17
74,97,18
74,97,19
74,97,20
74,97,21
74,97,22
74,97,23
74,97,24
74,97,25
74,97,26
74,97,27
74,97,28
74,97,29
74,98,17
74,98,18
74,98,19
74,98,20
74,98,21
74,98,22
74,98,23
74,98,24
74,98,25
74,98,26
74,98,27
74,98,28
74,99,18
74,99,19
74,99,20
74,99,21
74,99,22
74,99,23
74,99,24
74,99,25
74,99,26
74,99,27
74,99,28
74,99,29
74,100,20
74,100,21
74,100,22
74,100,23
74,100,24
74,100,25
74,100,26
74,100,27
74,100,28
74,101,21
74,101,22
74,101,23
74,101,24
74,101,25
74,101,26
74,101,27
74,101,28
74,101,29
74,101,30
74,102,22
74,102,23
74,102,24
74,102,25
74,102,26
74,102,27
74,102,28
74,102,29
74,102,31
74,102,32
74,102,33
74,102,34
74,103,22
74,103,23
74,103,24
74,103,25
74,103,26
74,103,27
74,103,28
74,103,29
74,103,30
74,104,23
74,104,24
74,104,25
74,104,26
74,104,27
74,104,28
74,104,29
74,104,30
74,105,23
74,105,24
74,105,25
74,105,26
74,105,27
74,105,28
74,105,29
74,105,30
74,106,23
74,106,24
74,106,25
74,106,26
74,106,27
74,106,28
74,106,29
74,107,22
74,107,23
74,107,24
74,107,25
74,107,26
74,107,27
74,107,28
74,107,29
74,108,22
74,108,23
74,108,24
74,108,25
74,108,26
74,108,27
74,108,28
74,108,29
74,108,30
74,109,22
74,109,23
74,109,24
74,109,25
74,109,26
74,109,27
74,109,28
74,110,22
74,110,23
74,110,24
74,110,25
74,110,26
74,110,27
74,110,28
74,111,22
74,111,23
74,111,24
74,111,25
74,111,26
74,111,27
74,112,24
74,112,25
74,112,26
75,81,19
75,81,20
75,81,21
75,81,22
75,81,23
75,81,24
75,81,25
75,81,26
75,81,27
75,82,19
75,82,20
75,82,21
75,82,22
75,82,23
75,82,24
75,82,25
75,82,26
75,82,27
75,82,28
75,83,19
75,83,20
75,83,21
75,83,22
75,83,23
75,83,24
75,83,25
75,83,26
75,83,27
75,83,28
75,83,29
75,83,30
75,83,31
75,83,32
75,83,33
75,83,34
75,84,18
75,84,19
75,84,20
75,84,21
75,84,22
75,84,23
75,84,24
75,84,25
75,84,26
75,84,27
75,84,28
75,84,29
75,84,30
75,84,31
75,84,32
75,85,18
75,85,19
75,85,20
75,85,21
75,85,22
75,85,23
75,85,24
75,85,25
75,85,26
75,85,27
75,85,28
75,85,29
75,85,30
75,85,31
75,86,18
75,86,19
75,86,20
75,86,21
75,86,22
75,86,23
75,86,24
75,86,25
75,86,26
75,86,27
75,86,28
75,86,29
75,86,30
75,87,18
75,87,19
75,87,20
75,87,21
75,87,22
75,87,23
75,87,24
75,87,25
75,87,26
75,87,27
75,87,28
75,87,29
75,87,30
75,88,18
75,88,19
75,88,20
75,88,21
75,88,22
75,88,23
75,88,24
75,88,25
75,88,26
75,88,27
75,88,28
75,88,29
75,88,30
75,89,18
75,89,19
75,89,20
75,89,21
75,89,22
75,89,23
75,89,24
75,89,25
75,89,26
75,89,27
75,89,28
75,89,29
75,90,18
75,90,19
75,90,20
75,90,21
75,90,22
75,90,23
75,90,24
75,90,25
75,90,26
75,90,27
75,90,28
75,91,18
75,91,19
75,91,20
75,91,21
75,91,22
75,91,23
75,91,24
75,91,25
75,91,26
75,91,27
75,91,28
75,92,17
75,92,18
75,92,19
75,92,20
75,92,21
75,92,22
75,92,23
75,92,24
75,92,25
75,92,26
75,92,27
75,92,28
75,92,29
75,92,30
75,92,31
75,92,32
75,93,17
75,93,18
75,93,19
75,93,20
75,93,21
75,93,22
75,93,23
75,93,24
75,93,25
75,93,26
75,93,27
75,93,28
75,94,17
75,94,18
75,94,19
75,94,20
75,94,21
75,94,22
75,94,23
75,94,24
75,94,25
75,94,26
75,94,27
75,95,17
75,95,18
75,95,19
75,95,20
75,95,21
75,95,22
75,95,23
75,95,24
75,95,25
75,95,26
75,95,27
75,96,17
75,96,18
75,96,19
75,96,20
75,96,21
75,96,22
75,96,23
75,96,24
75,96,25
75,96,26
75,96,27
75,96,28
75,97,17
75,97,18
75,97,19
75,97,20
75,97,21
75,97,22
75,97,23
75,97,24
75,97,25
75,97,26
75,97,27
75,97,28
75,97,29
75,98,17
75,98,18
75,98,19
75,98,20
75,98,21
75,98,22
75,98,23
75,98,24
75,98,25
75,98,26
75,98,27
75,98,28
75,99,18
75,99,19
75,99,20
75,99,21
75,99,22
75,99,23
75,99,24
75,99,25
75,99,26
75,99,27
75,99,28
75,99,29
75,100,21
75,100,22
75,100,23
75,100,24
75,100,25
75,100,26
75,100,27
75,100,28
75,101,22
75,101,23
75,101,24
75,101,25
75,101,26
75,101,27
75,101,28
75,101,29
75,101,30
75,102,23
75,102,24
75,102,25
75,102,26
75,102,27
75,102,28
75,102,29
75,102,30
75,102,35
75,103,23
75,103,24
75,103,25
75,103,26
75,103,27
75,103,28
75,103,29
75,103,30
75,104,24
75,104,25
75,104,26
75,104,27
75,104,28
75,104,29
75,104,30
75,105,24
75,105,25
75,105,26
75,105,27
75,105,28
75,105,29
75,105,30
75,106,23
75,106,24
75,106,25
75,106,26
75,106,27
75,106,28
75,106,29
75,107,22
75,107,23
75,107,24
75,107,25
75,107,26
75,107,27
75,107,28
75,107,29
75,108,22
75,108,23
75,108,24
75,108,25
75,108,26
75,108,27
75,108,28
75,108,29
75,108,30
75,109,22
75,109,23
75,109,24
75,109,25
75,109,26
75,109,27
75,109,28
75,110,22
75,110,23
75,110,24
75,110,25
75,110,26
75,110,27
75,111,22
75,111,23
75,111,24
75,111,25
75,111,26
76,81,19
76,81,20
76,81,21
76,81,22
76,81,23
76,81,24
76,81,25
76,81,26
76,81,27
76,82,19
76,82,20
76,82,21
76,82,22
76,82,23
76,82,24
76,82,25
76,82,26
76,82,27
76,82,28
76,83,19
76,83,20
76,83,21
76,83,22
76,83,23
76,83,24
76,83,25
76,83,26
76,83,27
76,83,28
76,83,29
76,83,30
76,83,31
76,83,32
76,83,33
76,83,34
76,84,18
76,84,19
76,84,20
76,84,21
76,84,22
76,84,23
76,84,24
76,84,25
76,84,26
76,84,27
76,84,28
76,84,29
76,84,30
76,84,31
76,84,32
76,85,18
76,85,19
76,85,20
76,85,21
76,85,22
76,85,23
76,85,24
76,85,25
76,85,26
76,85,27
76,85,28
76,85,29
76,85,30
76,85,31
76,86,18
76,86,19
76,86,20
76,86,21
76,86,22
76,86,23
76,86,24
76,86,25
76,86,26
76,86,27
76,86,28
76,86,29
76,86,30
76,87,18
76,87,19
76,87,20
76,87,21
76,87,22
76,87,23
76,87,24
76,87,25
76,87,26
76,87,27
76,87,28
76,87,29
76,88,18
76,88,19
76,88,20
76,88,21
76,88,22
76,88,23
76,88,24
76,88,25
76,88,26
76,88,27
76,88,28
76,89,18
76,89,19
76,89,20
76,89,21
76,89,22
76,89,23
76,89,24
76,89,25
76,89,26
76,89,27
76,89,28
76,90,18
76,90,19
76,90,20
76,90,21
76,90,22
76,90,23
76,90,24
76,90,25
76,90,26
76,90,27
76,91,18
76,91,19
76,91,20
76,91,21
76,91,22
76,91,23
76,91,24
76,91,25
76,91,26
76,91,27
76,92,17
76,92,18
76,92,19
76,92,20
76,92,21
76,92,22
76,92,23
76,92,24
76,92,25
76,92,26
76,92,27
76,93,17
76,93,18
76,93,19
76,93,20
76,93,21
76,93,22
76,93,23
76,93,24
76,93,25
76,93,26
76,93,27
76,94,17
76,94,18
76,94,19
76,94,20
76,94,21
76,94,22
76,94,23
76,94,24
76,94,25
76,94,26
76,94,27
76,95,17
76,95,18
76,95,19
76,95,20
76,95,21
76,95,22
76,95,23
76,95,24
76,95,25
76,95,26
76,95,27
76,96,17
76,96,18
76,96,19
76,96,20
76,96,21
76,96,22
76,96,23
76,96,24
76,96,25
76,96,26
76,96,27
76,97,17
76,97,18
76,97,19
76,97,20
76,97,21
76,97,22
76,97,23
76,97,24
76,97,25
76,97,26
76,97,27
76,97,28
76,98,17
76,98,18
76,98,19
76,98,20
76,98,21
76,98,22
76,98,23
76,98,24
76,98,25
76,98,26
76,98,27
76,98,28
76,99,18
76,99,19
76,99,20
76,99,21
76,99,22
76,99,23
76,99,24
76,99,25
76,99,26
76,99,27
76,99,28
76,100,21
76,100,22
76,100,23
76,100,24
76,100,25
76,100,26
76,100,27
76,100,28
76,100,29
76,101,22
76,101,23
76,101,24
76,101,25
76,101,26
76,101,27
76,101,28
76,101,29
76,101,30
76,101,31
76,102,23
76,102,24
76,102,25
76,102,26
76,102,27
76,102,28
76,102,29
76,102,30
76,102,35
76,102,36
76,103,23
76,103,24
76,103,25
76,103,26
76,103,27
76,103,28
76,103,29
76,104,24
76,104,25
76,104,26
76,104,27
76,104,28
76,104,29
76,104,30
76,105,24
76,105,25
76,105,26
76,105,27
76,105,28
76,105,29
76,105,30
76,106,23
76,106,24
76,106,25
76,106,26
76,106,27
76,106,28
76,106,29
76,107,22
76,107,23
76,107,24
76,107,25
76,107,26
76,107,27
76,107,28
76,107,29
76,108,22
76,108,23
76,108,24
76,108,25
76,108,26
76,108,27
76,108,28
76,108,29
76,108,30
76,109,22
76,109,23
76,109,24
76,109,25
76,109,26
76,109,27
76,110,22
76,110,23
76,110,24
76,110,25
76,110,26
76,110,27
76,111,23
76,111,24
76,111,25
77,81,19
77,81,20
77,81,21
77,81,22
77,81,23
77,81,24
77,81,25
77,81,26
77,81,27
77,82,19
77,82,20
77,82,21
77,82,22
77,82,23
77,82,24
77,82,25
77,82,26
77,82,27
77,82,28
77,83,19
77,83,20
77,83,21
77,83,22
77,83,23
77,83,24
77,83,25
77,83,26
77,83,27
77,83,28
77,83,29
77,83,30
77,83,31
77,83,32
77,83,33
77,83,34
77,84,18
77,84,19
77,84,20
77,84,21
77,84,22
77,84,23
77,84,24
77,84,25
77,84,26
77,84,27
77,84,28
77,84,29
77,84,30
77,84,31
77,84,32
77,84,33
77,85,18
77,85,19
77,85,20
77,85,21
77,85,22
77,85,23
77,85,24
77,85,25
77,85,26
77,85,27
77,85,28
77,85,29
77,85,30
77,85,31
77,86,18
77,86,19
77,86,20
77,86,21
77,86,22
77,86,23
77,86,24
77,86,25
77,86,26
77,86,27
77,86,28
77,86,29
77,86,30
77,87,18
77,87,19
77,87,20
77,87,21
77,87,22
77,87,23
77,87,24
77,87,25
77,87,26
77,87,27
77,87,28
77,87,29
77,87,30
77,88,18
77,88,19
77,88,20
77,88,21
77,88,22
77,88,23
77,88,24
77,88,25
77,88,26
77,88,27
77,88,28
77,88,29
77,88,30
77,89,18
77,89,19
77,89,20
77,89,21
77,89,22
77,89,23
77,89,24
77,89,25
77,89,26
77,89,27
77,89,28
77,89,29
77,90,18
77,90,19
77,90,20
77,90,21
77,90,22
77,90,23
77,90,24
77,90,25
77,90,26
77,90,27
77,90,28
77,91,18
77,91,19
77,91,20
77,91,21
77,91,22
77,91,23
77,91,24
77,91,25
77,91,26
77,91,27
77,91,28
77,92,18
77,92,19
77,92,20
77,92,21
77,92,22
77,92,23
77,92,24
77,92,25
77,92,26
77,92,27
77,92,28
77,92,29
77,92,30
77,93,17
77,93,18
77,93,19
77,93,20
77,93,21
77,93,22
77,93,23
77,93,24
77,93,25
77,93,26
77,93,27
77,93,28
77,94,17
77,94,18
77,94,19
77,94,20
77,94,21
77,94,22
77,94,23
77,94,24
77,94,25
77,94,26
77,94,27
77,94,28
77,95,17
77,95,18
77,95,19
77,95,20
77,95,21
77,95,22
77,95,23
77,95,24
77,95,25
77,95,26
77,95,27
77,96,17
77,96,18
77,96,19
77,96,20
77,96,21
77,96,22
77,96,23
77,96,24
77,96,25
77,96,26
77,96,27
77,96,28
77,97,17
77,97,18
77,97,19
77,97,20
77,97,21
77,97,22
77,97,23
77,97,24
77,97,25
77,97,26
77,97,27
77,97,28
77,97,29
77,97,30
77,98,17
77,98,18
77,98,19
77,98,20
77,98,21
77,98,22
77,98,23
77,98,24
77,98,25
77,98,26
77,98,27
77,98,28
77,98,29
77,99,18
77,99,19
77,99,20
77,99,21
77,99,22
77,99,23
77,99,24
77,99,25
77,99,26
77,99,27
77,99,28
77,99,29
77,99,30
77,100,20
77,100,21
77,100,22
77,100,23
77,100,24
77,100,25
77,100,26
77,100,27
77,100,28
77,100,29
77,101,21
77,101,22
77,101,23
77,101,24
77,101,25
77,101,26
77,101,27
77,101,28
77,101,29
77,101,30
77,101,31
77,102,22
77,102,23
77,102,24
77,102,25
77,102,26
77,102,27
77,102,28
77,102,29
77,102,30
77,102,31
77,102,32
77,102,33
77,102,34
77,102,35
77,103,23
77,103,24
77,103,25
77,103,26
77,103,27
77,103,28
77,103,29
77,103,30
77,104,23
77,104,24
77,104,25
77,104,26
77,104,27
77,104,28
77,104,29
77,104,30
77,105,23
77,105,24
77,105,25
77,105,26
77,105,27
77,105,28
77,105,29
77,105,30
77,106,23
77,106,24
77,106,25
77,106,26
77,106,27
77,106,28
77,106,29
77,107,22
77,107,23
77,107,24
77,107,25
77,107,26
77,107,27
77,107,28
77,107,29
77,108,22
77,108,23
77,108,24
77,108,25
77,108,26
77,108,27
77,108,28
77,108,29
77,108,30
77,109,22
77,109,23
77,109,24
77,109,25
77,109,26
77,109,27
77,110,22
77,110,23
77,110,24
77,110,25
77,110,26
77,110,27
77,110,28
77,111,23
77,111,24
77,111,25
77,112,24
77,112,25
77,112,26
78,81,19
78,81,20
78,81,21
78,81,22
78,81,23
78,81,24
78,81,25
78,81,26
78,81,27
78,82,19
78,82,20
78,82,21
78,82,22
78,82,23
78,82,25
78,82,26
78,82,27
78,82,28
78,82,29
78,83,18
78,83,19
78,83,20
78,83,21
78,83,22
78,83,23
78,83,25
78,83,26
78,83,27
78,83,28
78,83,29
78,83,30
78,83,31
78,83,32
78,83,33
78,83,34
78,84,18
78,84,19
78,84,20
78,84,21
78,84,22
78,84,23
78,84,24
78,84,25
78,84,26
78,84,27
78,84,28
78,84,29
78,84,30
78,84,31
78,84,32
78,85,18
78,85,19
78,85,20
78,85,21
78,85,22
78,85,23
78,85,24
78,85,25
78,85,26
78,85,27
78,85,28
78,85,29
78,85,30
78,85,31
78,86,18
78,86,19
78,86,20
78,86,21
78,86,22
78,86,23
78,86,24
78,86,25
78,86,26
78,86,27
78,86,28
78,86,29
78,86,30
78,87,18
78,87,19
78,87,20
78,87,21
78,87,22
78,87,23
78,87,24
78,87,25
78,87,26
78,87,27
78,87,28
78,87,29
78,87,30
78,88,18
78,88,19
78,88,20
78,88,21
78,88,22
78,88,23
78,88,24
78,88,25
78,88,26
78,88,27
78,88,28
78,88,29
78,88,30
78,89,18
78,89,19
78,89,20
78,89,21
78,89,22
78,89,23
78,89,24
78,89,25
78,89,26
78,89,27
78,89,28
78,89,29
78,90,18
78,90,19
78,90,20
78,90,21
78,90,22
78,90,23
78,90,24
78,90,25
78,90,26
78,90,27
78,90,28
78,91,18
78,91,19
78,91,20
78,91,21
78,91,22
78,91,23
78,91,24
78,91,25
78,91,26
78,91,27
78,91,28
78,92,18
78,92,19
78,92,20
78,92,21
78,92,22
78,92,23
78,92,24
78,92,25
78,92,26
78,92,27
78,92,28
78,92,29
78,93,17
78,93,18
78,93,19
78,93,20
78,93,21
78,93,22
78,93,23
78,93,24
78,93,25
78,93,26
78,93,27
78,93,28
78,94,17
78,94,18
78,94,19
78,94,20
78,94,21
78,94,22
78,94,23
78,94,24
78,94,25
78,94,26
78,94,27
78,94,28
78,95,17
78,95,18
78,95,19
78,95,20
78,95,21
78,95,22
78,95,23
78,95,24
78,95,25
78,95,26
78,95,27
78,96,17
78,96,18
78,96,19
78,96,20
78,96,21
78,96,22
78,96,23
78,96,24
78,96,25
78,96,26
78,96,27
78,96,28
78,97,17
78,97,18
78,97,19
78,97,20
78,97,21
78,97,22
78,97,23
78,97,24
78,97,25
78,97,26
78,97,27
78,97,28
78,97,29
78,97,30
78,98,18
78,98,19
78,98,20
78,98,21
78,98,22
78,98,23
78,98,24
78,98,25
78,98,26
78,98,27
78,98,28
78,98,29
78,99,19
78,99,20
78,99,21
78,99,22
78,99,23
78,99,24
78,99,25
78,99,26
78,99,27
78,99,28
78,99,29
78,99,30
78,100,20
78,100,21
78,100,22
78,100,23
78,100,24
78,100,25
78,100,26
78,100,27
78,100,28
78,100,29
78,101,21
78,101,22
78,101,23
78,101,24
78,101,25
78,101,26
78,101,27
78,101,28
78,101,29
78,101,30
78,101,31
78,102,21
78,102,22
78,102,23
78,102,24
78,102,25
78,102,26
78,102,27
78,102,28
78,102,29
78,102,31
78,102,32
78,102,33
78,102,34
78,102,35
78,103,22
78,103,23
78,103,24
78,103,25
78,103,26
78,103,27
78,103,28
78,103,29
78,103,30
78,103,35
78,104,22
78,104,23
78,104,24
78,104,25
78,104,26
78,104,27
78,104,28
78,104,29
78,104,30
78,104,31
78,105,23
78,105,24
78,105,25
78,105,26
78,105,27
78,105,28
78,105,29
78,105,30
78,106,22
78,106,23
78,106,24
78,106,25
78,106,26
78,106,27
78,106,28
78,106,29
78,107,22
78,107,23
78,107,24
78,107,25
78,107,26
78,107,27
78,107,28
78,107,29
78,108,22
78,108,23
78,108,24
78,108,25
78,108,26
78,108,27
78,108,28
78,108,29
78,109,22
78,109,23
78,109,24
78,109,25
78,109,26
78,109,27
78,110,22
78,110,23
78,110,24
78,110,25
78,110,26
78,110,27
78,110,28
78,111,22
78,111,23
78,111,24
78,111,25
78,111,26
78,111,27
78,111,28
78,112,23
78,112,24
78,112,25
78,112,26
78,112,27
79,81,19
79,81,20
79,81,21
79,81,22
79,81,23
79,81,26
79,81,27
79,82,19
79,82,20
79,82,21
79,82,22
79,82,26
79,82,27
79,82,28
79,82,29
79,82,30
79,83,19
79,83,20
79,83,21
79,83,22
79,83,23
79,83,26
79,83,27
79,83,28
79,83,29
79,83,30
79,83,31
79,83,32
79,83,33
79,83,34
79,84,18
79,84,19
79,84,20
79,84,21
79,84,22
79,84,23
79,84,25
79,84,26
79,84,27
79,84,28
79,84,29
79,84,30
79,84,31
79,84,32
79,85,18
79,85,19
79,85,20
79,85,21
79,85,22
79,85,23
79,85,24
79,85,25
79,85,26
79,85,27
79,85,28
79,85,29
79,85,30
79,85,31
79,86,18
79,86,19
79,86,20
79,86,21
79,86,22
79,86,23
79,86,24
79,86,25
79,86,26
79,86,27
79,86,28
79,86,29
79,86,30
79,87,18
79,87,19
79,87,20
79,87,21
79,87,22
79,87,23
79,87,24
79,87,25
79,87,26
79,87,27
79,87,28
79,87,29
79,87,30
79,88,18
79,88,19
79,88,20
79,88,21
79,88,22
79,88,23
79,88,24
79,88,25
79,88,26
79,88,27
79,88,28
79,88,29
79,88,30
79,89,18
79,89,19
79,89,20
79,89,21
79,89,22
79,89,23
79,89,24
79,89,25
79,89,26
79,89,27
79,90,18
79,90,19
79,90,20
79,90,21
79,90,22
79,90,23
79,90,24
79,90,25
79,90,26
79,90,27
79,90,28
79,91,18
79,91,19
79,91,20
79,91,21
79,91,22
79,91,23
79,91,24
79,91,25
79,91,26
79,91,27
79,91,28
79,92,18
79,92,19
79,92,20
79,92,21
79,92,22
79,92,23
79,92,24
79,92,25
79,92,26
79,92,27
79,92,28
79,93,17
79,93,18
79,93,19
79,93,20
79,93,21
79,93,22
79,93,23
79,93,24
79,93,25
79,93,26
79,93,27
79,93,28
79,94,17
79,94,18
79,94,19
79,94,20
79,94,21
79,94,22
79,94,23
79,94,24
79,94,25
79,94,26
79,94,27
79,94,28
79,95,17
79,95,18
79,95,19
79,95,20
79,95,21
79,95,22
79,95,23
79,95,24
79,95,25
79,95,26
79,95,27
79,95,28
79,96,17
79,96,18
79,96,19
79,96,20
79,96,21
79,96,22
79,96,23
79,96,24
79,96,25
79,96,26
79,96,27
79,96,28
79,97,17
79,97,18
79,97,19
79,97,20
79,97,21
79,97,22
79,97,23
79,97,24
79,97,25
79,97,26
79,97,27
79,97,28
79,97,29
79,97,30
79,98,18
79,98,19
79,98,20
79,98,21
79,98,22
79,98,23
79,98,24
79,98,25
79,98,26
79,98,27
79,98,28
79,98,29
79,98,30
79,99,19
79,99,20
79,99,21
79,99,22
79,99,23
79,99,24
79,99,25
79,99,26
79,99,27
79,99,28
79,99,29
79,99,30
79,100,20
79,100,21
79,100,22
79,100,23
79,100,24
79,100,25
79,100,26
79,100,28
79,100,29
79,101,20
79,101,21
79,101,22
79,101,23
79,101,24
79,101,25
79,101,26
79,101,27
79,101,29
79,101,30
79,102,21
79,102,22
79,102,23
79,102,24
79,102,25
79,102,26
79,102,27
79,102,28
79,102,32
79,102,33
79,102,34
79,103,21
79,103,22
79,103,23
79,103,24
79,103,25
79,103,26
79,103,27
79,103,28
79,103,29
79,103,33
79,103,34
79,104,21
79,104,22
79,104,23
79,104,24
79,104,25
79,104,26
79,104,27
79,104,28
79,104,29
79,104,30
79,104,31
79,105,22
79,105,23
79,105,24
79,105,25
79,105,26
79,105,27
79,105,28
79,105,29
79,106,21
79,106,22
79,106,23
79,106,24
79,106,25
79,106,26
79,106,27
79,106,28
79,106,29
79,107,21
79,107,22
79,107,23
79,107,24
79,107,25
79,107,26
79,107,27
79,107,28
79,107,29
79,108,22
79,108,23
79,108,24
79,108,25
79,108,26
79,108,27
79,108,28
79,108,29
79,109,22
79,109,23
79,109,24
79,109,25
79,109,26
79,109,27
79,109,28
79,110,22
79,110,23
79,110,24
79,110,25
79,110,26
79,110,27
79,110,28
79,110,29
79,111,23
79,111,24
79,111,25
79,111,26
79,111,27
79,111,28
79,111,29
79,112,23
79,112,24
79,112,25
79,112,26
79,112,27
80,81,22
80,81,26
80,81,27
80,82,20
80,82,21
80,82,26
80,82,27
80,82,28
80,82,29
80,82,30
80,82,31
80,82,32
80,83,19
80,83,20
80,83,21
80,83,26
80,83,27
80,83,28
80,83,29
80,83,30
80,83,31
80,83,32
80,83,33
80,83,34
80,84,19
80,84,20
80,84,21
80,84,22
80,84,26
80,84,27
80,84,28
80,84,29
80,84,30
80,84,31
80,85,19
80,85,20
80,85,21
80,85,22
80,85,23
80,85,26
80,85,27
80,85,28
80,85,29
80,85,30
80,85,31
80,86,19
80,86,20
80,86,21
80,86,22
80,86,23
80,86,24
80,86,25
80,86,26
80,86,27
80,86,28
80,86,29
80,86,30
80,87,18
80,87,19
80,87,20
80,87,21
80,87,22
80,87,23
80,87,24
80,87,25
80,87,26
80,87,28
80,87,29
80,87,30
80,88,18
80,88,19
80,88,20
80,88,21
80,88,22
80,88,23
80,88,24
80,88,25
80,88,26
80,88,29
80,88,30
80,89,18
80,89,19
80,89,20
80,89,21
80,89,22
80,89,23
80,89,24
80,89,25
80,89,26
80,90,18
80,90,19
80,90,20
80,90,21
80,90,22
80,90,23
80,90,24
80,90,25
80,90,26
80,90,27
80,91,18
80,91,19
80,91,20
80,91,21
80,91,22
80,91,23
80,91,24
80,91,25
80,91,26
80,91,27
80,91,28
80,92,18
80,92,19
80,92,20
80,92,21
80,92,22
80,92,23
80,92,24
80,92,25
80,92,26
80,92,27
80,92,28
80,93,18
80,93,19
80,93,20
80,93,21
80,93,22
80,93,24
80,93,25
80,93,26
80,93,27
80,93,28
80,94,18
80,94,19
80,94,20
80,94,21
80,94,22
80,94,23
80,94,24
80,94,25
80,94,26
80,94,27
80,94,28
80,95,18
80,95,19
80,95,20
80,95,21
80,95,22
80,95,23
80,95,24
80,95,25
80,95,26
80,95,27
80,95,28
80,96,18
80,96,19
80,96,20
80,96,21
80,96,22
80,96,23
80,96,24
80,96,25
80,96,26
80,96,27
80,96,28
80,97,18
80,97,19
80,97,20
80,97,21
80,97,22
80,97,23
80,97,24
80,97,25
80,97,26
80,97,27
80,97,28
80,97,29
80,97,30
80,98,19
80,98,20
80,98,21
80,98,22
80,98,23
80,98,24
80,98,26
80,98,27
80,98,28
80,98,29
80,98,30
80,99,19
80,99,20
80,99,21
80,99,22
80,99,23
80,99,24
80,99,25
80,99,27
80,99,28
80,99,29
80,99,30
80,100,20
80,100,21
80,100,22
80,100,23
80,100,24
80,100,25
80,100,29
80,101,20
80,101,21
80,101,22
80,101,23
80,101,24
80,101,25
80,101,26
80,101,30
80,102,21
80,102,22
80,102,23
80,102,24
80,102,25
80,102,26
80,102,27
80,102,28
80,102,29
80,102,31
80,102,32
80,102,33
80,102,34
80,103,21
80,103,22
80,103,23
80,103,24
80,103,25
80,103,26
80,103,27
80,103,28
80,103,29
80,103,30
80,103,32
80,103,33
80,104,21
80,104,22
80,104,23
80,104,24
80,104,25
80,104,26
80,104,27
80,104,28
80,104,29
80,104,30
80,104,31
80,105,21
80,105,22
80,105,23
80,105,24
80,105,25
80,105,26
80,105,27
80,105,28
80,105,29
80,105,30
80,106,21
80,106,22
80,106,23
80,106,24
80,106,25
80,106,26
80,106,27
80,106,28
80,106,29
80,107,21
80,107,22
80,107,23
80,107,24
80,107,25
80,107,26
80,107,27
80,107,28
80,108,21
80,108,22
80,108,23
80,108,24
80,108,25
80,108,26
80,108,27
80,108,28
80,108,29
80,109,21
80,109,22
80,109,23
80,109,24
80,109,25
80,109,26
80,109,27
80,109,28
80,110,22
80,110,23
80,110,24
80,110,25
80,110,26
80,110,27
80,110,28
80,110,29
80,111,22
80,111,23
80,111,24
80,111,25
80,111,26
80,111,27
80,111,28
80,111,29
80,112,23
80,112,24
80,112,25
80,112,26
80,112,27
81,81,22
81,81,27
81,82,27
81,82,28
81,82,29
81,82,30
81,82,31
81,83,27
81,83,28
81,83,29
81,83,30
81,83,31
81,83,32
81,83,33
81,84,20
81,84,28
81,84,29
81,84,30
81,84,31
81,85,20
81,85,28
81,85,29
81,85,30
81,86,19
81,86,20
81,86,23
81,86,24
81,86,28
81,86,29
81,86,30
81,87,19
81,87,20
81,87,24
81,87,25
81,87,29
81,87,30
81,88,18
81,88,19
81,88,20
81,88,24
81,88,25
81,88,26
81,88,29
81,89,19
81,89,20
81,89,21
81,89,24
81,89,25
81,89,26
81,90,19
81,90,20
81,90,21
81,90,24
81,90,25
81,90,26
81,90,27
81,91,18
81,91,19
81,91,20
81,91,21
81,91,24
81,91,25
81,91,26
81,91,27
81,91,28
81,92,18
81,92,19
81,92,20
81,92,21
81,92,24
81,92,25
81,92,26
81,92,27
81,92,28
81,93,18
81,93,19
81,93,20
81,93,21
81,93,25
81,93,26
81,93,27
81,93,28
81,94,18
81,94,19
81,94,20
81,94,21
81,94,22
81,94,24
81,94,25
81,94,26
81,94,27
81,94,28
81,95,18
81,95,19
81,95,20
81,95,21
81,95,22
81,95,24
81,95,25
81,95,26
81,95,27
81,95,28
81,96,19
81,96,20
81,96,21
81,96,22
81,96,24
81,96,25
81,96,26
81,96,27
81,96,28
81,96,29
81,97,19
81,97,20
81,97,21
81,97,22
81,97,23
81,97,25
81,97,26
81,97,27
81,97,28
81,97,29
81,97,30
81,98,19
81,98,20
81,98,21
81,98,22
81,98,23
81,98,27
81,98,28
81,98,29
81,98,30
81,99,20
81,99,21
81,99,22
81,99,23
81,99,24
81,99,28
81,99,29
81,99,30
81,100,20
81,100,21
81,100,22
81,100,23
81,100,24
81,100,25
81,100,26
81,100,28
81,100,29
81,101,20
81,101,21
81,101,22
81,101,23
81,101,24
81,101,25
81,101,26
81,101,27
81,101,29
81,101,30
81,102,21
81,102,22
81,102,23
81,102,24
81,102,25
81,102,26
81,102,27
81,102,28
81,102,29
81,102,30
81,102,31
81,102,32
81,102,33
81,103,21
81,103,22
81,103,23
81,103,24
81,103,25
81,103,26
81,103,27
81,103,28
81,103,29
81,103,30
81,103,31
81,103,32
81,103,33
81,104,21
81,104,22
81,104,23
81,104,24
81,104,25
81,104,26
81,104,27
81,104,28
81,104,29
81,104,30
81,104,31
81,104,32
81,104,33
81,105,21
81,105,22
81,105,23
81,105,24
81,105,25
81,105,26
81,105,27
81,105,28
81,105,29
81,105,30
81,105,32
81,106,21
81,106,22
81,106,23
81,106,24
81,106,25
81,106,26
81,106,27
81,106,28
81,106,29
81,107,21
81,107,22
81,107,23
81,107,24
81,107,25
81,107,26
81,107,27
81,107,28
81,108,20
81,108,21
81,108,22
81,108,23
81,108,24
81,108,25
81,108,26
81,108,27
81,108,28
81,109,22
81,109,23
81,109,24
81,109,25
81,109,26
81,109,27
81,109,28
81,110,22
81,110,23
81,110,24
81,110,25
81,110,26
81,110,27
81,110,28
81,110,29
81,111,22
81,111,23
81,111,24
81,111,25
81,111,26
81,111,27
81,111,28
81,111,29
81,112,23
81,112,24
81,112,25
81,112,26
81,112,27
82,81,27
82,82,27
82,82,28
82,82,29
82,82,30
82,83,27
82,83,28
82,83,29
82,83,30
82,83,31
82,83,32
82,84,29
82,84,30
82,84,31
82,85,20
82,85,29
82,86,20
82,86,29
82,87,19
82,87,20
82,88,19
82,88,20
82,88,25
82,89,19
82,89,20
82,89,25
82,90,19
82,90,20
82,90,24
82,90,25
82,90,26
82,91,19
82,91,20
82,91,25
82,91,26
82,91,27
82,91,28
82,92,19
82,92,20
82,92,21
82,92,25
82,92,26
82,92,27
82,92,28
82,93,19
82,93,20
82,93,21
82,93,24
82,93,25
82,93,26
82,93,27
82,93,28
82,94,20
82,94,21
82,94,25
82,94,26
82,94,27
82,94,28
82,95,20
82,95,21
82,95,25
82,95,26
82,95,27
82,95,28
82,96,20
82,96,21
82,96,25
82,96,26
82,96,27
82,96,28
82,96,29
82,97,20
82,97,21
82,97,22
82,97,26
82,97,27
82,97,28
82,97,29
82,97,30
82,98,20
82,98,21
82,98,22
82,98,23
82,98,24
82,98,26
82,98,27
82,98,28
82,98,29
82,98,30
82,99,20
82,99,21
82,99,22
82,99,23
82,99,24
82,99,25
82,99,27
82,99,28
82,99,29
82,99,30
82,100,21
82,100,22
82,100,23
82,100,24
82,100,25
82,100,26
82,100,27
82,100,28
82,100,29
82,100,30
82,101,21
82,101,22
82,101,23
82,101,24
82,101,25
82,101,26
82,101,27
82,101,28
82,101,29
82,101,30
82,102,21
82,102,22
82,102,23
82,102,24
82,102,25
82,102,26
82,102,27
82,102,28
82,102,29
82,102,30
82,102,31
82,103,21
82,103,22
82,103,23
82,103,24
82,103,25
82,103,26
82,103,27
82,103,28
82,103,29
82,103,30
82,103,31
82,103,32
82,103,33
82,104,21
82,104,22
82,104,23
82,104,24
82,104,25
82,104,26
82,104,27
82,104,28
82,104,29
82,104,30
82,104,31
82,104,32
82,104,33
82,104,34
82,105,21
82,105,22
82,105,23
82,105,24
82,105,25
82,105,26
82,105,27
82,105,28
82,105,29
82,105,30
82,105,31
82,105,32
82,105,33
82,106,21
82,106,22
82,106,23
82,106,24
82,106,25
82,106,26
82,106,27
82,106,28
82,106,29
82,106,30
82,107,21
82,107,22
82,107,23
82,107,24
82,107,25
82,107,26
82,107,27
82,107,28
82,107,29
82,108,21
82,108,22
82,108,23
82,108,24
82,108,25
82,108,26
82,108,27
82,108,28
82,109,22
82,109,23
82,109,24
82,109,25
82,109,26
82,109,27
82,109,28
82,110,22
82,110,23
82,110,24
82,110,25
82,110,26
82,110,27
82,110,28
82,110,29
82,111,23
82,111,24
82,111,25
82,111,26
82,111,27
82,111,28
82,111,29
82,112,24
82,112,25
82,112,26
83,81,27
83,82,27
83,82,28
83,82,29
83,83,27
83,83,28
83,83,29
83,83,30
83,83,31
83,84,27
83,84,28
83,84,29
83,84,30
83,85,28
83,85,29
83,87,20
83,87,21
83,88,19
83,88,20
83,88,21
83,89,20
83,90,20
83,91,19
83,91,20
83,91,25
83,92,25
83,92,26
83,92,27
83,93,25
83,93,26
83,93,27
83,93,28
83,94,24
83,94,25
83,94,26
83,94,27
83,94,28
83,95,22
83,95,24
83,95,25
83,95,26
83,95,27
83,95,28
83,96,22
83,96,24
83,96,25
83,96,26
83,96,27
83,96,28
83,96,29
83,97,22
83,97,23
83,97,25
83,97,26
83,97,27
83,97,28
83,97,29
83,97,30
83,98,21
83,98,22
83,98,23
83,98,24
83,98,25
83,98,26
83,98,27
83,98,28
83,98,29
83,98,30
83,99,21
83,99,22
83,99,23
83,99,24
83,99,25
83,99,26
83,99,27
83,99,28
83,99,29
83,99,30
83,100,21
83,100,22
83,100,23
83,100,24
83,100,25
83,100,26
83,100,27
83,100,28
83,100,29
83,100,30
83,101,21
83,101,22
83,101,23
83,101,24
83,101,25
83,101,26
83,101,27
83,101,28
83,101,29
83,102,22
83,102,23
83,102,24
83,102,25
83,102,26
83,102,27
83,102,28
83,102,29
83,103,22
83,103,23
83,103,24
83,103,25
83,103,26
83,103,27
83,103,28
83,103,29
83,103,30
83,103,31
83,103,32
83,103,33
83,103,34
83,104,22
83,104,23
83,104,24
83,104,25
83,104,26
83,104,27
83,104,28
83,104,29
83,104,30
83,104,31
83,104,32
83,104,33
83,104,34
83,105,21
83,105,22
83,105,23
83,105,24
83,105,25
83,105,26
83,105,27
83,105,28
83,105,29
83,105,30
83,105,31
83,105,32
83,105,33
83,106,21
83,106,22
83,106,23
83,106,24
83,106,25
83,106,26
83,106,27
83,106,28
83,106,29
83,106,30
83,106,31
83,106,32
83,107,21
83,107,22
83,107,23
83,107,24
83,107,25
83,107,26
83,107,27
83,107,28
83,107,29
83,108,21
83,108,22
83,108,23
83,108,24
83,108,25
83,108,26
83,108,27
83,108,28
83,109,22
83,109,23
83,109,24
83,109,25
83,109,26
83,109,27
83,109,28
83,110,24
83,110,25
83,110,26
83,110,27
83,110,28
83,111,25
83,111,26
83,111,27
83,111,28
84,81,27
84,81,28
84,82,27
84,82,28
84,83,27
84,83,28
84,83,29
84,83,30
84,83,31
84,84,27
84,84,28
84,84,29
84,84,30
84,85,27
84,85,28
84,93,27
84,94,26
84,94,27
84,95,25
84,95,26
84,95,27
84,95,28
84,96,24
84,96,25
84,96,26
84,96,27
84,96,28
84,97,23
84,97,24
84,97,25
84,97,26
84,97,27
84,97,28
84,97,29
84,98,23
84,98,24
84,98,25
84,98,26
84,98,27
84,98,28
84,98,29
84,98,30
84,99,22
84,99,23
84,99,24
84,99,25
84,99,26
84,99,27
84,99,28
84,99,29
84,99,30
84,100,22
84,100,23
84,100,24
84,100,25
84,100,26
84,100,27
84,100,28
84,100,29
84,100,30
84,101,22
84,101,23
84,101,24
84,101,25
84,101,26
84,101,27
84,101,28
84,102,22
84,102,23
84,102,24
84,102,25
84,102,26
84,102,27
84,102,28
84,103,22
84,103,23
84,103,24
84,103,25
84,103,26
84,103,27
84,103,28
84,103,29
84,103,30
84,103,31
84,104,22
84,104,23
84,104,24
84,104,25
84,104,26
84,104,27
84,104,28
84,104,29
84,104,30
84,104,31
84,104,32
84,104,33
84,104,34
84,105,21
84,105,22
84,105,23
84,105,24
84,105,25
84,105,26
84,105,27
84,105,28
84,105,29
84,105,30
84,105,31
84,105,32
84,105,33
84,106,21
84,106,22
84,106,23
84,106,24
84,106,25
84,106,26
84,106,27
84,106,28
84,106,29
84,106,30
84,106,31
84,106,32
84,107,21
84,107,22
84,107,23
84,107,24
84,107,25
84,107,26
84,107,27
84,107,28
84,107,29
84,108,21
84,108,22
84,108,23
84,108,24
84,108,25
84,108,26
84,108,27
84,108,28
84,109,23
84,109,24
84,109,25
84,109,26
84,109,27
84,109,28
84,110,25
84,110,26
84,110,27
84,111,26
85,81,27
85,81,28
85,81,29
85,81,30
85,81,31
85,81,32
85,82,26
85,82,27
85,83,26
85,83,27
85,83,28
85,83,29
85,83,30
85,84,27
85,84,28
85,84,29
85,84,30
85,85,27
85,85,28
85,94,27
85,95,27
85,95,28
85,96,26
85,96,27
85,96,28
85,96,29
85,97,25
85,97,26
85,97,27
85,97,28
85,97,29
85,98,25
85,98,26
85,98,27
85,98,28
85,98,29
85,98,30
85,98,31
85,99,25
85,99,26
85,99,27
85,99,28
85,99,29
85,99,30
85,99,31
85,100,25
85,100,26
85,100,27
85,100,28
85,100,29
85,101,24
85,101,25
85,101,26
85,101,27
85,102,22
85,102,24
85,102,25
85,102,26
85,103,22
85,103,23
85,103,24
85,103,25
85,103,26
85,103,27
85,103,28
85,103,29
85,104,22
85,104,23
85,104,24
85,104,25
85,104,26
85,104,27
85,104,28
85,104,29
85,104,30
85,104,31
85,105,21
85,105,22
85,105,23
85,105,24
85,105,25
85,105,26
85,105,27
85,105,28
85,105,29
85,105,30
85,105,31
85,105,32
85,106,21
85,106,22
85,106,23
85,106,24
85,106,25
85,106,26
85,106,27
85,106,28
85,106,29
85,106,30
85,106,31
85,106,32
85,107,21
85,107,22
85,107,23
85,107,24
85,107,25
85,107,26
85,107,27
85,107,28
85,107,29
85,108,22
85,108,23
85,108,24
85,108,25
85,108,26
85,108,27
85,108,28
85,108,29
85,109,24
85,109,25
85,109,26
85,109,27
85,109,28
86,81,27
86,81,28
86,81,29
86,81,30
86,81,31
86,82,27
86,83,26
86,83,27
86,83,28
86,83,29
86,83,30
86,84,27
86,84,28
86,84,29
86,84,30
86,85,27
86,85,28
86,96,28
86,97,28
86,97,29
86,98,26
86,98,27
86,98,28
86,98,29
86,99,25
86,99,26
86,99,27
86,99,28
86,99,29
86,100,25
86,100,26
86,100,27
86,101,25
86,101,26
86,102,24
86,102,25
86,103,22
86,103,23
86,103,24
86,103,25
86,103,26
86,104,24
86,104,25
86,104,26
86,104,27
86,104,28
86,104,29
86,105,22
86,105,23
86,105,24
86,105,25
86,105,26
86,105,27
86,105,28
86,105,29
86,106,21
86,106,22
86,106,23
86,106,24
86,106,25
86,106,26
86,106,27
86,106,28
86,106,29
86,107,21
86,107,22
86,107,23
86,107,24
86,107,25
86,107,26
86,107,27
86,107,28
86,107,29
86,108,24
86,108,25
86,108,26
86,108,27
86,108,28
86,109,25
86,109,26
86,109,27
87,81,27
87,81,28
87,81,29
87,81,30
87,82,27
87,83,27
87,83,28
87,83,29
87,83,30
87,84,27
87,84,28
87,84,29
87,84,30
87,85,28
87,99,25
87,100,24
87,100,25
87,100,26
87,101,23
87,101,24
87,101,25
87,101,26
87,103,24
87,103,25
87,104,25
87,104,26
87,104,27
87,104,28
87,105,25
87,105,26
87,105,27
87,105,28
87,106,25
87,106,26
87,106,27
87,107,21
87,107,22
87,107,23
87,107,24
87,107,25
87,107,26
87,107,27
87,108,25
87,108,26
88,81,27
88,81,28
88,82,27
88,83,27
88,83,28
88,83,29
88,83,30
88,84,28
88,84,29
88,100,24
88,100,25
88,107,22
88,107,23
88,107,24
88,107,25
88,107,26
89,83,28
89,100,23
89,100,24
89,100,25
89,107,23
89,107,24
89,107,25
89,107,26
