"x","y","z"
58,60,37
58,60,38
58,60,39
58,60,40
58,60,41
59,58,39
59,58,40
59,58,44
59,59,35
59,59,36
59,59,37
59,59,38
59,59,39
59,59,40
59,59,41
59,60,36
59,60,37
59,60,38
59,60,39
59,60,40
59,60,41
59,60,42
59,63,37
59,63,38
59,63,39
59,63,40
60,58,37
60,58,38
60,58,39
60,58,40
60,58,41
60,58,42
60,58,45
60,59,35
60,59,36
60,59,37
60,59,38
60,59,39
60,59,40
60,59,41
60,59,42
60,60,35
60,60,36
60,60,37
60,60,38
60,60,39
60,60,40
60,60,41
60,60,42
60,60,43
60,61,37
60,61,38
60,61,39
60,61,40
60,61,41
60,61,42
60,61,43
60,62,39
60,62,40
60,62,41
60,63,36
60,63,37
60,63,38
60,63,39
60,63,40
60,63,41
60,63,42
60,64,36
60,64,37
60,64,38
61,58,37
61,58,38
61,58,39
61,58,40
61,58,41
61,58,42
61,58,43
61,58,44
61,58,45
61,59,35
61,59,36
61,59,37
61,59,38
61,59,39
61,59,40
61,59,41
61,59,42
61,59,43
61,60,35
61,60,36
61,60,37
61,60,38
61,60,39
61,60,40
61,60,41
61,60,42
61,60,43
61,60,44
61,61,36
61,61,37
61,61,38
61,61,39
61,61,40
61,61,41
61,61,42
61,61,43
61,61,44
61,62,38
61,62,39
61,62,40
61,62,41
61,62,42
61,63,36
61,63,37
61,63,38
61,63,39
61,63,40
61,63,41
61,63,42
61,63,43
61,64,35
61,64,36
61,64,37
61,64,38
61,64,39
61,64,40
61,65,37
61,65,38
62,58,37
62,58,38
62,58,39
62,58,40
62,58,41
62,58,42
62,58,43
62,58,44
62,58,45
62,58,46
62,59,35
62,59,36
62,59,37
62,59,38
62,59,39
62,59,40
62,59,41
62,59,42
62,59,43
62,59,44
62,59,45
62,60,35
62,60,36
62,60,37
62,60,38
62,60,39
62,60,40
62,60,41
62,60,42
62,60,43
62,60,44
62,60,45
62,61,36
62,61,37
62,61,38
62,61,39
62,61,40
62,61,41
62,61,42
62,61,43
62,61,44
62,62,38
62,62,39
62,62,40
62,62,41
62,62,42
62,62,43
62,62,44
62,63,36
62,63,37
62,63,38
62,63,39
62,63,40
62,63,41
62,63,42
62,63,43
62,64,35
62,64,36
62,64,37
62,64,38
62,64,39
62,64,40
62,64,41
62,65,36
62,65,37
62,65,38
62,65,39
63,57,40
63,57,41
63,57,42
63,58,37
63,58,38
63,58,39
63,58,40
63,58,41
63,58,42
63,58,43
63,58,44
63,58,45
63,58,46
63,58,47
63,59,37
63,59,38
63,59,39
63,59,40
63,59,41
63,59,42
63,59,43
63,59,44
63,59,45
63,59,46
63,60,36
63,60,37
63,60,38
63,60,39
63,60,40
63,60,41
63,60,42
63,60,43
63,60,44
63,60,45
63,60,46
63,61,36
63,61,37
63,61,38
63,61,39
63,61,40
63,61,41
63,61,42
63,61,43
63,61,44
63,61,45
63,62,37
63,62,38
63,62,39
63,62,40
63,62,41
63,62,42
63,62,43
63,62,44
63,62,45
63,63,36
63,63,37
63,63,38
63,63,39
63,63,40
63,63,41
63,63,42
63,63,43
63,63,44
63,64,35
63,64,36
63,64,37
63,64,38
63,64,39
63,64,40
63,64,41
63,64,42
63,65,36
63,65,37
63,65,38
63,65,39
63,65,40
64,57,40
64,57,41
64,58,38
64,58,39
64,58,40
64,58,41
64,58,42
64,58,43
64,58,44
64,58,45
64,58,46
64,58,47
64,59,37
64,59,38
64,59,39
64,59,40
64,59,41
64,59,42
64,59,43
64,59,44
64,59,45
64,59,46
64,59,47
64,60,37
64,60,38
64,60,39
64,60,40
64,60,41
64,60,42
64,60,43
64,60,44
64,60,45
64,60,46
64,60,47
64,61,37
64,61,38
64,61,39
64,61,40
64,61,41
64,61,42
64,61,43
64,61,44
64,61,45
64,61,46
64,62,37
64,62,38
64,62,39
64,62,40
64,62,41
64,62,42
64,62,43
64,62,44
64,62,45
64,62,46
64,63,36
64,63,37
64,63,38
64,63,39
64,63,40
64,63,41
64,63,42
64,63,43
64,63,44
64,64,35
64,64,36
64,64,37
64,64,38
64,64,39
64,64,40
64,64,41
64,64,42
64,65,36
64,65,37
64,65,38
64,65,39
64,65,40
65,57,40
65,58,39
65,58,40
65,58,41
65,58,42
65,58,43
65,58,44
65,58,45
65,58,46
65,58,47
65,59,38
65,59,39
65,59,40
65,59,41
65,59,42
65,59,43
65,59,44
65,59,45
65,59,46
65,59,47
65,59,48
65,60,37
65,60,38
65,60,39
65,60,40
65,60,41
65,60,42
65,60,43
65,60,44
65,60,45
65,60,46
65,60,47
65,61,37
65,61,38
65,61,39
65,61,40
65,61,41
65,61,42
65,61,43
65,61,44
65,61,45
65,61,46
65,62,38
65,62,39
65,62,40
65,62,41
65,62,42
65,62,43
65,62,44
65,62,45
65,62,46
65,63,36
65,63,37
65,63,38
65,63,39
65,63,40
65,63,41
65,63,42
65,63,43
65,63,44
65,64,36
65,64,37
65,64,38
65,64,39
65,64,40
65,64,41
65,64,42
65,65,37
65,65,38
65,65,39
65,65,40
66,58,40
66,58,41
66,58,42
66,58,43
66,58,44
66,58,45
66,58,46
66,58,47
66,58,48
66,59,39
66,59,40
66,59,41
66,59,42
66,59,43
66,59,44
66,59,45
66,59,46
66,59,47
66,59,48
66,60,38
66,60,39
66,60,40
66,60,41
66,60,42
66,60,43
66,60,44
66,60,45
66,60,46
66,60,47
66,60,48
66,61,38
66,61,39
66,61,40
66,61,41
66,61,42
66,61,43
66,61,44
66,61,45
66,61,46
66,61,47
66,62,38
66,62,39
66,62,40
66,62,41
66,62,42
66,62,43
66,62,44
66,62,45
66,62,46
66,63,37
66,63,38
66,63,39
66,63,40
66,63,41
66,63,42
66,63,43
66,64,40
66,64,41
66,65,37
66,65,38
66,65,39
66,65,40
67,58,40
67,59,39
67,59,40
67,59,41
67,59,42
67,60,38
67,60,39
67,60,40
67,60,41
67,60,42
67,60,43
67,61,38
67,61,39
67,61,40
67,61,41
67,61,42
67,61,43
67,61,44
67,61,45
67,61,46
67,61,47
67,62,39
67,62,40
67,62,41
67,62,42
67,62,43
67,62,44
67,62,45
67,62,46
67,65,38
67,65,39
68,59,40
68,60,39
68,60,40
68,60,41
68,60,42
68,61,39
68,61,40
68,61,41
68,61,42
68,61,43
68,62,41
68,62,42
68,62,43
68,62,44
68,62,45
68,62,46
69,60,40
69,60,41
69,61,41
69,61,42
81,61,43
81,61,44
81,61,45
81,61,46
81,61,47
82,60,41
82,60,42
82,60,43
82,60,44
82,60,45
82,60,46
82,60,47
82,60,48
82,61,42
82,61,43
82,61,44
82,61,45
82,61,46
82,61,47
82,62,46
82,62,47
83,58,40
83,59,41
83,59,42
83,60,41
83,60,42
83,60,43
83,60,44
83,60,45
83,60,46
83,60,47
83,60,48
83,61,41
83,61,42
83,61,43
83,61,44
83,61,45
83,61,46
83,61,47
83,61,48
83,62,43
83,62,44
83,62,45
83,62,46
83,62,47
84,58,39
84,58,40
84,59,39
84,59,40
84,59,41
84,59,42
84,60,39
84,60,40
84,60,41
84,60,42
84,60,43
84,60,44
84,60,45
84,60,46
84,60,47
84,60,48
84,61,39
84,61,40
84,61,41
84,61,42
84,61,43
84,61,44
84,61,45
84,61,46
84,61,47
84,61,48
84,62,42
84,62,43
84,62,44
84,62,45
84,62,46
84,62,47
85,57,39
85,58,39
85,58,40
85,58,41
85,59,38
85,59,39
85,59,40
85,59,41
85,59,42
85,59,43
85,59,44
85,59,45
85,59,46
85,59,47
85,59,48
85,60,38
85,60,39
85,60,40
85,60,41
85,60,42
85,60,43
85,60,44
85,60,45
85,60,46
85,60,47
85,60,48
85,61,38
85,61,39
85,61,40
85,61,41
85,61,42
85,61,43
85,61,44
85,61,45
85,61,46
85,61,47
85,61,48
85,62,39
85,62,40
85,62,41
85,62,42
85,62,43
85,62,44
85,62,45
85,62,46
85,62,47
85,63,38
85,63,39
85,63,40
85,63,41
86,58,39
86,58,40
86,58,41
86,58,42
86,58,43
86,58,44
86,58,45
86,58,46
86,58,47
86,58,48
86,59,38
86,59,39
86,59,40
86,59,41
86,59,42
86,59,43
86,59,44
86,59,45
86,59,46
86,59,47
86,59,48
86,60,38
86,60,39
86,60,40
86,60,41
86,60,42
86,60,43
86,60,44
86,60,45
86,60,46
86,60,47
86,60,48
86,61,38
86,61,39
86,61,40
86,61,41
86,61,42
86,61,43
86,61,44
86,61,45
86,61,46
86,61,47
86,61,48
86,62,38
86,62,39
86,62,40
86,62,41
86,62,42
86,62,43
86,62,44
86,62,45
86,62,46
86,63,37
86,63,38
86,63,39
86,63,40
86,63,41
86,63,42
86,63,43
86,63,44
86,63,45
86,63,46
86,64,37
86,64,38
86,64,39
86,64,40
86,65,38
86,65,39
87,57,43
87,57,44
87,58,38
87,58,39
87,58,40
87,58,41
87,58,42
87,58,43
87,58,44
87,58,45
87,58,46
87,58,47
87,58,48
87,59,38
87,59,39
87,59,40
87,59,41
87,59,42
87,59,43
87,59,44
87,59,45
87,59,46
87,59,47
87,59,48
87,60,37
87,60,38
87,60,39
87,60,40
87,60,41
87,60,42
87,60,43
87,60,44
87,60,45
87,60,46
87,60,47
87,60,48
87,61,38
87,61,39
87,61,40
87,61,41
87,61,42
87,61,43
87,61,44
87,61,45
87,61,46
87,61,47
87,61,48
87,62,38
87,62,39
87,62,40
87,62,41
87,62,42
87,62,43
87,62,44
87,62,45
87,62,46
87,62,47
87,63,36
87,63,37
87,63,38
87,63,39
87,63,40
87,63,41
87,63,42
87,63,43
87,63,44
87,63,45
87,64,36
87,64,37
87,64,38
87,64,39
87,64,40
87,64,41
87,65,37
87,65,38
87,65,39
87,65,40
88,57,43
88,58,38
88,58,39
88,58,40
88,58,41
88,58,42
88,58,43
88,58,44
88,58,45
88,58,46
88,58,47
88,59,37
88,59,38
88,59,39
88,59,40
88,59,41
88,59,42
88,59,43
88,59,44
88,59,45
88,59,46
88,59,47
88,59,48
88,60,37
88,60,38
88,60,39
88,60,40
88,60,41
88,60,42
88,60,43
88,60,44
88,60,45
88,60,46
88,60,47
88,60,48
88,61,37
88,61,38
88,61,39
88,61,40
88,61,41
88,61,42
88,61,43
88,61,44
88,61,45
88,61,46
88,61,47
88,62,38
88,62,39
88,62,40
88,62,41
88,62,42
88,62,43
88,62,44
88,62,45
88,62,46
88,63,35
88,63,36
88,63,37
88,63,38
88,63,39
88,63,40
88,63,41
88,63,42
88,63,43
88,63,44
88,63,45
88,64,36
88,64,37
88,64,38
88,64,39
88,64,40
88,64,41
88,65,36
88,65,37
88,65,38
88,65,39
88,65,40
89,57,43
89,58,38
89,58,39
89,58,40
89,58,41
89,58,42
89,58,43
89,58,44
89,58,45
89,58,46
89,59,38
89,59,39
89,59,40
89,59,41
89,59,42
89,59,43
89,59,44
89,59,45
89,59,46
89,59,47
89,59,48
89,60,37
89,60,38
89,60,39
89,60,40
89,60,41
89,60,42
89,60,43
89,60,44
89,60,45
89,60,46
89,60,47
89,61,37
89,61,38
89,61,39
89,61,40
89,61,41
89,61,42
89,61,43
89,61,44
89,61,45
89,61,46
89,61,47
89,62,39
89,62,40
89,62,41
89,62,42
89,62,43
89,62,44
89,62,45
89,62,46
89,62,47
89,63,35
89,63,36
89,63,37
89,63,38
89,63,39
89,63,40
89,63,41
89,63,42
89,64,36
89,64,37
89,64,38
89,64,39
89,64,40
89,64,41
89,65,36
89,65,37
89,65,38
89,65,39
89,65,40
90,58,39
90,58,40
90,58,41
90,58,42
90,58,43
90,58,44
90,58,45
90,59,39
90,59,40
90,59,41
90,59,42
90,59,43
90,59,44
90,60,37
90,60,38
90,60,39
90,60,40
90,60,41
90,60,42
90,60,43
90,61,37
90,61,38
90,61,39
90,61,40
90,61,41
90,61,42
90,61,43
90,61,44
90,63,35
90,63,36
90,63,37
90,63,38
90,63,39
90,63,40
90,64,36
90,64,37
90,64,38
90,64,39
90,64,40
90,64,41
90,65,36
90,65,37
90,65,38
90,65,39
91,60,38
91,60,39
91,60,40
91,60,41
91,60,42
91,61,37
91,61,38
91,61,39
91,61,40
91,61,41
91,61,42
91,61,43
91,63,36
91,63,37
91,63,38
91,64,36
91,64,37
91,64,38
91,64,39
91,64,40
91,65,37
91,65,38
92,60,39
92,60,40
92,60,41
92,61,38
92,61,39
92,61,40
92,61,41
92,61,42
92,64,37
92,64,38
92,64,39
