"x","y","z"
48,58,66
48,59,66
48,59,67
49,58,66
49,58,67
49,59,66
49,59,67
50,59,66
50,59,67
50,60,68
50,61,67
50,61,68
51,60,68
51,60,69
51,61,67
51,61,68
51,62,67
51,62,68
52,61,67
52,61,68
52,61,69
52,62,67
52,62,68
52,63,67
52,63,68
53,62,67
53,62,68
53,62,69
53,62,70
53,63,67
53,63,68
53,63,69
53,64,68
53,64,69
54,64,68
54,64,69
54,67,70
55,64,68
55,64,69
55,64,70
55,65,68
55,65,69
55,65,70
55,66,68
55,66,69
55,67,69
55,67,70
56,65,68
56,65,69
56,65,70
56,66,68
56,66,69
56,66,70
56,67,69
56,67,70
56,67,71
56,68,70
56,68,71
56,69,70
56,69,71
56,70,70
56,70,71
57,68,69
57,68,70
57,68,71
57,68,72
57,69,69
57,69,70
57,69,71
57,70,69
57,70,70
57,70,71
57,71,69
57,71,70
57,72,70
57,72,71
57,73,69
57,73,70
57,73,71
57,74,68
57,74,69
57,74,70
57,74,71
58,68,69
58,68,70
58,68,71
58,69,69
58,69,70
58,69,71
58,70,69
58,70,70
58,70,71
58,71,69
58,71,70
58,71,71
58,72,70
58,72,71
58,73,68
58,73,69
58,73,70
58,73,71
58,74,68
58,74,69
58,74,70
58,74,71
58,75,67
58,75,68
58,75,69
58,75,70
58,75,71
58,76,69
58,76,70
58,76,71
58,77,66
58,77,67
58,77,68
58,77,69
58,77,70
58,77,71
58,78,68
58,78,69
58,78,70
58,78,71
58,79,71
58,80,67
58,80,68
58,80,69
58,80,70
58,80,71
58,87,69
58,88,65
58,88,66
58,88,67
58,89,63
58,89,64
58,89,65
59,71,69
59,71,70
59,73,68
59,73,69
59,73,70
59,75,67
59,75,68
59,75,69
59,75,70
59,75,71
59,76,67
59,76,68
59,76,69
59,76,70
59,76,71
59,77,66
59,77,67
59,77,68
59,77,69
59,77,70
59,77,71
59,78,66
59,78,67
59,78,68
59,78,69
59,78,70
59,78,71
59,79,65
59,79,66
59,79,67
59,79,68
59,79,69
59,79,70
59,79,71
59,80,65
59,80,66
59,80,67
59,80,68
59,80,69
59,80,70
59,80,71
59,81,64
59,81,65
59,81,66
59,81,67
59,81,68
59,81,69
59,81,70
59,81,71
59,82,64
59,82,65
59,82,66
59,82,67
59,82,68
59,82,69
59,82,70
59,83,63
59,83,64
59,83,65
59,83,66
59,83,67
59,83,68
59,83,69
59,83,70
59,84,63
59,84,64
59,84,65
59,84,66
59,84,67
59,84,68
59,84,69
59,84,70
59,85,62
59,85,63
59,85,64
59,85,65
59,85,66
59,85,67
59,85,68
59,85,69
59,86,62
59,86,63
59,86,64
59,86,65
59,86,66
59,86,67
59,86,68
59,87,63
59,87,64
59,87,65
59,87,66
59,87,67
59,87,68
59,88,59
59,88,60
59,88,61
59,88,62
59,88,63
59,88,64
59,88,65
59,88,66
59,88,67
59,88,68
59,89,59
59,89,60
59,89,61
59,89,62
59,89,63
59,89,64
59,89,65
59,89,67
60,76,67
60,76,68
60,76,69
60,76,70
60,78,66
60,78,67
60,78,68
60,78,69
60,79,65
60,79,66
60,79,67
60,79,68
60,79,69
60,79,70
60,79,71
60,79,72
60,80,65
60,80,66
60,80,67
60,80,68
60,81,64
60,81,65
60,81,66
60,81,67
60,81,68
60,81,69
60,81,70
60,81,71
60,82,64
60,82,65
60,82,66
60,82,67
60,82,68
60,82,69
60,82,70
60,82,71
60,83,63
60,83,64
60,83,65
60,83,66
60,83,67
60,83,68
60,83,69
60,83,70
60,83,71
60,84,63
60,84,64
60,84,65
60,84,66
60,84,67
60,84,68
60,84,69
60,84,70
60,84,71
60,85,62
60,85,63
60,85,64
60,85,65
60,85,66
60,85,67
60,85,68
60,85,69
60,85,70
60,86,62
60,86,63
60,86,64
60,86,65
60,86,66
60,86,67
60,86,68
60,86,69
60,86,70
60,87,61
60,87,62
60,87,63
60,87,64
60,87,65
60,87,66
60,87,67
60,87,68
60,87,69
60,87,70
60,88,59
60,88,60
60,88,61
60,88,62
60,88,63
60,88,64
60,88,65
60,88,66
60,89,59
60,89,60
60,89,61
60,89,62
60,89,63
60,89,64
61,86,62
61,86,63
61,87,61
61,87,62
61,87,63
61,87,64
61,88,59
61,88,60
90,84,64
90,84,65
90,85,63
90,85,64
91,83,64
91,83,65
91,83,66
91,83,67
91,83,68
91,84,64
91,84,65
91,84,66
91,84,67
91,84,68
91,84,69
91,84,70
91,85,63
91,85,64
91,85,65
91,85,66
91,85,67
91,85,68
91,85,69
91,85,70
91,85,71
91,86,63
91,86,64
91,86,65
91,86,66
91,86,67
91,86,68
91,86,69
91,86,70
91,86,71
91,88,62
91,88,63
91,88,64
91,89,60
91,89,61
91,89,62
92,77,67
92,77,68
92,77,69
92,77,70
92,77,71
92,77,72
92,77,73
92,78,66
92,78,67
92,78,68
92,78,69
92,78,70
92,78,71
92,78,72
92,78,73
92,79,67
92,79,68
92,79,69
92,79,70
92,79,71
92,79,72
92,80,66
92,80,67
92,80,68
92,80,69
92,80,70
92,80,71
92,80,72
92,81,66
92,81,67
92,81,68
92,81,69
92,81,70
92,81,71
92,82,65
92,82,66
92,82,67
92,82,68
92,82,69
92,82,70
92,82,71
92,83,64
92,83,65
92,83,66
92,83,67
92,83,68
92,83,69
92,83,70
92,83,71
92,84,64
92,84,65
92,84,66
92,84,67
92,84,68
92,84,69
92,84,70
92,85,63
92,85,64
92,85,65
92,85,66
92,85,67
92,85,68
92,85,69
92,85,70
92,86,63
92,86,64
92,86,65
92,86,66
92,86,67
92,86,68
92,86,69
92,87,63
92,87,64
92,87,65
92,87,66
92,87,67
92,87,68
92,87,69
92,87,70
92,88,62
92,88,63
92,88,64
92,88,65
92,88,66
92,88,67
92,88,68
92,88,69
92,88,70
92,89,60
92,89,61
92,89,62
92,89,63
92,89,64
92,89,65
92,89,66
92,89,68
93,74,68
93,74,69
93,74,70
93,74,71
93,74,72
93,75,68
93,75,69
93,75,70
93,75,71
93,75,72
93,76,67
93,76,68
93,76,69
93,76,70
93,76,71
93,77,67
93,77,68
93,77,69
93,77,70
93,77,71
93,78,66
93,78,67
93,78,68
93,78,69
93,78,70
93,78,71
93,79,67
93,79,68
93,79,69
93,79,70
93,79,71
93,80,66
93,80,67
93,80,68
93,80,69
93,80,70
93,81,66
93,81,67
93,81,68
93,81,69
93,81,70
93,82,65
93,82,66
93,82,67
93,82,68
93,82,69
93,82,70
93,83,67
93,83,68
93,83,69
93,83,70
93,87,63
93,87,64
93,87,65
93,87,66
93,87,67
93,87,68
93,88,62
93,88,63
93,88,64
93,88,65
93,88,66
93,88,67
93,89,61
93,89,62
93,89,63
93,89,64
93,89,65
94,71,68
94,71,69
94,71,70
94,71,71
94,72,68
94,72,69
94,72,70
94,72,71
94,73,68
94,73,69
94,73,70
94,73,71
94,74,68
94,74,69
94,74,70
94,74,71
94,75,68
94,75,69
94,75,70
94,75,71
94,76,67
94,76,68
94,76,69
94,76,70
94,76,71
95,69,67
95,69,68
95,69,69
95,69,70
95,69,71
95,70,68
95,70,69
95,70,70
95,71,68
95,71,69
95,71,70
95,71,71
95,72,68
95,72,69
95,72,70
95,72,71
95,73,68
95,73,69
95,73,70
95,73,71
96,67,68
96,67,69
96,67,70
96,68,69
96,68,70
96,69,67
96,69,68
96,69,69
96,69,70
96,70,68
96,70,69
96,70,70
96,70,71
97,65,68
97,65,69
97,65,70
97,66,68
97,66,69
97,66,70
97,67,68
97,67,69
97,67,70
97,68,69
97,68,70
98,62,67
98,62,68
98,63,67
98,63,68
98,64,68
98,64,69
98,64,70
98,65,68
98,65,69
98,65,70
98,66,68
98,66,69
98,66,70
99,62,67
99,62,68
99,62,69
99,63,67
99,63,68
99,63,69
99,64,68
99,64,69
100,60,67
100,60,68
100,61,67
100,61,68
100,62,68
100,63,67
100,63,68
101,59,67
101,59,68
101,60,67
101,61,67
101,62,68
102,58,66
102,58,67
102,59,67
102,60,67
102,61,67
102,62,68
102,62,69
103,58,66
103,58,67
103,60,67
103,61,68
