"x","y","z"
57,64,24
58,72,24
58,74,30
58,75,30
59,71,28
59,72,22
59,73,22
59,74,30
59,75,30
59,76,29
60,71,28
60,72,27
60,72,28
60,73,21
60,74,27
60,74,28
60,74,29
60,74,30
60,75,29
60,76,29
61,65,25
61,66,23
61,66,24
61,66,25
61,72,26
61,73,27
61,73,28
61,74,26
61,74,27
61,74,28
61,74,29
61,75,27
61,75,28
61,75,29
62,64,20
62,64,21
62,64,22
62,65,20
62,65,21
62,65,22
62,65,23
62,65,25
62,65,26
62,66,21
62,66,22
62,66,26
62,72,25
62,73,26
62,74,25
62,74,26
62,74,27
62,74,28
62,75,25
62,75,26
62,75,27
62,75,28
62,76,25
62,76,27
62,76,28
63,64,18
63,64,19
63,64,20
63,64,21
63,64,26
63,65,19
63,65,20
63,65,21
63,66,20
63,66,21
63,67,26
63,71,24
63,71,25
63,72,24
63,72,25
63,72,26
63,73,25
63,73,26
63,73,27
63,74,24
63,74,25
63,74,26
63,74,27
63,75,24
63,75,25
63,75,26
63,75,27
63,75,28
63,76,24
63,76,25
63,76,26
63,76,27
63,76,28
63,77,26
63,77,27
63,79,26
63,80,25
63,80,26
63,81,26
64,64,18
64,64,19
64,64,20
64,65,18
64,65,19
64,65,20
64,66,19
64,66,20
64,67,19
64,67,26
64,71,24
64,71,25
64,71,26
64,72,23
64,72,24
64,72,25
64,72,26
64,72,27
64,73,24
64,73,25
64,73,26
64,73,27
64,74,23
64,74,24
64,74,25
64,74,26
64,74,27
64,75,24
64,75,25
64,75,26
64,75,27
64,76,23
64,76,24
64,76,25
64,76,26
64,76,27
64,77,25
64,77,26
64,77,27
64,78,26
64,78,27
64,79,25
64,79,26
64,79,27
64,80,24
64,80,25
64,80,26
64,81,25
64,81,26
64,82,25
65,64,18
65,64,19
65,65,17
65,65,18
65,65,19
65,66,19
65,66,20
65,71,27
65,71,28
65,72,24
65,72,25
65,72,26
65,72,27
65,72,28
65,73,23
65,73,24
65,73,25
65,73,26
65,73,27
65,73,28
65,74,23
65,74,24
65,74,25
65,74,26
65,74,27
65,75,23
65,75,24
65,75,25
65,75,26
65,75,27
65,76,23
65,76,24
65,76,25
65,76,26
65,76,27
65,77,24
65,77,25
65,77,26
65,77,27
65,78,25
65,78,26
65,78,27
65,79,24
65,79,25
65,79,26
65,80,23
65,80,24
65,80,25
65,80,26
65,81,24
65,81,25
65,81,26
65,82,25
66,64,17
66,64,18
66,64,19
66,65,16
66,65,17
66,65,18
66,65,19
66,66,17
66,66,18
66,66,19
66,66,26
66,66,31
66,67,25
66,67,26
66,67,27
66,68,23
66,71,22
66,71,27
66,71,28
66,72,21
66,72,26
66,72,27
66,72,28
66,73,25
66,73,26
66,73,27
66,73,28
66,74,25
66,74,26
66,74,27
66,75,23
66,75,24
66,75,25
66,75,26
66,75,27
66,76,23
66,76,24
66,76,25
66,76,26
66,77,23
66,77,24
66,77,25
66,77,26
66,78,23
66,78,24
66,78,25
66,78,26
66,79,24
66,79,25
66,79,26
66,80,23
66,80,24
66,80,25
66,80,26
66,81,23
66,81,24
66,81,25
66,81,26
66,82,24
66,82,25
67,64,17
67,64,18
67,65,16
67,65,17
67,65,18
67,65,24
67,65,30
67,65,31
67,65,32
67,66,17
67,66,18
67,66,25
67,66,26
67,66,27
67,66,28
67,66,30
67,66,31
67,66,32
67,67,24
67,67,25
67,67,26
67,67,27
67,67,30
67,67,31
67,68,23
67,68,24
67,68,26
67,68,27
67,71,27
67,72,21
67,72,27
67,72,28
67,73,26
67,73,27
67,73,28
67,74,25
67,74,26
67,74,27
67,74,28
67,75,25
67,75,26
67,75,27
67,76,25
67,76,26
67,77,24
67,77,25
67,77,26
67,78,24
67,78,25
67,78,26
67,79,23
67,79,24
67,79,25
67,79,26
67,80,22
67,80,23
67,80,24
67,80,25
67,81,22
67,81,23
67,81,24
67,81,25
67,82,23
67,82,24
67,82,25
68,63,33
68,64,17
68,64,30
68,64,31
68,64,32
68,64,33
68,65,16
68,65,17
68,65,24
68,65,27
68,65,28
68,65,29
68,65,30
68,65,31
68,65,32
68,65,33
68,66,16
68,66,17
68,66,18
68,66,24
68,66,25
68,66,26
68,66,27
68,66,28
68,66,29
68,66,30
68,66,31
68,66,32
68,66,33
68,67,17
68,67,23
68,67,24
68,67,25
68,67,26
68,67,27
68,67,30
68,67,31
68,67,32
68,68,22
68,68,23
68,68,24
68,68,25
68,68,26
68,72,20
68,72,26
68,72,27
68,72,28
68,73,25
68,73,26
68,73,27
68,73,28
68,74,25
68,74,26
68,74,27
68,74,28
68,75,25
68,75,26
68,75,27
68,75,28
68,76,25
68,76,26
68,77,24
68,77,25
68,78,24
68,78,25
68,79,24
68,79,25
68,80,23
68,80,24
68,80,25
68,81,23
68,81,24
68,81,25
68,81,26
68,82,23
68,82,24
68,82,25
69,58,30
69,59,30
69,60,29
69,60,30
69,61,29
69,61,30
69,61,31
69,62,29
69,62,30
69,62,31
69,62,32
69,62,33
69,63,29
69,63,30
69,63,31
69,63,32
69,63,33
69,63,34
69,64,17
69,64,24
69,64,28
69,64,29
69,64,30
69,64,31
69,64,32
69,64,33
69,64,34
69,65,16
69,65,17
69,65,23
69,65,24
69,65,25
69,65,26
69,65,27
69,65,28
69,65,29
69,65,30
69,65,31
69,65,32
69,65,33
69,65,34
69,66,16
69,66,17
69,66,18
69,66,24
69,66,25
69,66,26
69,66,27
69,66,28
69,66,29
69,66,30
69,66,31
69,66,32
69,66,33
69,66,34
69,67,16
69,67,17
69,67,23
69,67,24
69,67,25
69,67,26
69,67,27
69,67,30
69,67,31
69,67,32
69,67,33
69,68,18
69,68,21
69,68,22
69,68,23
69,68,24
69,68,25
69,68,26
69,68,30
69,68,31
69,68,32
69,69,24
69,72,26
69,72,27
69,72,28
69,73,25
69,73,26
69,73,27
69,73,28
69,74,25
69,74,26
69,74,27
69,74,28
69,75,24
69,75,25
69,75,26
69,75,27
69,76,24
69,76,25
69,77,24
69,77,25
69,78,24
69,78,25
69,79,24
69,79,25
69,80,23
69,80,24
69,80,25
69,81,23
69,81,24
69,81,25
69,81,26
69,82,23
69,82,24
69,82,25
70,59,30
70,59,31
70,60,29
70,60,30
70,60,31
70,61,29
70,61,30
70,61,31
70,61,32
70,61,33
70,62,29
70,62,30
70,62,31
70,62,32
70,62,33
70,63,29
70,63,30
70,63,31
70,63,32
70,63,33
70,64,16
70,64,17
70,64,23
70,64,28
70,64,29
70,64,30
70,64,31
70,64,32
70,64,33
70,65,15
70,65,16
70,65,17
70,65,22
70,65,23
70,65,24
70,65,27
70,65,28
70,65,29
70,65,30
70,65,31
70,65,32
70,65,33
70,66,16
70,66,17
70,66,18
70,66,23
70,66,24
70,66,25
70,66,26
70,66,27
70,66,28
70,66,29
70,66,30
70,66,31
70,66,32
70,66,33
70,67,16
70,67,17
70,67,22
70,67,23
70,67,24
70,67,25
70,67,26
70,67,27
70,67,30
70,67,31
70,67,32
70,67,33
70,68,18
70,68,22
70,68,23
70,68,24
70,68,25
70,68,26
70,68,30
70,68,31
70,68,32
70,69,23
70,69,24
70,69,25
70,70,23
70,70,24
70,71,24
70,71,27
70,72,26
70,72,27
70,72,28
70,73,25
70,73,26
70,73,27
70,73,28
70,74,24
70,74,25
70,74,26
70,74,27
70,74,28
70,75,24
70,75,25
70,75,26
70,76,24
70,76,25
70,77,24
70,77,25
70,78,24
70,78,25
70,79,24
70,79,25
70,80,23
70,80,24
70,80,25
70,80,26
70,81,23
70,81,24
70,81,25
70,81,26
70,82,23
70,82,24
70,82,25
71,59,32
71,59,33
71,60,31
71,60,32
71,60,33
71,61,30
71,61,31
71,61,32
71,61,33
71,62,30
71,62,31
71,62,32
71,62,33
71,63,29
71,63,30
71,63,31
71,63,32
71,63,33
71,64,16
71,64,17
71,64,18
71,64,23
71,64,24
71,64,29
71,64,30
71,64,31
71,64,32
71,64,33
71,65,15
71,65,16
71,65,17
71,65,22
71,65,23
71,65,24
71,65,28
71,65,29
71,65,30
71,65,31
71,65,32
71,65,33
71,66,16
71,66,17
71,66,18
71,66,22
71,66,23
71,66,24
71,66,25
71,66,26
71,66,27
71,66,28
71,66,29
71,66,30
71,66,31
71,66,32
71,66,33
71,67,16
71,67,17
71,67,18
71,67,21
71,67,22
71,67,23
71,67,24
71,67,25
71,67,26
71,67,27
71,67,28
71,67,29
71,67,30
71,67,31
71,67,32
71,67,33
71,68,17
71,68,18
71,68,22
71,68,23
71,68,24
71,68,25
71,68,26
71,68,27
71,68,29
71,68,30
71,68,31
71,68,32
71,69,22
71,69,23
71,69,24
71,69,25
71,69,26
71,69,28
71,69,30
71,69,31
71,70,22
71,70,23
71,70,24
71,70,25
71,70,26
71,70,27
71,70,28
71,71,22
71,71,23
71,71,24
71,71,25
71,71,26
71,71,27
71,72,22
71,72,23
71,72,24
71,72,25
71,72,26
71,72,27
71,73,22
71,73,23
71,73,24
71,73,25
71,73,26
71,73,27
71,73,28
71,73,29
71,73,30
71,74,22
71,74,23
71,74,24
71,74,25
71,74,26
71,74,27
71,74,28
71,74,30
71,75,22
71,75,23
71,75,24
71,75,25
71,75,26
71,76,22
71,76,23
71,76,24
71,76,25
71,77,23
71,77,24
71,77,25
71,78,23
71,78,24
71,78,25
71,79,23
71,79,24
71,79,25
71,80,23
71,80,24
71,80,25
71,81,23
71,81,24
71,81,25
71,82,23
71,82,24
71,82,25
72,60,31
72,60,32
72,61,30
72,61,31
72,61,32
72,62,30
72,62,31
72,62,32
72,63,30
72,63,31
72,63,32
72,64,16
72,64,17
72,64,18
72,64,22
72,64,23
72,64,24
72,64,25
72,64,30
72,64,31
72,64,32
72,64,33
72,65,15
72,65,16
72,65,17
72,65,18
72,65,21
72,65,22
72,65,23
72,65,24
72,65,29
72,65,30
72,65,31
72,65,32
72,65,33
72,66,16
72,66,17
72,66,18
72,66,19
72,66,20
72,66,21
72,66,22
72,66,23
72,66,24
72,66,25
72,66,26
72,66,27
72,66,28
72,66,29
72,66,30
72,66,31
72,66,32
72,66,33
72,67,17
72,67,18
72,67,19
72,67,22
72,67,23
72,67,24
72,67,25
72,67,26
72,67,27
72,67,28
72,67,29
72,67,30
72,67,31
72,67,32
72,68,18
72,68,22
72,68,23
72,68,24
72,68,25
72,68,26
72,68,27
72,68,28
72,68,29
72,68,30
72,68,31
72,68,32
72,69,22
72,69,23
72,69,24
72,69,25
72,69,26
72,69,27
72,69,28
72,69,29
72,69,30
72,69,31
72,69,32
72,70,22
72,70,23
72,70,24
72,70,25
72,70,26
72,70,27
72,70,28
72,70,30
72,70,31
72,70,32
72,71,21
72,71,22
72,71,23
72,71,24
72,71,25
72,71,26
72,71,27
72,71,28
72,71,30
72,71,31
72,71,32
72,72,22
72,72,23
72,72,24
72,72,25
72,72,26
72,72,27
72,72,28
72,72,30
72,72,31
72,72,32
72,73,22
72,73,23
72,73,24
72,73,25
72,73,26
72,73,27
72,73,28
72,73,29
72,73,30
72,73,31
72,74,22
72,74,23
72,74,24
72,74,25
72,74,26
72,74,27
72,74,28
72,74,29
72,74,30
72,74,31
72,75,22
72,75,23
72,75,24
72,75,25
72,75,26
72,75,30
72,76,22
72,76,23
72,76,24
72,76,25
72,77,23
72,77,24
72,77,25
72,77,26
72,78,23
72,78,24
72,78,25
72,78,26
72,79,23
72,79,24
72,79,25
72,80,24
72,80,25
72,81,23
72,81,24
72,81,25
72,82,24
72,82,25
73,60,32
73,61,31
73,61,32
73,62,30
73,62,31
73,62,32
73,63,30
73,63,31
73,63,32
73,64,16
73,64,17
73,64,18
73,64,22
73,64,23
73,64,24
73,64,25
73,64,29
73,64,30
73,64,31
73,64,32
73,65,16
73,65,17
73,65,18
73,65,19
73,65,21
73,65,22
73,65,23
73,65,24
73,65,25
73,65,28
73,65,29
73,65,30
73,65,31
73,65,32
73,66,16
73,66,17
73,66,18
73,66,19
73,66,20
73,66,21
73,66,22
73,66,23
73,66,24
73,66,25
73,66,26
73,66,27
73,66,28
73,66,29
73,66,30
73,66,31
73,66,32
73,67,17
73,67,18
73,67,19
73,67,22
73,67,23
73,67,24
73,67,25
73,67,26
73,67,27
73,67,28
73,67,29
73,67,30
73,67,31
73,67,32
73,68,22
73,68,23
73,68,24
73,68,25
73,68,26
73,68,27
73,68,28
73,68,29
73,68,30
73,68,31
73,68,32
73,69,22
73,69,23
73,69,24
73,69,25
73,69,26
73,69,27
73,69,28
73,69,29
73,69,30
73,69,31
73,69,32
73,70,21
73,70,22
73,70,23
73,70,24
73,70,25
73,70,26
73,70,27
73,70,28
73,70,29
73,70,30
73,70,31
73,70,32
73,71,21
73,71,22
73,71,23
73,71,24
73,71,25
73,71,26
73,71,27
73,71,28
73,71,29
73,71,30
73,71,31
73,71,32
73,72,22
73,72,23
73,72,24
73,72,25
73,72,26
73,72,27
73,72,28
73,72,29
73,72,30
73,72,31
73,72,32
73,73,21
73,73,22
73,73,23
73,73,24
73,73,25
73,73,26
73,73,27
73,73,28
73,73,29
73,73,30
73,73,31
73,73,32
73,74,22
73,74,23
73,74,24
73,74,25
73,74,26
73,74,29
73,74,30
73,74,31
73,75,22
73,75,23
73,75,24
73,75,25
73,75,26
73,75,29
73,75,30
73,76,22
73,76,23
73,76,24
73,76,25
73,76,26
73,77,23
73,77,24
73,77,25
73,77,26
73,78,23
73,78,24
73,78,25
73,79,24
73,79,25
73,79,26
73,82,24
73,82,25
74,61,32
74,62,30
74,62,31
74,62,32
74,63,30
74,63,31
74,63,32
74,64,16
74,64,17
74,64,18
74,64,22
74,64,23
74,64,24
74,64,26
74,64,29
74,64,30
74,64,31
74,64,32
74,64,33
74,65,16
74,65,17
74,65,18
74,65,19
74,65,22
74,65,23
74,65,24
74,65,25
74,65,26
74,65,28
74,65,29
74,65,30
74,65,31
74,65,32
74,65,33
74,66,16
74,66,17
74,66,18
74,66,19
74,66,22
74,66,23
74,66,24
74,66,25
74,66,26
74,66,27
74,66,28
74,66,29
74,66,30
74,66,31
74,66,32
74,66,33
74,67,17
74,67,18
74,67,19
74,67,23
74,67,24
74,67,25
74,67,26
74,67,27
74,67,28
74,67,29
74,67,30
74,67,31
74,67,32
74,68,23
74,68,24
74,68,25
74,68,26
74,68,27
74,68,28
74,68,29
74,68,30
74,68,31
74,68,32
74,69,22
74,69,23
74,69,24
74,69,25
74,69,26
74,69,27
74,69,28
74,69,29
74,69,30
74,69,31
74,69,32
74,70,22
74,70,23
74,70,24
74,70,25
74,70,26
74,70,27
74,70,28
74,70,29
74,70,30
74,70,31
74,70,32
74,71,22
74,71,23
74,71,24
74,71,26
74,71,27
74,71,28
74,71,29
74,71,30
74,71,31
74,71,32
74,72,22
74,72,23
74,72,26
74,72,27
74,72,28
74,72,29
74,72,30
74,72,31
74,73,21
74,73,22
74,73,23
74,73,26
74,73,28
74,73,29
74,73,30
74,73,31
74,74,22
74,74,23
74,74,24
74,74,29
74,74,30
74,74,31
74,75,22
74,75,23
74,75,24
74,75,29
74,75,30
74,75,31
74,76,22
74,76,23
74,76,24
74,77,23
74,77,24
74,78,23
74,78,24
74,78,25
74,79,25
74,79,26
75,62,30
75,62,32
75,63,29
75,63,30
75,63,31
75,63,32
75,64,16
75,64,17
75,64,18
75,64,23
75,64,24
75,64,26
75,64,27
75,64,28
75,64,29
75,64,30
75,64,31
75,64,32
75,64,33
75,65,16
75,65,17
75,65,18
75,65,19
75,65,23
75,65,24
75,65,25
75,65,26
75,65,27
75,65,28
75,65,29
75,65,30
75,65,31
75,65,32
75,65,33
75,66,16
75,66,17
75,66,18
75,66,19
75,66,23
75,66,24
75,66,25
75,66,26
75,66,27
75,66,28
75,66,29
75,66,30
75,66,31
75,66,32
75,66,33
75,67,17
75,67,18
75,67,23
75,67,24
75,67,25
75,67,26
75,67,27
75,67,28
75,67,29
75,67,30
75,67,31
75,67,32
75,68,23
75,68,24
75,68,25
75,68,26
75,68,27
75,68,28
75,68,29
75,68,30
75,68,31
75,68,32
75,69,23
75,69,25
75,69,26
75,69,27
75,69,28
75,69,29
75,69,30
75,69,31
75,69,32
75,70,26
75,70,27
75,70,28
75,70,29
75,70,30
75,70,31
75,70,32
75,71,27
75,71,28
75,71,29
75,71,30
75,71,31
75,71,32
75,72,28
75,72,29
75,72,30
75,72,31
75,72,32
75,73,28
75,73,29
75,73,30
75,73,31
75,74,22
75,74,23
75,74,28
75,74,29
75,74,30
75,74,31
75,75,23
75,75,29
75,75,30
75,75,31
75,75,32
75,76,23
75,76,24
75,76,30
75,76,31
75,77,23
75,77,24
76,62,30
76,62,32
76,63,29
76,63,30
76,63,32
76,64,15
76,64,16
76,64,17
76,64,18
76,64,23
76,64,24
76,64,25
76,64,26
76,64,27
76,64,28
76,64,29
76,64,30
76,64,31
76,64,32
76,64,33
76,65,16
76,65,17
76,65,18
76,65,19
76,65,20
76,65,23
76,65,24
76,65,25
76,65,26
76,65,27
76,65,28
76,65,29
76,65,30
76,65,31
76,65,32
76,65,33
76,66,16
76,66,17
76,66,18
76,66,19
76,66,20
76,66,23
76,66,24
76,66,25
76,66,26
76,66,27
76,66,28
76,66,29
76,66,30
76,66,31
76,66,32
76,67,16
76,67,17
76,67,18
76,67,19
76,67,23
76,67,24
76,67,25
76,67,26
76,67,27
76,67,28
76,67,29
76,67,30
76,67,31
76,67,32
76,68,23
76,68,25
76,68,26
76,68,27
76,68,28
76,68,29
76,68,30
76,68,31
76,68,32
76,69,26
76,69,27
76,69,28
76,69,29
76,69,30
76,69,31
76,69,32
76,70,26
76,70,27
76,70,28
76,70,29
76,70,30
76,70,31
76,70,32
76,71,27
76,71,28
76,71,29
76,71,30
76,71,31
76,71,32
76,71,33
76,72,28
76,72,29
76,72,30
76,72,31
76,72,32
76,72,33
76,73,28
76,73,29
76,73,30
76,73,31
76,73,32
76,74,23
76,74,28
76,74,29
76,74,30
76,74,31
76,74,32
76,75,23
76,75,28
76,75,29
76,75,30
76,75,31
76,75,32
76,76,23
76,76,24
76,76,29
76,76,30
76,76,31
76,77,23
76,77,24
77,62,30
77,62,32
77,63,29
77,63,30
77,63,31
77,63,32
77,63,33
77,64,15
77,64,16
77,64,17
77,64,18
77,64,23
77,64,24
77,64,25
77,64,26
77,64,27
77,64,28
77,64,29
77,64,30
77,64,31
77,64,32
77,64,33
77,65,16
77,65,17
77,65,18
77,65,19
77,65,23
77,65,24
77,65,25
77,65,26
77,65,27
77,65,28
77,65,29
77,65,30
77,65,31
77,65,32
77,65,33
77,66,16
77,66,17
77,66,18
77,66,19
77,66,23
77,66,24
77,66,25
77,66,26
77,66,27
77,66,28
77,66,29
77,66,30
77,66,31
77,66,32
77,66,33
77,67,17
77,67,18
77,67,23
77,67,24
77,67,25
77,67,26
77,67,27
77,67,28
77,67,29
77,67,30
77,67,31
77,67,32
77,68,18
77,68,23
77,68,24
77,68,25
77,68,26
77,68,27
77,68,28
77,68,29
77,68,30
77,68,31
77,68,32
77,69,23
77,69,25
77,69,26
77,69,27
77,69,28
77,69,29
77,69,30
77,69,31
77,69,32
77,70,23
77,70,27
77,70,28
77,70,29
77,70,30
77,70,31
77,70,32
77,71,22
77,71,23
77,71,27
77,71,28
77,71,29
77,71,30
77,71,31
77,72,22
77,72,28
77,72,29
77,72,30
77,72,31
77,73,22
77,73,23
77,73,28
77,73,29
77,73,30
77,73,31
77,74,22
77,74,23
77,74,28
77,74,29
77,74,30
77,74,31
77,75,22
77,75,23
77,75,29
77,75,30
77,75,31
77,76,22
77,76,23
77,76,24
77,77,23
77,77,24
77,78,23
77,78,24
78,61,32
78,62,30
78,62,31
78,62,32
78,63,30
78,63,31
78,63,32
78,64,15
78,64,16
78,64,17
78,64,22
78,64,23
78,64,24
78,64,25
78,64,26
78,64,30
78,64,31
78,64,32
78,65,15
78,65,16
78,65,17
78,65,18
78,65,21
78,65,22
78,65,23
78,65,24
78,65,25
78,65,28
78,65,29
78,65,30
78,65,31
78,65,32
78,66,16
78,66,17
78,66,18
78,66,19
78,66,22
78,66,23
78,66,24
78,66,25
78,66,26
78,66,27
78,66,28
78,66,29
78,66,30
78,66,31
78,66,32
78,67,17
78,67,18
78,67,19
78,67,23
78,67,24
78,67,25
78,67,26
78,67,27
78,67,28
78,67,29
78,67,30
78,67,31
78,67,32
78,68,22
78,68,23
78,68,24
78,68,25
78,68,26
78,68,27
78,68,28
78,68,29
78,68,30
78,68,31
78,68,32
78,69,22
78,69,23
78,69,24
78,69,25
78,69,26
78,69,27
78,69,28
78,69,29
78,69,30
78,69,31
78,69,32
78,70,21
78,70,22
78,70,23
78,70,24
78,70,25
78,70,26
78,70,27
78,70,28
78,70,29
78,70,30
78,70,31
78,70,32
78,71,21
78,71,22
78,71,23
78,71,24
78,71,25
78,71,26
78,71,27
78,71,28
78,71,29
78,71,30
78,71,31
78,71,32
78,72,21
78,72,22
78,72,23
78,72,24
78,72,25
78,72,26
78,72,27
78,72,28
78,72,29
78,72,30
78,72,31
78,72,32
78,73,22
78,73,23
78,73,24
78,73,25
78,73,26
78,73,27
78,73,28
78,73,29
78,73,30
78,73,31
78,73,32
78,74,22
78,74,23
78,74,24
78,74,25
78,74,26
78,74,27
78,74,28
78,74,29
78,74,30
78,74,31
78,75,22
78,75,23
78,75,24
78,75,25
78,75,26
78,75,29
78,75,30
78,76,22
78,76,23
78,76,24
78,76,25
78,77,22
78,77,23
78,77,24
78,77,25
78,78,23
78,78,24
78,78,25
78,79,24
78,79,25
78,79,26
78,82,24
79,61,31
79,61,32
79,62,30
79,62,31
79,62,32
79,63,30
79,63,31
79,63,32
79,64,15
79,64,16
79,64,17
79,64,18
79,64,22
79,64,23
79,64,24
79,64,25
79,64,30
79,64,31
79,64,32
79,65,15
79,65,16
79,65,17
79,65,18
79,65,21
79,65,22
79,65,23
79,65,24
79,65,25
79,65,29
79,65,30
79,65,31
79,65,32
79,66,16
79,66,17
79,66,18
79,66,19
79,66,21
79,66,22
79,66,23
79,66,24
79,66,25
79,66,26
79,66,27
79,66,28
79,66,29
79,66,30
79,66,31
79,66,32
79,67,16
79,67,17
79,67,18
79,67,22
79,67,23
79,67,24
79,67,25
79,67,26
79,67,27
79,67,28
79,67,29
79,67,30
79,67,31
79,67,32
79,68,22
79,68,23
79,68,24
79,68,25
79,68,26
79,68,27
79,68,28
79,68,29
79,68,30
79,68,31
79,68,32
79,69,22
79,69,23
79,69,24
79,69,25
79,69,26
79,69,27
79,69,28
79,69,29
79,69,30
79,69,31
79,69,32
79,70,22
79,70,23
79,70,24
79,70,25
79,70,26
79,70,27
79,70,28
79,70,29
79,70,30
79,70,31
79,70,32
79,71,22
79,71,23
79,71,24
79,71,25
79,71,26
79,71,27
79,71,28
79,71,29
79,71,30
79,71,31
79,71,32
79,72,22
79,72,23
79,72,24
79,72,25
79,72,26
79,72,27
79,72,28
79,72,29
79,72,30
79,72,31
79,72,32
79,73,22
79,73,23
79,73,24
79,73,25
79,73,26
79,73,27
79,73,28
79,73,29
79,73,30
79,73,31
79,73,32
79,74,22
79,74,23
79,74,24
79,74,25
79,74,26
79,74,27
79,74,28
79,74,29
79,74,30
79,74,31
79,75,22
79,75,23
79,75,24
79,75,25
79,75,26
79,75,29
79,75,30
79,76,22
79,76,23
79,76,24
79,76,25
79,76,26
79,77,23
79,77,24
79,77,25
79,77,26
79,78,23
79,78,24
79,78,25
79,78,26
79,79,24
79,79,25
79,80,24
79,80,25
79,81,24
79,81,25
79,82,24
79,82,25
80,60,31
80,60,32
80,60,33
80,61,31
80,61,32
80,61,33
80,62,30
80,62,31
80,62,32
80,62,33
80,63,30
80,63,31
80,63,32
80,63,33
80,64,15
80,64,16
80,64,17
80,64,18
80,64,22
80,64,23
80,64,24
80,64,30
80,64,31
80,64,32
80,64,33
80,65,15
80,65,16
80,65,17
80,65,18
80,65,21
80,65,22
80,65,23
80,65,24
80,65,29
80,65,30
80,65,31
80,65,32
80,65,33
80,66,16
80,66,17
80,66,18
80,66,19
80,66,21
80,66,22
80,66,23
80,66,24
80,66,25
80,66,28
80,66,29
80,66,30
80,66,31
80,66,32
80,66,33
80,67,16
80,67,17
80,67,18
80,67,19
80,67,21
80,67,22
80,67,23
80,67,24
80,67,25
80,67,26
80,67,27
80,67,28
80,67,29
80,67,30
80,67,31
80,67,32
80,67,33
80,68,18
80,68,22
80,68,23
80,68,24
80,68,25
80,68,26
80,68,27
80,68,29
80,68,30
80,68,31
80,68,32
80,69,22
80,69,23
80,69,24
80,69,25
80,69,26
80,69,27
80,69,28
80,69,31
80,70,22
80,70,23
80,70,24
80,70,25
80,70,26
80,70,27
80,70,28
80,71,22
80,71,23
80,71,24
80,71,25
80,71,26
80,71,27
80,71,28
80,72,22
80,72,23
80,72,24
80,72,25
80,72,26
80,72,27
80,72,28
80,72,30
80,72,31
80,73,22
80,73,23
80,73,24
80,73,25
80,73,26
80,73,27
80,73,28
80,73,29
80,73,30
80,73,31
80,74,22
80,74,23
80,74,24
80,74,25
80,74,26
80,74,27
80,74,28
80,74,30
80,75,22
80,75,23
80,75,24
80,75,25
80,75,26
80,76,22
80,76,23
80,76,24
80,76,25
80,77,23
80,77,24
80,77,25
80,77,28
80,78,23
80,78,24
80,78,25
80,78,26
80,78,28
80,79,23
80,79,24
80,79,25
80,80,23
80,80,24
80,80,25
80,81,23
80,81,24
80,81,25
80,82,24
80,82,25
81,59,32
81,59,33
81,59,34
81,60,30
81,60,31
81,60,32
81,60,33
81,60,34
81,61,30
81,61,31
81,61,32
81,61,33
81,61,34
81,62,30
81,62,31
81,62,32
81,62,33
81,63,29
81,63,30
81,63,31
81,63,32
81,63,33
81,64,16
81,64,17
81,64,18
81,64,23
81,64,29
81,64,30
81,64,31
81,64,32
81,64,33
81,65,15
81,65,16
81,65,17
81,65,18
81,65,19
81,65,22
81,65,23
81,65,24
81,65,28
81,65,29
81,65,30
81,65,31
81,65,32
81,65,33
81,66,15
81,66,16
81,66,17
81,66,18
81,66,19
81,66,20
81,66,21
81,66,22
81,66,23
81,66,24
81,66,25
81,66,26
81,66,27
81,66,28
81,66,29
81,66,30
81,66,31
81,66,32
81,66,33
81,67,16
81,67,17
81,67,18
81,67,19
81,67,20
81,67,21
81,67,22
81,67,23
81,67,24
81,67,25
81,67,26
81,67,27
81,67,30
81,67,31
81,67,32
81,67,33
81,68,18
81,68,21
81,68,22
81,68,23
81,68,24
81,68,25
81,68,26
81,68,30
81,68,31
81,68,32
81,69,20
81,69,22
81,69,23
81,69,24
81,69,25
81,69,26
81,70,23
81,70,24
81,70,25
81,70,26
81,70,27
81,70,28
81,71,23
81,71,24
81,71,25
81,71,26
81,71,27
81,71,28
81,72,23
81,72,24
81,72,25
81,72,26
81,72,27
81,72,28
81,73,24
81,73,25
81,73,26
81,73,27
81,73,28
81,74,24
81,74,25
81,74,26
81,74,27
81,74,28
81,75,24
81,75,25
81,75,26
81,76,23
81,76,24
81,76,25
81,77,24
81,77,25
81,78,24
81,78,25
81,78,26
81,79,24
81,79,25
81,80,23
81,80,24
81,80,25
81,80,26
81,81,23
81,81,24
81,81,25
81,81,26
81,82,24
81,82,25
82,58,30
82,59,30
82,59,31
82,59,32
82,59,33
82,59,34
82,59,35
82,60,30
82,60,31
82,60,32
82,60,33
82,60,34
82,60,35
82,61,29
82,61,30
82,61,31
82,61,32
82,61,33
82,61,34
82,62,29
82,62,30
82,62,31
82,62,32
82,62,33
82,62,34
82,63,29
82,63,30
82,63,31
82,63,32
82,63,33
82,63,34
82,64,16
82,64,17
82,64,28
82,64,29
82,64,30
82,64,31
82,64,32
82,64,33
82,64,34
82,65,15
82,65,16
82,65,17
82,65,18
82,65,23
82,65,27
82,65,28
82,65,29
82,65,30
82,65,31
82,65,32
82,65,33
82,65,34
82,66,16
82,66,17
82,66,18
82,66,19
82,66,24
82,66,25
82,66,26
82,66,27
82,66,28
82,66,29
82,66,30
82,66,31
82,66,32
82,66,33
82,67,16
82,67,17
82,67,18
82,67,22
82,67,23
82,67,24
82,67,25
82,67,26
82,67,27
82,67,30
82,67,31
82,67,32
82,67,33
82,68,17
82,68,22
82,68,23
82,68,24
82,68,25
82,68,26
82,68,30
82,68,31
82,68,32
82,69,23
82,69,24
82,69,25
82,70,19
82,70,20
82,70,24
82,71,27
82,71,28
82,72,26
82,72,27
82,72,28
82,73,25
82,73,26
82,73,27
82,73,28
82,74,25
82,74,26
82,74,27
82,74,28
82,75,24
82,75,25
82,75,26
82,76,24
82,76,25
82,77,24
82,77,25
82,78,24
82,78,25
82,79,24
82,79,25
82,79,26
82,80,23
82,80,24
82,80,25
82,80,26
82,81,23
82,81,24
82,81,25
82,81,26
82,82,24
82,82,25
82,82,26
83,57,29
83,58,29
83,58,30
83,58,36
83,58,37
83,59,29
83,59,30
83,59,31
83,59,32
83,59,33
83,59,34
83,59,35
83,59,36
83,60,29
83,60,30
83,60,31
83,60,32
83,60,33
83,60,34
83,60,35
83,60,36
83,61,29
83,61,30
83,61,31
83,61,32
83,61,33
83,61,34
83,61,35
83,62,29
83,62,30
83,62,31
83,62,32
83,62,33
83,62,34
83,63,28
83,63,29
83,63,30
83,63,31
83,63,32
83,63,33
83,63,34
83,64,17
83,64,25
83,64,27
83,64,28
83,64,29
83,64,30
83,64,31
83,64,32
83,64,33
83,65,16
83,65,17
83,65,18
83,65,25
83,65,26
83,65,27
83,65,28
83,65,29
83,65,30
83,65,31
83,65,32
83,65,33
83,66,16
83,66,17
83,66,18
83,66,25
83,66,26
83,66,27
83,66,28
83,66,29
83,66,30
83,66,31
83,66,32
83,66,33
83,67,16
83,67,17
83,67,24
83,67,25
83,67,26
83,67,27
83,67,30
83,67,31
83,67,32
83,68,23
83,68,24
83,68,25
83,68,26
83,69,24
83,72,26
83,72,27
83,72,28
83,73,25
83,73,26
83,73,27
83,73,28
83,74,25
83,74,26
83,74,27
83,74,28
83,75,25
83,75,26
83,75,27
83,76,24
83,76,25
83,76,26
83,77,24
83,77,25
83,78,24
83,78,25
83,79,24
83,79,25
83,80,23
83,80,24
83,80,25
83,81,22
83,81,23
83,81,24
83,81,25
83,81,26
83,82,23
83,82,24
83,82,25
83,82,26
84,57,37
84,58,36
84,58,37
84,58,38
84,59,33
84,59,34
84,59,35
84,59,36
84,59,37
84,59,38
84,60,33
84,60,34
84,60,35
84,60,36
84,60,37
84,61,32
84,61,33
84,61,34
84,61,35
84,61,36
84,61,37
84,62,31
84,62,32
84,62,33
84,63,31
84,63,32
84,64,17
84,64,18
84,64,30
84,64,31
84,64,32
84,65,16
84,65,17
84,65,18
84,65,29
84,65,30
84,65,31
84,65,32
84,66,16
84,66,17
84,66,18
84,66,26
84,66,27
84,66,28
84,66,29
84,66,30
84,66,31
84,66,32
84,67,17
84,67,25
84,67,26
84,67,27
84,67,30
84,68,23
84,68,24
84,68,25
84,68,26
84,68,27
84,71,21
84,72,27
84,72,28
84,73,26
84,73,27
84,73,28
84,74,25
84,74,26
84,74,27
84,74,28
84,75,25
84,75,26
84,75,27
84,75,28
84,76,25
84,76,26
84,77,25
84,77,26
84,78,20
84,78,24
84,78,25
84,78,26
84,79,24
84,79,25
84,79,26
84,80,22
84,80,23
84,80,24
84,80,25
84,80,26
84,81,21
84,81,22
84,81,23
84,81,24
84,81,25
84,81,26
84,82,23
84,82,24
84,82,25
84,82,26
85,58,36
85,58,37
85,58,38
85,59,34
85,59,35
85,59,36
85,59,37
85,60,34
85,60,35
85,60,36
85,60,37
85,61,33
85,61,34
85,61,35
85,61,36
85,61,37
85,62,32
85,62,36
85,63,32
85,64,18
85,64,19
85,64,31
85,64,32
85,65,17
85,65,18
85,65,19
85,65,31
85,65,32
85,66,16
85,66,17
85,66,18
85,66,19
85,66,31
85,67,18
85,67,25
85,67,26
85,67,27
85,68,23
85,68,24
85,68,26
85,68,27
85,71,21
85,71,27
85,71,28
85,72,21
85,72,27
85,72,28
85,73,26
85,73,27
85,73,28
85,74,25
85,74,26
85,74,27
85,75,25
85,75,26
85,75,27
85,76,25
85,76,26
85,77,25
85,77,26
85,78,22
85,78,24
85,78,25
85,78,26
85,79,21
85,79,22
85,79,23
85,79,24
85,79,25
85,79,26
85,80,23
85,80,24
85,80,25
85,80,26
85,81,23
85,81,24
85,81,25
85,81,26
85,82,24
85,82,25
86,58,35
86,58,36
86,58,37
86,58,38
86,59,35
86,59,36
86,59,37
86,60,34
86,60,35
86,60,36
86,60,37
86,61,34
86,61,35
86,61,36
86,62,35
86,62,36
86,64,19
86,64,20
86,65,18
86,65,19
86,65,20
86,66,17
86,66,18
86,66,19
86,67,18
86,67,25
86,68,24
86,70,23
86,71,22
86,71,27
86,71,28
86,72,22
86,72,26
86,72,27
86,72,28
86,73,23
86,73,26
86,73,27
86,73,28
86,74,23
86,74,25
86,74,26
86,74,27
86,75,23
86,75,24
86,75,25
86,75,26
86,75,27
86,76,24
86,76,25
86,76,26
86,76,27
86,77,24
86,77,25
86,77,26
86,77,27
86,78,25
86,78,26
86,78,27
86,79,23
86,79,24
86,79,25
86,79,26
86,80,24
86,80,25
86,80,26
86,81,23
86,81,24
86,81,25
86,81,26
86,82,24
86,82,25
86,82,26
87,58,35
87,58,36
87,58,37
87,59,35
87,59,36
87,59,37
87,60,34
87,60,35
87,60,36
87,61,34
87,61,35
87,61,36
87,62,35
87,64,20
87,65,19
87,65,20
87,65,21
87,66,18
87,66,19
87,66,20
87,67,19
87,69,24
87,70,23
87,71,22
87,71,23
87,72,22
87,72,23
87,72,24
87,72,25
87,72,26
87,72,27
87,73,23
87,73,24
87,73,25
87,73,26
87,73,27
87,74,23
87,74,24
87,74,25
87,74,26
87,74,27
87,75,24
87,75,25
87,75,26
87,75,27
87,75,28
87,76,24
87,76,25
87,76,26
87,76,27
87,76,28
87,77,25
87,77,26
87,77,27
87,78,26
87,78,27
87,79,25
87,79,26
87,79,27
87,80,25
87,80,26
87,80,27
87,81,24
87,81,25
87,81,26
87,82,25
87,82,26
88,58,35
88,58,36
88,58,37
88,59,35
88,59,36
88,60,34
88,60,35
88,60,36
88,61,34
88,61,35
88,64,20
88,64,21
88,65,19
88,65,20
88,65,21
88,66,19
88,66,20
88,66,21
88,67,19
88,67,20
88,68,19
88,69,19
88,69,25
88,70,24
88,70,25
88,71,24
88,71,25
88,72,23
88,72,24
88,72,25
88,72,26
88,73,24
88,73,25
88,73,26
88,73,27
88,74,23
88,74,24
88,74,25
88,74,26
88,74,27
88,75,24
88,75,25
88,75,26
88,75,27
88,75,28
88,76,25
88,76,26
88,76,27
88,76,28
88,77,26
88,77,27
88,78,27
88,79,26
88,79,27
88,80,26
88,80,27
88,81,25
88,81,26
89,58,35
89,58,36
89,59,35
89,64,21
89,64,22
89,64,26
89,65,21
89,65,22
89,66,21
89,66,22
89,67,20
89,67,26
89,70,25
89,71,25
89,72,24
89,72,25
89,73,25
89,73,26
89,74,25
89,74,26
89,74,27
89,74,28
89,75,25
89,75,26
89,75,27
89,75,28
89,76,25
89,76,26
89,76,27
89,77,27
89,80,27
90,65,22
90,65,23
90,65,24
90,65,25
90,66,22
90,66,23
90,66,24
90,66,25
90,66,26
90,67,21
90,67,22
90,67,25
90,67,26
90,68,26
90,70,26
90,72,25
90,72,26
90,73,27
90,73,28
90,74,27
90,74,28
90,74,29
90,75,26
90,75,27
90,75,28
90,76,26
90,76,27
91,66,25
91,66,26
91,67,23
91,67,24
91,67,25
91,67,26
91,68,27
91,74,28
91,74,29
91,75,27
91,75,28
92,74,29
92,75,29
93,74,29
93,74,30
