"x","y","z"
56,63,35
56,63,36
56,63,37
57,61,37
57,61,38
57,63,36
57,63,37
57,63,38
57,63,39
57,64,35
57,64,36
57,64,37
57,64,38
57,64,39
58,60,32
58,60,33
58,60,36
58,61,31
58,61,32
58,61,33
58,61,35
58,61,36
58,61,37
58,61,38
58,61,39
58,62,34
58,62,35
58,62,36
58,62,37
58,63,34
58,63,35
58,63,36
58,63,37
58,63,38
58,63,39
58,63,40
58,64,34
58,64,35
58,64,36
58,64,37
58,64,38
58,64,39
58,64,40
59,60,34
59,60,35
59,61,32
59,61,33
59,61,34
59,61,35
59,61,36
59,61,37
59,61,38
59,61,39
59,61,40
59,61,41
59,62,31
59,62,32
59,62,33
59,62,34
59,62,35
59,62,36
59,62,37
59,62,38
59,62,39
59,63,30
59,63,31
59,63,32
59,63,33
59,63,34
59,63,35
59,63,36
59,63,41
59,64,30
59,64,31
59,64,32
59,64,33
59,64,34
59,64,35
59,64,36
59,64,37
59,64,38
59,64,39
59,64,40
59,64,41
59,65,31
59,65,32
59,65,33
59,65,34
59,66,31
59,66,32
59,66,33
59,66,34
59,66,35
59,66,36
59,66,37
59,67,31
59,67,32
59,67,33
59,67,34
59,67,35
59,67,36
59,67,37
59,67,38
59,68,33
59,68,34
59,68,35
59,69,31
59,69,32
59,69,33
59,69,34
59,69,35
59,69,36
59,70,30
59,70,31
59,70,32
59,70,33
59,70,34
59,70,35
59,71,29
59,71,30
59,71,31
60,61,33
60,61,34
60,61,35
60,61,36
60,62,32
60,62,33
60,62,34
60,62,35
60,62,36
60,62,37
60,62,38
60,63,31
60,63,32
60,63,33
60,63,34
60,63,35
60,64,29
60,64,30
60,64,31
60,64,32
60,64,33
60,64,34
60,64,35
60,64,39
60,64,40
60,64,41
60,64,42
60,64,43
60,65,29
60,65,30
60,65,31
60,65,32
60,65,33
60,65,34
60,65,35
60,65,36
60,65,37
60,65,38
60,65,39
60,66,29
60,66,30
60,66,31
60,66,32
60,66,33
60,66,34
60,66,35
60,66,36
60,66,37
60,66,38
60,66,39
60,67,29
60,67,30
60,67,31
60,67,32
60,67,33
60,67,34
60,67,35
60,67,36
60,67,37
60,67,38
60,67,39
60,68,29
60,68,30
60,68,31
60,68,32
60,68,33
60,68,34
60,68,35
60,68,36
60,69,29
60,69,30
60,69,31
60,69,32
60,69,33
60,69,34
60,69,35
60,69,36
60,70,29
60,70,30
60,70,31
60,70,32
60,70,33
60,70,34
60,70,35
60,71,29
60,71,30
60,71,31
60,71,32
60,71,33
60,71,34
60,71,35
60,72,29
60,72,30
60,72,31
60,72,32
60,72,33
60,72,34
60,72,35
60,73,30
60,73,31
60,73,32
60,73,33
60,73,34
61,61,33
61,61,34
61,61,35
61,61,45
61,62,32
61,62,33
61,62,34
61,62,35
61,62,36
61,62,37
61,63,31
61,63,32
61,63,33
61,63,34
61,63,35
61,64,29
61,64,30
61,64,31
61,64,32
61,64,33
61,64,34
61,64,41
61,64,42
61,64,43
61,64,44
61,65,27
61,65,28
61,65,29
61,65,30
61,65,31
61,65,32
61,65,33
61,65,34
61,65,35
61,65,36
61,65,39
61,65,40
61,66,27
61,66,28
61,66,29
61,66,30
61,66,31
61,66,32
61,66,33
61,66,34
61,66,35
61,66,36
61,66,37
61,66,38
61,66,39
61,66,40
61,66,41
61,67,27
61,67,28
61,67,29
61,67,30
61,67,31
61,67,32
61,67,33
61,67,34
61,67,35
61,67,36
61,67,37
61,67,38
61,67,39
61,67,40
61,67,41
61,68,28
61,68,29
61,68,30
61,68,31
61,68,32
61,68,33
61,68,34
61,68,35
61,68,36
61,68,37
61,69,27
61,69,28
61,69,29
61,69,30
61,69,31
61,69,32
61,69,33
61,69,34
61,69,35
61,69,36
61,69,37
61,70,27
61,70,28
61,70,29
61,70,30
61,70,31
61,70,32
61,70,33
61,70,34
61,70,35
61,70,36
61,71,27
61,71,28
61,71,29
61,71,30
61,71,31
61,71,32
61,71,33
61,71,34
61,71,35
61,71,36
61,71,37
61,72,27
61,72,28
61,72,29
61,72,30
61,72,31
61,72,32
61,72,33
61,72,34
61,72,35
61,72,36
61,72,37
61,73,29
61,73,30
61,73,31
61,73,32
61,73,33
61,73,34
61,73,35
61,73,36
61,73,37
61,74,30
61,74,31
61,74,32
61,74,33
61,74,34
61,76,28
61,76,29
61,76,30
61,76,31
61,77,27
61,77,28
61,77,29
61,77,30
61,77,31
61,77,32
61,77,33
62,61,33
62,61,34
62,61,35
62,61,45
62,61,46
62,62,32
62,62,33
62,62,34
62,62,35
62,62,36
62,62,37
62,63,31
62,63,32
62,63,33
62,63,34
62,63,35
62,64,29
62,64,30
62,64,31
62,64,32
62,64,33
62,64,34
62,64,42
62,64,43
62,64,44
62,64,45
62,65,27
62,65,28
62,65,29
62,65,30
62,65,31
62,65,32
62,65,33
62,65,34
62,65,35
62,65,40
62,65,41
62,66,27
62,66,28
62,66,29
62,66,30
62,66,31
62,66,32
62,66,33
62,66,34
62,66,35
62,66,36
62,66,37
62,66,38
62,66,39
62,66,40
62,66,41
62,66,42
62,67,27
62,67,28
62,67,29
62,67,30
62,67,31
62,67,32
62,67,33
62,67,34
62,67,35
62,67,36
62,67,37
62,67,38
62,67,39
62,67,40
62,67,41
62,67,42
62,68,26
62,68,27
62,68,28
62,68,29
62,68,30
62,68,31
62,68,32
62,68,33
62,68,34
62,68,35
62,68,36
62,68,37
62,68,38
62,69,26
62,69,27
62,69,28
62,69,29
62,69,30
62,69,31
62,69,32
62,69,33
62,69,34
62,69,35
62,69,36
62,69,37
62,69,38
62,70,26
62,70,27
62,70,28
62,70,29
62,70,30
62,70,31
62,70,32
62,70,33
62,70,34
62,70,35
62,70,36
62,70,37
62,70,38
62,70,39
62,71,26
62,71,27
62,71,28
62,71,29
62,71,30
62,71,31
62,71,32
62,71,33
62,71,34
62,71,35
62,71,36
62,71,37
62,71,38
62,72,26
62,72,27
62,72,28
62,72,29
62,72,30
62,72,31
62,72,32
62,72,33
62,72,34
62,72,35
62,72,36
62,72,37
62,73,27
62,73,28
62,73,29
62,73,30
62,73,31
62,73,32
62,73,33
62,73,34
62,73,35
62,73,36
62,73,37
62,73,38
62,74,29
62,74,30
62,74,31
62,74,32
62,74,33
62,74,34
62,74,35
62,74,36
62,74,37
62,75,29
62,75,30
62,75,31
62,75,32
62,75,33
62,75,34
62,75,35
62,75,36
62,76,29
62,76,30
62,76,31
62,76,32
62,76,33
62,76,34
62,76,35
62,76,36
62,76,37
62,76,38
62,77,28
62,77,29
62,77,30
62,77,31
62,77,32
62,77,33
62,77,34
62,77,35
62,77,36
62,78,27
62,78,28
62,78,29
62,79,27
62,79,28
62,79,29
62,79,30
63,60,47
63,61,46
63,61,47
63,62,31
63,62,32
63,62,33
63,62,34
63,62,35
63,62,36
63,63,30
63,63,31
63,63,32
63,63,33
63,63,34
63,63,35
63,64,27
63,64,28
63,64,29
63,64,30
63,64,31
63,64,32
63,64,33
63,64,34
63,64,43
63,64,44
63,65,27
63,65,28
63,65,29
63,65,30
63,65,31
63,65,32
63,65,33
63,65,34
63,65,35
63,65,41
63,65,42
63,66,27
63,66,28
63,66,29
63,66,30
63,66,31
63,66,32
63,66,33
63,66,34
63,66,35
63,66,36
63,66,37
63,66,38
63,66,39
63,66,40
63,66,41
63,66,42
63,66,43
63,67,27
63,67,28
63,67,29
63,67,30
63,67,31
63,67,32
63,67,33
63,67,34
63,67,35
63,67,36
63,67,37
63,67,38
63,67,39
63,67,40
63,67,41
63,67,42
63,67,43
63,68,26
63,68,27
63,68,28
63,68,29
63,68,30
63,68,31
63,68,32
63,68,33
63,68,34
63,68,35
63,68,36
63,68,37
63,68,38
63,68,39
63,69,26
63,69,27
63,69,28
63,69,29
63,69,30
63,69,31
63,69,32
63,69,33
63,69,34
63,69,35
63,69,36
63,69,37
63,70,26
63,70,27
63,70,28
63,70,29
63,70,30
63,70,31
63,70,32
63,70,33
63,70,34
63,70,35
63,70,36
63,70,37
63,70,38
63,71,26
63,71,27
63,71,28
63,71,29
63,71,30
63,71,31
63,71,32
63,71,33
63,71,34
63,71,35
63,71,36
63,71,37
63,71,38
63,72,27
63,72,28
63,72,29
63,72,30
63,72,31
63,72,32
63,72,33
63,72,34
63,72,35
63,72,36
63,73,28
63,73,29
63,73,30
63,73,31
63,73,32
63,73,33
63,73,34
63,73,35
63,73,36
63,73,37
63,74,28
63,74,29
63,74,30
63,74,31
63,74,32
63,74,33
63,74,34
63,74,35
63,74,36
63,74,37
63,74,38
63,75,29
63,75,30
63,75,31
63,75,32
63,75,33
63,75,34
63,75,35
63,75,36
63,75,37
63,75,38
63,76,29
63,76,30
63,76,31
63,76,32
63,76,33
63,76,34
63,76,35
63,76,36
63,76,37
63,76,38
63,76,39
63,76,40
63,77,28
63,77,29
63,77,30
63,77,31
63,77,32
63,77,33
63,77,34
63,77,35
63,77,36
63,77,37
63,77,38
63,78,27
63,78,28
63,78,29
63,78,30
63,78,31
63,79,27
63,79,28
63,79,29
63,79,30
63,79,31
63,79,32
64,61,36
64,61,47
64,62,33
64,62,36
64,63,29
64,63,30
64,63,31
64,63,32
64,63,33
64,63,34
64,63,45
64,64,28
64,64,29
64,64,30
64,64,31
64,64,32
64,64,33
64,64,34
64,64,43
64,64,44
64,65,27
64,65,28
64,65,29
64,65,30
64,65,31
64,65,32
64,65,33
64,65,34
64,65,35
64,65,41
64,65,42
64,66,27
64,66,28
64,66,29
64,66,30
64,66,31
64,66,32
64,66,33
64,66,34
64,66,35
64,66,36
64,66,37
64,66,38
64,66,39
64,66,40
64,66,41
64,67,27
64,67,28
64,67,29
64,67,30
64,67,31
64,67,32
64,67,33
64,67,34
64,67,35
64,67,36
64,67,37
64,67,38
64,67,39
64,67,40
64,67,41
64,67,42
64,67,43
64,67,44
64,68,25
64,68,26
64,68,27
64,68,28
64,68,29
64,68,30
64,68,31
64,68,32
64,68,33
64,68,34
64,68,35
64,68,36
64,68,37
64,68,38
64,68,39
64,69,25
64,69,26
64,69,27
64,69,28
64,69,29
64,69,30
64,69,31
64,69,32
64,69,33
64,69,34
64,69,35
64,69,36
64,69,37
64,70,25
64,70,26
64,70,27
64,70,28
64,70,29
64,70,30
64,70,31
64,70,32
64,70,33
64,70,34
64,70,35
64,70,36
64,70,37
64,71,27
64,71,28
64,71,29
64,71,30
64,71,31
64,71,32
64,71,33
64,71,34
64,71,35
64,71,36
64,71,37
64,72,28
64,72,29
64,72,30
64,72,31
64,72,32
64,72,33
64,72,34
64,72,35
64,72,36
64,73,28
64,73,29
64,73,30
64,73,31
64,73,32
64,73,33
64,73,34
64,73,35
64,73,36
64,73,37
64,74,28
64,74,29
64,74,30
64,74,31
64,74,32
64,74,33
64,74,34
64,74,35
64,74,36
64,74,37
64,74,38
64,75,28
64,75,29
64,75,30
64,75,31
64,75,32
64,75,33
64,75,34
64,75,35
64,75,36
64,75,37
64,75,38
64,75,39
64,76,28
64,76,29
64,76,30
64,76,31
64,76,32
64,76,33
64,76,34
64,76,35
64,76,36
64,76,37
64,76,38
64,76,39
64,76,40
64,76,41
64,76,42
64,76,43
64,77,28
64,77,29
64,77,30
64,77,31
64,77,32
64,77,33
64,77,34
64,77,35
64,77,36
64,77,37
64,77,38
64,77,39
64,77,40
64,78,28
64,78,29
64,78,30
64,78,31
64,78,32
64,78,33
64,79,28
64,79,29
64,79,30
64,79,31
64,79,32
64,79,33
64,79,34
65,60,48
65,61,47
65,62,32
65,62,33
65,62,34
65,62,37
65,63,32
65,63,33
65,63,34
65,63,45
65,64,30
65,64,31
65,64,32
65,64,33
65,64,34
65,64,35
65,64,43
65,64,44
65,65,29
65,65,30
65,65,31
65,65,32
65,65,33
65,65,34
65,65,35
65,65,36
65,65,41
65,66,28
65,66,29
65,66,30
65,66,31
65,66,32
65,66,33
65,66,34
65,66,35
65,66,36
65,66,37
65,66,38
65,66,39
65,66,40
65,67,26
65,67,27
65,67,28
65,67,29
65,67,30
65,67,31
65,67,32
65,67,33
65,67,34
65,67,35
65,67,36
65,67,37
65,67,38
65,67,39
65,67,40
65,67,41
65,68,25
65,68,26
65,68,27
65,68,28
65,68,29
65,68,30
65,68,31
65,68,32
65,68,33
65,68,34
65,68,35
65,68,36
65,68,37
65,68,38
65,69,24
65,69,25
65,69,26
65,69,27
65,69,28
65,69,29
65,69,30
65,69,31
65,69,32
65,69,33
65,69,34
65,69,35
65,69,36
65,69,37
65,69,38
65,70,24
65,70,25
65,70,26
65,70,27
65,70,28
65,70,29
65,70,30
65,70,31
65,70,32
65,70,33
65,70,34
65,70,35
65,70,36
65,71,23
65,71,24
65,71,25
65,71,26
65,71,29
65,71,30
65,71,31
65,71,32
65,71,33
65,71,34
65,71,35
65,71,36
65,71,37
65,72,23
65,72,29
65,72,30
65,72,31
65,72,32
65,72,33
65,72,34
65,72,35
65,72,36
65,73,29
65,73,30
65,73,31
65,73,32
65,73,33
65,73,34
65,73,35
65,73,36
65,73,37
65,74,22
65,74,28
65,74,29
65,74,30
65,74,31
65,74,32
65,74,33
65,74,34
65,74,35
65,74,36
65,74,37
65,74,38
65,75,28
65,75,29
65,75,30
65,75,31
65,75,32
65,75,33
65,75,34
65,75,35
65,75,36
65,75,37
65,75,38
65,76,28
65,76,29
65,76,30
65,76,31
65,76,32
65,76,33
65,76,34
65,76,35
65,76,36
65,76,37
65,76,38
65,76,39
65,76,40
65,76,41
65,76,42
65,76,43
65,76,44
65,77,28
65,77,29
65,77,30
65,77,31
65,77,32
65,77,33
65,77,34
65,77,35
65,77,36
65,77,37
65,77,38
65,77,39
65,77,40
65,77,41
65,78,28
65,78,29
65,78,30
65,78,31
65,78,32
65,78,33
65,78,34
65,78,35
65,78,36
65,79,27
65,79,28
65,79,29
65,79,30
65,79,31
65,79,32
65,79,33
65,79,34
65,79,35
65,79,36
65,80,27
65,80,28
65,80,29
65,80,30
66,61,37
66,62,33
66,62,34
66,62,37
66,63,32
66,63,33
66,63,34
66,63,35
66,63,36
66,63,44
66,63,45
66,64,32
66,64,33
66,64,34
66,64,35
66,64,36
66,64,37
66,64,38
66,64,39
66,64,42
66,64,43
66,65,29
66,65,30
66,65,32
66,65,33
66,65,34
66,65,35
66,65,36
66,66,29
66,66,30
66,66,32
66,66,33
66,66,34
66,66,35
66,66,36
66,66,37
66,66,38
66,66,39
66,66,40
66,67,28
66,67,29
66,67,30
66,67,31
66,67,32
66,67,33
66,67,34
66,67,35
66,67,36
66,67,37
66,67,38
66,67,39
66,67,40
66,68,24
66,68,25
66,68,26
66,68,27
66,68,28
66,68,29
66,68,30
66,68,31
66,68,32
66,68,33
66,68,34
66,68,35
66,68,36
66,68,37
66,68,38
66,69,24
66,69,25
66,69,26
66,69,27
66,69,28
66,69,29
66,69,30
66,69,31
66,69,32
66,69,33
66,69,34
66,69,35
66,69,36
66,69,37
66,69,38
66,70,23
66,70,24
66,70,25
66,70,26
66,70,27
66,70,28
66,70,29
66,70,30
66,70,31
66,70,32
66,70,33
66,70,34
66,70,35
66,70,36
66,71,23
66,71,24
66,71,25
66,71,26
66,71,29
66,71,30
66,71,31
66,71,32
66,71,33
66,71,34
66,71,35
66,71,36
66,71,37
66,72,22
66,72,23
66,72,24
66,72,25
66,72,29
66,72,30
66,72,31
66,72,32
66,72,33
66,72,34
66,72,35
66,72,36
66,73,22
66,73,23
66,73,24
66,73,29
66,73,30
66,73,31
66,73,32
66,73,33
66,73,34
66,73,35
66,73,36
66,73,37
66,74,21
66,74,22
66,74,23
66,74,24
66,74,28
66,74,29
66,74,30
66,74,31
66,74,32
66,74,33
66,74,34
66,74,35
66,74,36
66,74,37
66,75,21
66,75,22
66,75,28
66,75,29
66,75,30
66,75,31
66,75,32
66,75,33
66,75,34
66,75,35
66,75,36
66,75,37
66,76,27
66,76,28
66,76,29
66,76,30
66,76,31
66,76,32
66,76,33
66,76,34
66,76,35
66,76,36
66,76,37
66,76,38
66,76,39
66,76,40
66,76,41
66,76,42
66,76,43
66,76,44
66,77,27
66,77,28
66,77,29
66,77,30
66,77,31
66,77,32
66,77,33
66,77,34
66,77,35
66,77,36
66,77,37
66,77,38
66,77,39
66,77,40
66,77,41
66,77,42
66,78,27
66,78,28
66,78,29
66,78,30
66,78,31
66,78,32
66,78,33
66,78,34
66,78,35
66,78,36
66,78,37
66,78,38
66,79,27
66,79,28
66,79,29
66,79,30
66,79,31
66,79,32
66,79,33
66,79,34
66,79,35
66,79,36
66,79,37
66,80,27
66,80,28
66,80,29
66,80,30
66,80,31
66,80,32
67,62,34
67,62,37
67,62,38
67,63,33
67,63,34
67,63,35
67,63,36
67,63,37
67,63,38
67,63,39
67,63,40
67,63,41
67,63,42
67,63,43
67,63,44
67,63,45
67,63,46
67,64,33
67,64,34
67,64,35
67,64,36
67,64,37
67,64,38
67,64,39
67,64,40
67,64,41
67,64,42
67,65,33
67,65,34
67,65,35
67,65,36
67,65,37
67,65,40
67,66,29
67,66,33
67,66,34
67,66,35
67,66,36
67,66,37
67,66,38
67,66,39
67,66,40
67,67,28
67,67,29
67,67,32
67,67,33
67,67,34
67,67,35
67,67,36
67,67,37
67,67,38
67,67,39
67,67,40
67,68,25
67,68,28
67,68,29
67,68,30
67,68,31
67,68,32
67,68,33
67,68,34
67,68,35
67,68,36
67,68,37
67,68,38
67,69,23
67,69,24
67,69,25
67,69,26
67,69,27
67,69,28
67,69,29
67,69,30
67,69,31
67,69,32
67,69,33
67,69,34
67,69,35
67,69,36
67,69,37
67,69,38
67,69,39
67,70,22
67,70,23
67,70,24
67,70,25
67,70,26
67,70,27
67,70,28
67,70,29
67,70,30
67,70,31
67,70,32
67,70,33
67,70,34
67,70,35
67,70,36
67,71,22
67,71,23
67,71,24
67,71,25
67,71,26
67,71,28
67,71,29
67,71,30
67,71,31
67,71,32
67,71,33
67,71,34
67,71,35
67,71,36
67,71,37
67,71,38
67,72,22
67,72,23
67,72,24
67,72,25
67,72,26
67,72,29
67,72,30
67,72,31
67,72,32
67,72,33
67,72,34
67,72,35
67,72,36
67,73,21
67,73,22
67,73,23
67,73,24
67,73,25
67,73,29
67,73,30
67,73,31
67,73,32
67,73,33
67,73,34
67,73,35
67,73,36
67,73,37
67,73,38
67,74,21
67,74,22
67,74,23
67,74,24
67,74,29
67,74,30
67,74,31
67,74,32
67,74,33
67,74,34
67,74,35
67,74,36
67,74,37
67,75,21
67,75,22
67,75,23
67,75,24
67,75,28
67,75,29
67,75,30
67,75,31
67,75,32
67,75,33
67,75,34
67,75,35
67,75,36
67,75,37
67,76,21
67,76,22
67,76,23
67,76,24
67,76,27
67,76,28
67,76,29
67,76,30
67,76,31
67,76,32
67,76,33
67,76,34
67,76,35
67,76,36
67,76,37
67,76,38
67,76,39
67,76,40
67,76,41
67,76,42
67,76,43
67,76,44
67,77,20
67,77,21
67,77,22
67,77,23
67,77,27
67,77,28
67,77,29
67,77,30
67,77,31
67,77,32
67,77,33
67,77,34
67,77,35
67,77,36
67,77,37
67,77,38
67,77,39
67,77,40
67,77,41
67,77,42
67,77,43
67,78,21
67,78,22
67,78,23
67,78,27
67,78,28
67,78,29
67,78,30
67,78,31
67,78,32
67,78,33
67,78,34
67,78,35
67,78,36
67,78,37
67,78,38
67,78,39
67,78,40
67,79,27
67,79,28
67,79,29
67,79,30
67,79,31
67,79,32
67,79,33
67,79,34
67,79,35
67,79,36
67,79,37
67,79,38
67,80,26
67,80,27
67,80,28
67,80,29
67,80,30
67,80,31
67,80,32
67,80,33
67,80,34
67,80,35
67,80,36
68,58,39
68,59,39
68,60,38
68,61,37
68,61,38
68,62,35
68,62,36
68,62,37
68,62,38
68,62,39
68,62,40
68,63,34
68,63,35
68,63,36
68,63,37
68,63,38
68,63,39
68,63,40
68,63,41
68,63,42
68,63,43
68,63,44
68,63,45
68,64,34
68,64,35
68,64,36
68,64,37
68,64,38
68,64,39
68,64,40
68,64,41
68,64,42
68,65,34
68,65,35
68,65,36
68,65,37
68,65,38
68,65,39
68,65,40
68,66,34
68,66,35
68,66,36
68,66,37
68,66,38
68,66,39
68,66,40
68,67,28
68,67,29
68,67,33
68,67,34
68,67,35
68,67,36
68,67,37
68,67,38
68,67,39
68,67,40
68,68,27
68,68,28
68,68,29
68,68,30
68,68,31
68,68,32
68,68,33
68,68,34
68,68,35
68,68,36
68,68,37
68,68,38
68,68,39
68,69,22
68,69,23
68,69,24
68,69,25
68,69,26
68,69,27
68,69,28
68,69,29
68,69,30
68,69,31
68,69,32
68,69,33
68,69,34
68,69,35
68,69,36
68,69,37
68,69,38
68,69,39
68,70,22
68,70,23
68,70,24
68,70,25
68,70,26
68,70,27
68,70,28
68,70,29
68,70,30
68,70,31
68,70,32
68,70,33
68,70,34
68,70,35
68,70,36
68,70,37
68,71,21
68,71,22
68,71,23
68,71,24
68,71,25
68,71,26
68,71,27
68,71,28
68,71,29
68,71,30
68,71,31
68,71,32
68,71,33
68,71,34
68,71,35
68,71,36
68,71,37
68,71,38
68,71,39
68,72,21
68,72,22
68,72,23
68,72,24
68,72,25
68,72,29
68,72,30
68,72,31
68,72,32
68,72,33
68,72,34
68,72,35
68,72,36
68,72,37
68,73,21
68,73,22
68,73,23
68,73,24
68,73,29
68,73,30
68,73,31
68,73,32
68,73,33
68,73,34
68,73,35
68,73,36
68,73,37
68,73,38
68,74,21
68,74,22
68,74,23
68,74,24
68,74,29
68,74,30
68,74,31
68,74,32
68,74,33
68,74,34
68,74,35
68,74,36
68,74,37
68,75,20
68,75,21
68,75,22
68,75,23
68,75,24
68,75,29
68,75,30
68,75,31
68,75,32
68,75,33
68,75,34
68,75,35
68,75,36
68,75,37
68,76,20
68,76,21
68,76,22
68,76,23
68,76,24
68,76,27
68,76,28
68,76,29
68,76,30
68,76,31
68,76,32
68,76,33
68,76,34
68,76,35
68,76,36
68,76,37
68,76,38
68,76,39
68,76,40
68,76,41
68,76,42
68,76,43
68,76,44
68,77,20
68,77,21
68,77,22
68,77,23
68,77,26
68,77,27
68,77,28
68,77,29
68,77,30
68,77,31
68,77,32
68,77,33
68,77,34
68,77,35
68,77,36
68,77,37
68,77,38
68,77,39
68,77,40
68,77,41
68,77,42
68,77,43
68,78,20
68,78,21
68,78,22
68,78,23
68,78,26
68,78,27
68,78,28
68,78,29
68,78,30
68,78,31
68,78,32
68,78,33
68,78,34
68,78,35
68,78,36
68,78,37
68,78,38
68,78,39
68,78,40
68,78,41
68,79,22
68,79,23
68,79,26
68,79,27
68,79,28
68,79,29
68,79,30
68,79,31
68,79,32
68,79,33
68,79,34
68,79,35
68,79,36
68,79,37
68,79,38
68,79,39
68,80,26
68,80,27
68,80,28
68,80,29
68,80,30
68,80,31
68,80,32
68,80,33
68,80,34
68,80,35
68,80,36
68,80,37
68,80,38
68,81,31
68,81,32
68,81,33
68,81,34
68,81,35
68,81,36
68,81,37
69,58,38
69,59,36
69,59,38
69,59,39
69,60,36
69,60,37
69,60,38
69,60,39
69,61,36
69,61,37
69,61,38
69,61,39
69,61,40
69,62,35
69,62,36
69,62,37
69,62,38
69,62,39
69,62,40
69,62,41
69,62,42
69,62,43
69,62,44
69,63,35
69,63,36
69,63,37
69,63,38
69,63,39
69,63,40
69,63,41
69,63,42
69,63,43
69,63,44
69,63,45
69,64,35
69,64,36
69,64,37
69,64,38
69,64,39
69,64,40
69,64,41
69,64,42
69,64,43
69,65,35
69,65,36
69,65,37
69,65,38
69,65,39
69,65,40
69,66,35
69,66,36
69,66,37
69,66,38
69,66,39
69,66,40
69,66,41
69,67,28
69,67,29
69,67,34
69,67,35
69,67,36
69,67,37
69,67,38
69,67,39
69,67,40
69,68,27
69,68,28
69,68,29
69,68,33
69,68,34
69,68,35
69,68,36
69,68,37
69,68,38
69,68,39
69,68,40
69,69,21
69,69,22
69,69,23
69,69,25
69,69,26
69,69,27
69,69,28
69,69,29
69,69,30
69,69,31
69,69,32
69,69,33
69,69,34
69,69,35
69,69,36
69,69,37
69,69,38
69,69,39
69,69,40
69,70,21
69,70,22
69,70,23
69,70,24
69,70,25
69,70,26
69,70,27
69,70,28
69,70,29
69,70,30
69,70,31
69,70,32
69,70,33
69,70,34
69,70,35
69,70,36
69,70,37
69,70,38
69,71,21
69,71,22
69,71,23
69,71,24
69,71,25
69,71,26
69,71,27
69,71,28
69,71,29
69,71,30
69,71,31
69,71,32
69,71,33
69,71,34
69,71,35
69,71,36
69,71,37
69,71,38
69,71,39
69,71,40
69,72,21
69,72,22
69,72,23
69,72,24
69,72,25
69,72,29
69,72,30
69,72,31
69,72,32
69,72,33
69,72,34
69,72,35
69,72,36
69,72,37
69,72,38
69,72,39
69,73,21
69,73,22
69,73,23
69,73,24
69,73,29
69,73,30
69,73,31
69,73,32
69,73,33
69,73,34
69,73,35
69,73,36
69,73,37
69,73,38
69,73,39
69,74,21
69,74,22
69,74,23
69,74,24
69,74,29
69,74,30
69,74,31
69,74,32
69,74,33
69,74,34
69,74,35
69,74,36
69,74,37
69,74,38
69,75,21
69,75,22
69,75,23
69,75,28
69,75,29
69,75,30
69,75,31
69,75,32
69,75,33
69,75,34
69,75,35
69,75,36
69,75,37
69,76,20
69,76,21
69,76,22
69,76,23
69,76,26
69,76,27
69,76,28
69,76,29
69,76,30
69,76,31
69,76,32
69,76,33
69,76,34
69,76,35
69,76,36
69,76,37
69,76,38
69,76,39
69,76,40
69,76,41
69,76,42
69,76,43
69,76,44
69,77,20
69,77,21
69,77,22
69,77,23
69,77,26
69,77,27
69,77,28
69,77,29
69,77,30
69,77,31
69,77,32
69,77,33
69,77,34
69,77,35
69,77,36
69,77,37
69,77,38
69,77,39
69,77,40
69,77,41
69,77,42
69,77,43
69,78,21
69,78,22
69,78,23
69,78,26
69,78,27
69,78,28
69,78,29
69,78,30
69,78,31
69,78,32
69,78,33
69,78,34
69,78,35
69,78,36
69,78,37
69,78,38
69,78,39
69,78,40
69,78,41
69,79,23
69,79,26
69,79,27
69,79,28
69,79,29
69,79,30
69,79,31
69,79,32
69,79,33
69,79,34
69,79,35
69,79,36
69,79,37
69,79,38
69,79,39
69,79,40
69,80,26
69,80,27
69,80,28
69,80,29
69,80,30
69,80,31
69,80,32
69,80,33
69,80,34
69,80,35
69,80,36
69,80,37
69,80,38
69,80,39
69,81,30
69,81,31
69,81,32
69,81,33
69,81,34
69,81,35
69,81,36
69,81,37
69,81,38
70,58,37
70,58,38
70,59,36
70,59,37
70,59,38
70,59,39
70,60,36
70,60,37
70,60,38
70,60,39
70,60,40
70,60,41
70,61,35
70,61,36
70,61,37
70,61,38
70,61,39
70,61,40
70,61,41
70,61,42
70,62,34
70,62,35
70,62,39
70,62,40
70,62,41
70,62,42
70,62,43
70,62,44
70,63,34
70,63,35
70,63,36
70,63,41
70,63,42
70,63,43
70,63,44
70,63,45
70,64,34
70,64,35
70,64,36
70,64,41
70,64,42
70,64,43
70,65,34
70,65,35
70,65,36
70,66,34
70,66,35
70,67,28
70,67,29
70,67,34
70,68,21
70,68,27
70,68,28
70,68,29
70,68,33
70,68,34
70,68,35
70,68,36
70,68,40
70,69,20
70,69,21
70,69,22
70,69,26
70,69,27
70,69,28
70,69,29
70,69,30
70,69,31
70,69,32
70,69,33
70,69,34
70,69,35
70,69,36
70,69,40
70,70,20
70,70,21
70,70,22
70,70,25
70,70,26
70,70,27
70,70,28
70,70,29
70,70,30
70,70,31
70,70,32
70,70,33
70,70,34
70,70,35
70,70,36
70,70,37
70,70,38
70,70,39
70,70,40
70,71,20
70,71,21
70,71,22
70,71,23
70,71,25
70,71,26
70,71,28
70,71,29
70,71,30
70,71,31
70,71,32
70,71,33
70,71,34
70,71,35
70,71,36
70,71,37
70,71,38
70,71,39
70,71,40
70,72,21
70,72,22
70,72,23
70,72,24
70,72,25
70,72,29
70,72,30
70,72,31
70,72,32
70,72,33
70,72,34
70,72,35
70,72,36
70,72,37
70,72,38
70,72,39
70,72,40
70,73,21
70,73,22
70,73,23
70,73,24
70,73,29
70,73,30
70,73,31
70,73,32
70,73,33
70,73,34
70,73,35
70,73,36
70,73,37
70,73,38
70,73,39
70,73,40
70,74,21
70,74,22
70,74,23
70,74,29
70,74,30
70,74,31
70,74,32
70,74,33
70,74,34
70,74,35
70,74,36
70,74,37
70,74,38
70,74,39
70,75,21
70,75,22
70,75,23
70,75,27
70,75,28
70,75,29
70,75,30
70,75,31
70,75,32
70,75,33
70,75,34
70,75,35
70,75,36
70,75,37
70,76,21
70,76,22
70,76,23
70,76,26
70,76,27
70,76,28
70,76,29
70,76,30
70,76,31
70,76,32
70,76,33
70,76,34
70,76,35
70,76,36
70,76,37
70,76,38
70,76,39
70,76,40
70,76,41
70,76,42
70,76,43
70,76,44
70,77,21
70,77,22
70,77,23
70,77,26
70,77,27
70,77,28
70,77,29
70,77,30
70,77,31
70,77,32
70,77,33
70,77,34
70,77,35
70,77,36
70,77,37
70,77,38
70,77,39
70,77,40
70,77,41
70,77,42
70,77,43
70,78,23
70,78,26
70,78,27
70,78,28
70,78,30
70,78,31
70,78,32
70,78,33
70,78,34
70,78,35
70,78,36
70,78,37
70,78,38
70,78,39
70,78,40
70,78,41
70,78,42
70,79,26
70,79,27
70,79,28
70,79,29
70,79,30
70,79,31
70,79,32
70,79,33
70,79,34
70,79,35
70,79,36
70,79,37
70,79,38
70,79,39
70,79,40
70,79,41
70,80,27
70,80,28
70,80,29
70,80,30
70,80,31
70,80,32
70,80,33
70,80,34
70,80,35
70,80,36
70,80,37
70,80,38
70,80,39
70,80,40
70,81,29
70,81,30
70,81,31
70,81,32
70,81,33
70,81,34
70,81,35
70,81,36
70,81,37
70,81,38
70,81,39
70,81,40
71,59,36
71,59,37
71,60,36
71,60,37
71,60,38
71,60,39
71,60,40
71,60,41
71,61,35
71,61,36
71,61,37
71,61,38
71,61,39
71,61,40
71,61,41
71,61,42
71,62,43
71,62,44
71,63,34
71,63,43
71,63,44
71,63,45
71,63,46
71,64,34
71,64,43
71,68,28
71,68,33
71,68,34
71,69,21
71,69,27
71,69,29
71,69,32
71,69,33
71,69,34
71,70,21
71,70,29
71,70,30
71,70,31
71,70,32
71,70,33
71,70,34
71,70,35
71,70,36
71,71,21
71,71,28
71,71,29
71,71,30
71,71,31
71,71,32
71,71,33
71,71,34
71,71,35
71,71,36
71,71,40
71,71,41
71,72,21
71,72,28
71,72,29
71,72,30
71,72,31
71,72,32
71,72,33
71,72,34
71,72,35
71,72,36
71,72,37
71,72,38
71,72,39
71,72,40
71,72,41
71,73,21
71,73,31
71,73,32
71,73,33
71,73,34
71,73,35
71,73,36
71,73,37
71,73,38
71,73,39
71,73,40
71,74,21
71,74,29
71,74,31
71,74,32
71,74,33
71,74,34
71,74,35
71,74,36
71,74,37
71,74,38
71,74,39
71,74,40
71,75,21
71,75,27
71,75,28
71,75,29
71,75,30
71,75,31
71,75,32
71,75,33
71,75,34
71,75,35
71,75,36
71,75,37
71,75,38
71,76,21
71,76,26
71,76,27
71,76,28
71,76,30
71,76,31
71,76,32
71,76,33
71,76,34
71,76,41
71,76,42
71,76,43
71,76,44
71,77,26
71,77,27
71,77,28
71,77,30
71,77,31
71,77,32
71,77,33
71,77,34
71,77,35
71,77,36
71,77,37
71,77,38
71,77,39
71,77,40
71,77,41
71,77,42
71,77,43
71,78,26
71,78,27
71,78,31
71,78,32
71,78,33
71,78,34
71,78,35
71,78,36
71,78,37
71,78,38
71,78,39
71,78,40
71,78,41
71,78,42
71,78,43
71,79,26
71,79,27
71,79,28
71,79,29
71,79,30
71,79,31
71,79,32
71,79,33
71,79,34
71,79,35
71,79,36
71,79,37
71,79,38
71,79,39
71,79,40
71,79,41
71,80,26
71,80,27
71,80,28
71,80,29
71,80,30
71,80,31
71,80,32
71,80,33
71,80,34
71,80,35
71,80,36
71,80,37
71,80,38
71,80,39
71,80,40
71,80,41
71,81,29
71,81,30
71,81,31
71,81,32
71,81,33
71,81,34
71,81,35
71,81,36
71,81,37
71,81,38
71,81,39
71,81,40
71,81,41
72,60,36
72,60,37
72,61,35
72,61,36
72,61,37
72,61,38
72,61,39
72,61,40
72,61,41
72,61,42
72,61,43
72,62,45
72,63,44
72,63,45
72,64,44
72,68,33
72,69,33
72,70,21
72,70,29
72,70,33
72,70,34
72,71,29
72,71,33
72,71,34
72,72,29
72,72,33
72,72,34
72,72,35
72,73,32
72,73,33
72,73,34
72,73,35
72,73,39
72,73,40
72,74,32
72,74,33
72,74,34
72,74,40
72,74,41
72,75,27
72,75,28
72,75,29
72,75,31
72,75,32
72,75,33
72,75,34
72,76,26
72,76,27
72,76,31
72,76,32
72,76,43
72,77,27
72,77,31
72,77,32
72,77,33
72,77,41
72,77,42
72,77,43
72,78,27
72,78,28
72,78,30
72,78,31
72,78,32
72,78,33
72,78,34
72,78,35
72,78,36
72,78,37
72,78,38
72,78,39
72,78,40
72,78,41
72,78,42
72,79,22
72,79,26
72,79,27
72,79,28
72,79,29
72,79,30
72,79,31
72,79,32
72,79,33
72,79,34
72,79,35
72,79,36
72,79,37
72,79,38
72,79,39
72,79,40
72,79,41
72,79,42
72,79,43
72,80,23
72,80,26
72,80,27
72,80,28
72,80,29
72,80,30
72,80,31
72,80,32
72,80,33
72,80,34
72,80,35
72,80,36
72,80,37
72,80,38
72,80,39
72,80,40
72,80,41
72,81,28
72,81,29
72,81,30
72,81,31
72,81,32
72,81,33
72,81,34
72,81,35
72,81,36
72,81,37
72,81,38
72,81,39
72,81,40
72,81,41
72,82,33
72,82,34
72,82,35
72,82,36
72,82,37
72,82,38
72,82,39
72,82,40
73,60,36
73,61,36
73,63,44
73,63,45
73,64,45
73,68,33
73,69,33
73,70,33
73,71,33
73,72,33
73,73,33
73,73,41
73,74,27
73,74,28
73,74,32
73,75,27
73,75,28
73,75,31
73,75,32
73,76,27
73,76,28
73,76,30
73,76,31
73,76,32
73,76,43
73,77,27
73,77,28
73,77,30
73,77,31
73,77,32
73,77,42
73,78,26
73,78,27
73,78,28
73,78,29
73,78,30
73,78,31
73,78,32
73,78,33
73,78,34
73,78,35
73,78,36
73,78,37
73,78,38
73,78,39
73,78,40
73,78,41
73,78,42
73,79,23
73,79,27
73,79,28
73,79,29
73,79,30
73,79,31
73,79,32
73,79,33
73,79,34
73,79,35
73,79,36
73,79,37
73,79,38
73,79,39
73,79,40
73,79,41
73,79,42
73,79,43
73,80,23
73,80,24
73,80,25
73,80,26
73,80,27
73,80,28
73,80,29
73,80,30
73,80,31
73,80,32
73,80,33
73,80,34
73,80,35
73,80,36
73,80,37
73,80,38
73,80,39
73,80,40
73,80,41
73,80,42
73,81,28
73,81,29
73,81,30
73,81,31
73,81,32
73,81,33
73,81,34
73,81,35
73,81,36
73,81,37
73,81,38
73,81,39
73,81,40
73,81,41
73,81,42
73,81,43
73,82,30
73,82,31
73,82,32
73,82,33
73,82,34
73,82,35
73,82,36
73,82,37
73,82,38
73,82,39
73,82,40
73,82,41
73,82,42
73,82,43
73,82,44
74,63,45
74,64,45
74,70,21
74,70,33
74,71,21
74,71,25
74,71,33
74,72,24
74,72,25
74,72,32
74,72,33
74,73,24
74,73,25
74,73,27
74,73,32
74,73,33
74,73,41
74,73,42
74,73,43
74,74,25
74,74,26
74,74,27
74,74,28
74,74,32
74,74,42
74,74,45
74,75,25
74,75,26
74,75,27
74,75,28
74,75,32
74,75,42
74,76,25
74,76,26
74,76,27
74,76,28
74,76,29
74,76,30
74,76,31
74,77,25
74,77,26
74,77,27
74,77,28
74,77,29
74,77,30
74,77,31
74,78,26
74,78,27
74,78,28
74,78,29
74,78,30
74,78,31
74,78,32
74,78,33
74,78,42
74,78,43
74,79,24
74,79,27
74,79,28
74,79,29
74,79,30
74,79,31
74,79,32
74,79,33
74,79,34
74,79,35
74,79,39
74,79,40
74,79,41
74,79,42
74,79,43
74,80,23
74,80,24
74,80,25
74,80,26
74,80,27
74,80,28
74,80,29
74,80,30
74,80,31
74,80,32
74,80,33
74,80,34
74,80,35
74,80,36
74,80,37
74,80,38
74,80,39
74,80,40
74,80,41
74,80,42
74,80,43
74,81,28
74,81,29
74,81,30
74,81,31
74,81,32
74,81,33
74,81,34
74,81,35
74,81,36
74,81,37
74,81,38
74,81,39
74,81,40
74,81,41
74,81,42
74,81,43
74,81,44
74,82,29
74,82,30
74,82,31
74,82,32
74,82,33
74,82,34
74,82,35
74,82,36
74,82,37
74,82,38
74,82,39
74,82,40
74,82,41
74,82,42
74,82,43
74,82,44
74,82,45
75,63,45
75,69,20
75,69,21
75,69,22
75,69,24
75,70,21
75,70,22
75,70,23
75,70,24
75,70,25
75,71,21
75,71,22
75,71,23
75,71,24
75,71,25
75,71,26
75,72,22
75,72,23
75,72,24
75,72,25
75,72,26
75,72,27
75,73,22
75,73,23
75,73,24
75,73,25
75,73,26
75,73,27
75,73,32
75,73,42
75,73,43
75,74,24
75,74,25
75,74,26
75,74,27
75,74,43
75,75,24
75,75,25
75,75,26
75,75,27
75,75,28
75,76,25
75,76,26
75,76,27
75,76,28
75,76,29
75,77,25
75,77,26
75,77,27
75,77,28
75,77,29
75,77,30
75,77,31
75,78,24
75,78,25
75,78,26
75,78,27
75,78,28
75,78,29
75,78,30
75,78,31
75,78,32
75,78,43
75,79,24
75,79,25
75,79,26
75,79,27
75,79,28
75,79,29
75,79,30
75,79,31
75,79,32
75,79,33
75,79,34
75,79,40
75,79,41
75,79,42
75,79,43
75,79,44
75,80,24
75,80,25
75,80,26
75,80,27
75,80,28
75,80,29
75,80,30
75,80,31
75,80,32
75,80,33
75,80,34
75,80,35
75,80,36
75,80,37
75,80,38
75,80,39
75,80,40
75,80,41
75,80,42
75,80,43
75,81,28
75,81,29
75,81,30
75,81,31
75,81,32
75,81,33
75,81,34
75,81,35
75,81,36
75,81,37
75,81,38
75,81,39
75,81,40
75,81,41
75,81,42
75,81,43
75,81,44
75,82,29
75,82,30
75,82,31
75,82,32
75,82,33
75,82,34
75,82,35
75,82,36
75,82,37
75,82,38
75,82,39
75,82,40
75,82,41
75,82,42
75,82,43
75,82,44
75,82,45
76,63,45
76,68,21
76,68,22
76,68,24
76,69,21
76,69,22
76,69,23
76,69,24
76,69,25
76,70,21
76,70,22
76,70,23
76,70,24
76,70,25
76,71,21
76,71,22
76,71,23
76,71,24
76,71,25
76,71,26
76,72,22
76,72,23
76,72,24
76,72,25
76,72,26
76,72,27
76,73,22
76,73,23
76,73,24
76,73,25
76,73,26
76,73,27
76,73,42
76,73,43
76,74,24
76,74,25
76,74,26
76,74,27
76,74,43
76,75,24
76,75,25
76,75,26
76,75,27
76,76,25
76,76,26
76,76,27
76,76,28
76,77,25
76,77,26
76,77,27
76,77,28
76,77,29
76,77,30
76,77,31
76,78,24
76,78,25
76,78,26
76,78,27
76,78,28
76,78,29
76,78,30
76,78,31
76,78,32
76,78,43
76,78,44
76,79,24
76,79,25
76,79,26
76,79,27
76,79,28
76,79,29
76,79,30
76,79,31
76,79,32
76,79,33
76,79,34
76,79,40
76,79,41
76,79,42
76,79,43
76,79,44
76,80,24
76,80,25
76,80,26
76,80,27
76,80,28
76,80,29
76,80,30
76,80,31
76,80,32
76,80,33
76,80,34
76,80,35
76,80,36
76,80,37
76,80,38
76,80,39
76,80,40
76,80,41
76,80,42
76,80,43
76,81,28
76,81,29
76,81,30
76,81,31
76,81,32
76,81,33
76,81,34
76,81,35
76,81,36
76,81,37
76,81,38
76,81,39
76,81,40
76,81,41
76,81,42
76,81,43
76,82,29
76,82,30
76,82,31
76,82,32
76,82,33
76,82,34
76,82,35
76,82,36
76,82,37
76,82,38
76,82,39
76,82,40
76,82,41
76,82,42
76,82,43
76,82,44
77,63,45
77,65,45
77,68,21
77,68,22
77,69,21
77,69,22
77,69,24
77,70,21
77,70,22
77,70,24
77,70,25
77,70,26
77,71,21
77,71,24
77,71,25
77,71,26
77,71,32
77,72,23
77,72,24
77,72,25
77,72,26
77,72,27
77,72,32
77,73,24
77,73,25
77,73,26
77,73,27
77,73,32
77,73,42
77,73,43
77,74,24
77,74,25
77,74,26
77,74,27
77,74,43
77,75,24
77,75,25
77,75,26
77,75,27
77,75,28
77,75,43
77,76,25
77,76,26
77,76,27
77,76,28
77,76,29
77,76,30
77,76,31
77,76,32
77,76,43
77,77,25
77,77,26
77,77,27
77,77,28
77,77,29
77,77,30
77,77,31
77,77,32
77,77,42
77,77,43
77,78,25
77,78,26
77,78,27
77,78,28
77,78,29
77,78,30
77,78,31
77,78,32
77,78,43
77,78,44
77,79,24
77,79,25
77,79,26
77,79,27
77,79,28
77,79,29
77,79,30
77,79,31
77,79,32
77,79,33
77,79,34
77,79,40
77,79,41
77,79,42
77,79,43
77,79,44
77,80,24
77,80,25
77,80,26
77,80,27
77,80,28
77,80,29
77,80,30
77,80,31
77,80,32
77,80,33
77,80,34
77,80,35
77,80,36
77,80,37
77,80,38
77,80,39
77,80,40
77,80,41
77,80,42
77,81,28
77,81,29
77,81,30
77,81,31
77,81,32
77,81,33
77,81,34
77,81,35
77,81,36
77,81,37
77,81,38
77,81,39
77,81,40
77,81,41
77,81,42
77,81,43
77,81,44
77,82,29
77,82,30
77,82,31
77,82,32
77,82,33
77,82,34
77,82,35
77,82,36
77,82,37
77,82,38
77,82,39
77,82,40
77,82,41
77,82,42
77,82,43
77,82,44
77,82,45
78,61,37
78,63,44
78,63,45
78,63,46
78,64,45
78,64,46
78,69,21
78,69,33
78,70,33
78,71,33
78,72,33
78,73,33
78,73,41
78,73,42
78,74,32
78,74,42
78,74,45
78,74,46
78,75,27
78,75,28
78,75,31
78,75,32
78,75,42
78,75,43
78,75,44
78,76,26
78,76,27
78,76,28
78,76,29
78,76,30
78,76,31
78,76,32
78,76,43
78,77,26
78,77,27
78,77,28
78,77,29
78,77,30
78,77,31
78,77,32
78,77,33
78,77,41
78,77,42
78,77,43
78,78,26
78,78,27
78,78,28
78,78,29
78,78,30
78,78,31
78,78,32
78,78,33
78,78,42
78,78,43
78,79,23
78,79,27
78,79,28
78,79,29
78,79,30
78,79,31
78,79,32
78,79,33
78,79,34
78,79,35
78,79,39
78,79,40
78,79,41
78,79,42
78,79,43
78,80,23
78,80,24
78,80,25
78,80,26
78,80,27
78,80,28
78,80,29
78,80,30
78,80,31
78,80,32
78,80,33
78,80,34
78,80,35
78,80,36
78,80,37
78,80,38
78,80,39
78,80,40
78,80,41
78,80,42
78,81,28
78,81,29
78,81,30
78,81,31
78,81,32
78,81,33
78,81,34
78,81,35
78,81,36
78,81,37
78,81,38
78,81,39
78,81,40
78,81,41
78,81,42
78,81,43
78,81,44
78,82,30
78,82,31
78,82,32
78,82,33
78,82,34
78,82,35
78,82,36
78,82,37
78,82,38
78,82,39
78,82,40
78,82,41
78,82,42
78,82,43
78,82,44
79,61,37
79,61,38
79,61,39
79,61,40
79,62,46
79,63,44
79,63,45
79,63,46
79,64,45
79,68,33
79,69,21
79,69,33
79,70,21
79,70,33
79,71,21
79,71,33
79,72,21
79,72,33
79,73,21
79,73,33
79,73,41
79,74,32
79,74,46
79,75,27
79,75,28
79,75,31
79,75,32
79,75,42
79,75,45
79,76,27
79,76,28
79,76,29
79,76,30
79,76,31
79,76,32
79,76,33
79,76,34
79,76,41
79,76,42
79,76,43
79,77,27
79,77,28
79,77,29
79,77,30
79,77,31
79,77,32
79,77,33
79,77,34
79,77,35
79,77,36
79,77,37
79,77,38
79,77,39
79,77,40
79,77,41
79,77,42
79,77,43
79,78,27
79,78,28
79,78,29
79,78,30
79,78,31
79,78,32
79,78,33
79,78,34
79,78,35
79,78,36
79,78,37
79,78,38
79,78,39
79,78,40
79,78,41
79,78,42
79,79,23
79,79,26
79,79,27
79,79,28
79,79,29
79,79,30
79,79,31
79,79,32
79,79,33
79,79,34
79,79,35
79,79,36
79,79,37
79,79,38
79,79,39
79,79,40
79,79,41
79,79,42
79,79,43
79,80,23
79,80,26
79,80,27
79,80,28
79,80,29
79,80,30
79,80,31
79,80,32
79,80,33
79,80,34
79,80,35
79,80,36
79,80,37
79,80,38
79,80,39
79,80,40
79,80,41
79,80,42
79,81,28
79,81,29
79,81,30
79,81,31
79,81,32
79,81,33
79,81,34
79,81,35
79,81,36
79,81,37
79,81,38
79,81,39
79,81,40
79,81,41
79,81,42
79,81,43
79,82,31
79,82,32
79,82,33
79,82,34
79,82,35
79,82,36
79,82,37
79,82,38
79,82,39
79,82,40
79,82,41
79,82,42
80,61,37
80,61,38
80,61,39
80,61,40
80,62,45
80,62,46
80,63,34
80,63,43
80,63,44
80,63,45
80,63,46
80,64,44
80,66,27
80,67,34
80,68,28
80,68,33
80,68,34
80,68,35
80,69,21
80,69,29
80,69,30
80,69,32
80,69,33
80,69,34
80,70,21
80,70,29
80,70,30
80,70,31
80,70,32
80,70,33
80,70,34
80,71,21
80,71,29
80,71,30
80,71,31
80,71,32
80,71,33
80,71,34
80,72,21
80,72,29
80,72,32
80,72,33
80,72,34
80,72,35
80,73,21
80,73,32
80,73,33
80,73,34
80,73,35
80,73,39
80,74,21
80,74,29
80,74,31
80,74,32
80,74,33
80,75,21
80,75,27
80,75,28
80,75,29
80,75,30
80,75,31
80,75,32
80,75,33
80,75,34
80,76,21
80,76,26
80,76,27
80,76,28
80,76,30
80,76,31
80,76,32
80,76,33
80,76,34
80,76,35
80,76,36
80,76,37
80,76,38
80,77,21
80,77,22
80,77,26
80,77,27
80,77,29
80,77,30
80,77,31
80,77,32
80,77,33
80,77,34
80,77,35
80,77,36
80,77,37
80,77,38
80,78,22
80,78,27
80,78,30
80,78,31
80,78,32
80,78,33
80,78,34
80,78,35
80,78,36
80,78,37
80,78,38
80,78,39
80,78,43
80,79,26
80,79,27
80,79,28
80,79,29
80,79,30
80,79,31
80,79,32
80,79,33
80,79,34
80,79,35
80,79,36
80,79,37
80,79,38
80,79,39
80,79,40
80,79,41
80,79,42
80,79,43
80,80,26
80,80,27
80,80,28
80,80,29
80,80,30
80,80,31
80,80,32
80,80,33
80,80,34
80,80,35
80,80,36
80,80,37
80,80,38
80,80,39
80,80,40
80,80,41
80,80,42
80,81,28
80,81,29
80,81,30
80,81,31
80,81,32
80,81,33
80,81,34
80,81,35
80,81,36
80,81,37
80,81,38
80,81,39
80,81,40
80,81,41
80,82,33
80,82,34
80,82,35
80,82,36
80,82,37
80,82,38
81,60,39
81,61,37
81,61,38
81,61,39
81,61,40
81,61,41
81,61,42
81,62,43
81,62,44
81,62,45
81,62,46
81,63,34
81,63,35
81,63,36
81,63,41
81,63,42
81,63,43
81,63,44
81,63,45
81,64,34
81,64,43
81,64,44
81,65,34
81,65,35
81,65,36
81,65,40
81,65,41
81,66,34
81,67,28
81,67,29
81,67,34
81,67,35
81,67,36
81,67,40
81,67,41
81,68,27
81,68,28
81,68,29
81,68,33
81,68,34
81,68,35
81,68,36
81,68,37
81,68,38
81,68,39
81,68,40
81,69,21
81,69,27
81,69,28
81,69,29
81,69,30
81,69,31
81,69,32
81,69,33
81,69,34
81,69,35
81,69,36
81,69,40
81,70,20
81,70,21
81,70,22
81,70,29
81,70,30
81,70,31
81,70,32
81,70,33
81,70,34
81,70,35
81,70,36
81,70,40
81,71,21
81,71,22
81,71,29
81,71,30
81,71,31
81,71,32
81,71,33
81,71,34
81,71,35
81,71,36
81,71,40
81,72,20
81,72,21
81,72,22
81,72,29
81,72,30
81,72,31
81,72,32
81,72,33
81,72,34
81,72,35
81,72,36
81,72,37
81,72,38
81,72,39
81,72,40
81,73,20
81,73,21
81,73,22
81,73,23
81,73,29
81,73,30
81,73,31
81,73,32
81,73,33
81,73,34
81,73,35
81,73,36
81,73,37
81,73,38
81,73,39
81,74,21
81,74,22
81,74,23
81,74,29
81,74,30
81,74,31
81,74,32
81,74,33
81,74,34
81,74,35
81,74,36
81,74,37
81,74,38
81,74,39
81,74,40
81,75,21
81,75,22
81,75,23
81,75,27
81,75,28
81,75,29
81,75,30
81,75,31
81,75,32
81,75,33
81,75,34
81,75,35
81,75,36
81,75,37
81,75,38
81,75,39
81,76,21
81,76,22
81,76,26
81,76,27
81,76,31
81,76,32
81,76,33
81,76,34
81,76,35
81,76,36
81,76,37
81,76,38
81,76,39
81,76,40
81,76,41
81,76,42
81,76,43
81,76,44
81,76,45
81,77,21
81,77,22
81,77,23
81,77,26
81,77,27
81,77,28
81,77,29
81,77,30
81,77,31
81,77,32
81,77,33
81,77,34
81,77,35
81,77,36
81,77,37
81,77,38
81,77,39
81,77,40
81,77,41
81,77,42
81,77,43
81,78,22
81,78,23
81,78,27
81,78,31
81,78,32
81,78,33
81,78,34
81,78,35
81,78,36
81,78,37
81,78,38
81,78,39
81,78,40
81,78,41
81,78,42
81,78,43
81,79,22
81,79,23
81,79,26
81,79,27
81,79,28
81,79,29
81,79,30
81,79,31
81,79,32
81,79,33
81,79,34
81,79,35
81,79,36
81,79,37
81,79,38
81,79,39
81,79,40
81,79,41
81,79,42
81,79,43
81,80,27
81,80,28
81,80,29
81,80,30
81,80,31
81,80,32
81,80,33
81,80,34
81,80,35
81,80,36
81,80,37
81,80,38
81,80,39
81,80,40
81,80,41
81,81,28
81,81,29
81,81,30
81,81,31
81,81,32
81,81,33
81,81,34
81,81,35
81,81,36
81,81,37
81,81,38
81,81,39
81,81,40
82,59,39
82,60,38
82,60,39
82,60,40
82,61,35
82,61,36
82,61,37
82,61,38
82,61,39
82,61,40
82,61,41
82,62,35
82,62,36
82,62,40
82,62,41
82,62,42
82,62,43
82,62,44
82,62,45
82,63,35
82,63,36
82,63,37
82,63,38
82,63,39
82,63,40
82,63,41
82,63,42
82,63,43
82,63,44
82,63,45
82,64,35
82,64,36
82,64,37
82,64,38
82,64,39
82,64,40
82,64,41
82,64,42
82,64,43
82,65,26
82,65,35
82,65,36
82,65,37
82,65,38
82,65,39
82,65,40
82,65,41
82,66,34
82,66,35
82,66,36
82,66,37
82,66,38
82,66,39
82,66,40
82,66,41
82,67,28
82,67,29
82,67,34
82,67,35
82,67,36
82,67,37
82,67,38
82,67,39
82,67,40
82,67,41
82,68,27
82,68,28
82,68,29
82,68,33
82,68,34
82,68,35
82,68,36
82,68,37
82,68,38
82,68,39
82,68,40
82,69,21
82,69,22
82,69,26
82,69,27
82,69,28
82,69,29
82,69,30
82,69,31
82,69,32
82,69,33
82,69,34
82,69,35
82,69,36
82,69,37
82,69,38
82,69,39
82,69,40
82,70,21
82,70,22
82,70,23
82,70,25
82,70,26
82,70,27
82,70,28
82,70,29
82,70,30
82,70,31
82,70,32
82,70,33
82,70,34
82,70,35
82,70,36
82,70,37
82,70,38
82,70,39
82,71,21
82,71,22
82,71,23
82,71,24
82,71,25
82,71,26
82,71,29
82,71,30
82,71,31
82,71,32
82,71,33
82,71,34
82,71,35
82,71,36
82,71,37
82,71,38
82,71,39
82,72,20
82,72,21
82,72,22
82,72,23
82,72,24
82,72,25
82,72,29
82,72,30
82,72,31
82,72,32
82,72,33
82,72,34
82,72,35
82,72,36
82,72,37
82,72,38
82,73,20
82,73,21
82,73,22
82,73,23
82,73,24
82,73,29
82,73,30
82,73,31
82,73,32
82,73,33
82,73,34
82,73,35
82,73,36
82,73,37
82,73,38
82,74,20
82,74,21
82,74,22
82,74,23
82,74,24
82,74,29
82,74,30
82,74,31
82,74,32
82,74,33
82,74,34
82,74,35
82,74,36
82,74,37
82,74,38
82,75,20
82,75,21
82,75,22
82,75,23
82,75,27
82,75,28
82,75,29
82,75,30
82,75,31
82,75,32
82,75,33
82,75,34
82,75,35
82,75,36
82,75,37
82,75,38
82,76,20
82,76,21
82,76,22
82,76,23
82,76,26
82,76,27
82,76,28
82,76,30
82,76,31
82,76,32
82,76,33
82,76,34
82,76,35
82,76,36
82,76,37
82,76,38
82,76,39
82,76,40
82,76,41
82,76,42
82,76,43
82,76,44
82,76,45
82,77,20
82,77,21
82,77,22
82,77,23
82,77,26
82,77,27
82,77,28
82,77,29
82,77,30
82,77,31
82,77,32
82,77,33
82,77,34
82,77,35
82,77,36
82,77,37
82,77,38
82,77,39
82,77,40
82,77,41
82,77,42
82,77,43
82,77,44
82,78,21
82,78,22
82,78,23
82,78,26
82,78,27
82,78,28
82,78,30
82,78,31
82,78,32
82,78,33
82,78,34
82,78,35
82,78,36
82,78,37
82,78,38
82,78,39
82,78,40
82,78,41
82,78,42
82,78,43
82,79,22
82,79,23
82,79,27
82,79,28
82,79,29
82,79,30
82,79,31
82,79,32
82,79,33
82,79,34
82,79,35
82,79,36
82,79,37
82,79,38
82,79,39
82,79,40
82,79,41
82,79,42
82,79,43
82,80,27
82,80,28
82,80,29
82,80,30
82,80,31
82,80,32
82,80,33
82,80,34
82,80,35
82,80,36
82,80,37
82,80,38
82,80,39
82,80,40
82,81,28
82,81,29
82,81,30
82,81,31
82,81,32
82,81,33
82,81,34
82,81,35
82,81,36
82,81,37
83,57,38
83,58,38
83,58,39
83,59,38
83,59,39
83,59,40
83,60,37
83,60,38
83,60,39
83,60,40
83,61,36
83,61,37
83,61,38
83,61,39
83,61,40
83,62,35
83,62,36
83,62,37
83,62,38
83,62,39
83,62,40
83,62,41
83,62,42
83,63,35
83,63,36
83,63,37
83,63,38
83,63,39
83,63,40
83,63,41
83,63,42
83,63,43
83,63,44
83,63,45
83,63,46
83,64,34
83,64,35
83,64,36
83,64,37
83,64,38
83,64,39
83,64,40
83,64,41
83,64,42
83,64,43
83,65,34
83,65,35
83,65,36
83,65,37
83,65,38
83,65,39
83,65,40
83,66,34
83,66,35
83,66,36
83,66,37
83,66,38
83,66,39
83,66,40
83,67,28
83,67,29
83,67,33
83,67,34
83,67,35
83,67,36
83,67,37
83,67,38
83,67,39
83,68,27
83,68,28
83,68,29
83,68,30
83,68,31
83,68,32
83,68,33
83,68,34
83,68,35
83,68,36
83,68,37
83,68,38
83,68,39
83,69,22
83,69,23
83,69,25
83,69,26
83,69,27
83,69,28
83,69,29
83,69,30
83,69,31
83,69,32
83,69,33
83,69,34
83,69,35
83,69,36
83,69,37
83,69,38
83,70,22
83,70,23
83,70,24
83,70,25
83,70,26
83,70,27
83,70,28
83,70,29
83,70,30
83,70,31
83,70,32
83,70,33
83,70,34
83,70,35
83,70,36
83,70,37
83,70,38
83,71,21
83,71,22
83,71,23
83,71,24
83,71,25
83,71,26
83,71,27
83,71,28
83,71,29
83,71,30
83,71,31
83,71,32
83,71,33
83,71,34
83,71,35
83,71,36
83,71,37
83,71,38
83,72,21
83,72,22
83,72,23
83,72,24
83,72,25
83,72,29
83,72,30
83,72,31
83,72,32
83,72,33
83,72,34
83,72,35
83,72,36
83,72,37
83,72,38
83,73,21
83,73,22
83,73,23
83,73,24
83,73,29
83,73,30
83,73,31
83,73,32
83,73,33
83,73,34
83,73,35
83,73,36
83,73,37
83,73,38
83,74,21
83,74,22
83,74,23
83,74,24
83,74,29
83,74,30
83,74,31
83,74,32
83,74,33
83,74,34
83,74,35
83,74,36
83,74,37
83,74,38
83,75,20
83,75,21
83,75,22
83,75,23
83,75,24
83,75,28
83,75,29
83,75,30
83,75,31
83,75,32
83,75,33
83,75,34
83,75,35
83,75,36
83,75,37
83,75,38
83,76,20
83,76,21
83,76,22
83,76,23
83,76,27
83,76,28
83,76,29
83,76,30
83,76,31
83,76,32
83,76,33
83,76,34
83,76,35
83,76,36
83,76,37
83,76,38
83,76,39
83,76,40
83,76,41
83,76,42
83,76,43
83,76,44
83,76,45
83,77,20
83,77,21
83,77,22
83,77,23
83,77,26
83,77,27
83,77,28
83,77,29
83,77,30
83,77,31
83,77,32
83,77,33
83,77,34
83,77,35
83,77,36
83,77,37
83,77,38
83,77,39
83,77,40
83,77,41
83,77,42
83,77,43
83,77,44
83,78,20
83,78,21
83,78,22
83,78,23
83,78,26
83,78,27
83,78,28
83,78,29
83,78,30
83,78,31
83,78,32
83,78,33
83,78,34
83,78,35
83,78,36
83,78,37
83,78,38
83,78,39
83,78,40
83,78,41
83,78,42
83,78,43
83,79,21
83,79,22
83,79,23
83,79,26
83,79,27
83,79,28
83,79,29
83,79,30
83,79,31
83,79,32
83,79,33
83,79,34
83,79,35
83,79,36
83,79,37
83,79,38
83,79,39
83,79,40
83,79,41
83,79,42
83,80,26
83,80,27
83,80,28
83,80,29
83,80,30
83,80,31
83,80,32
83,80,33
83,80,34
83,80,35
83,80,36
83,80,37
83,80,38
83,81,28
83,81,29
83,81,30
83,81,31
83,81,32
83,81,33
83,81,34
83,81,35
83,81,36
84,57,38
84,60,38
84,61,38
84,62,34
84,62,35
84,62,36
84,62,37
84,62,38
84,62,39
84,62,40
84,62,41
84,63,33
84,63,34
84,63,35
84,63,36
84,63,37
84,63,38
84,63,39
84,63,40
84,63,41
84,63,42
84,63,43
84,63,44
84,63,45
84,63,46
84,64,33
84,64,34
84,64,35
84,64,36
84,64,37
84,64,38
84,64,39
84,64,40
84,64,41
84,64,42
84,64,43
84,65,33
84,65,34
84,65,35
84,65,36
84,65,37
84,65,38
84,65,39
84,65,40
84,66,33
84,66,34
84,66,35
84,66,36
84,66,37
84,66,38
84,66,39
84,66,40
84,67,28
84,67,29
84,67,32
84,67,33
84,67,34
84,67,35
84,67,36
84,67,37
84,67,38
84,67,39
84,67,40
84,68,28
84,68,29
84,68,30
84,68,31
84,68,32
84,68,33
84,68,34
84,68,35
84,68,36
84,68,37
84,68,38
84,68,39
84,69,23
84,69,24
84,69,25
84,69,26
84,69,27
84,69,28
84,69,29
84,69,30
84,69,31
84,69,32
84,69,33
84,69,34
84,69,35
84,69,36
84,69,37
84,69,38
84,69,39
84,70,22
84,70,23
84,70,24
84,70,25
84,70,26
84,70,27
84,70,28
84,70,29
84,70,30
84,70,31
84,70,32
84,70,33
84,70,34
84,70,35
84,70,36
84,70,37
84,70,38
84,71,22
84,71,23
84,71,24
84,71,25
84,71,26
84,71,27
84,71,28
84,71,29
84,71,30
84,71,31
84,71,32
84,71,33
84,71,34
84,71,35
84,71,36
84,71,37
84,71,38
84,72,21
84,72,22
84,72,23
84,72,24
84,72,25
84,72,26
84,72,29
84,72,30
84,72,31
84,72,32
84,72,33
84,72,34
84,72,35
84,72,36
84,72,37
84,72,38
84,73,21
84,73,22
84,73,23
84,73,24
84,73,25
84,73,29
84,73,30
84,73,31
84,73,32
84,73,33
84,73,34
84,73,35
84,73,36
84,73,37
84,74,21
84,74,22
84,74,23
84,74,24
84,74,29
84,74,30
84,74,31
84,74,32
84,74,33
84,74,34
84,74,35
84,74,36
84,74,37
84,75,21
84,75,22
84,75,23
84,75,24
84,75,29
84,75,30
84,75,31
84,75,32
84,75,33
84,75,34
84,75,35
84,75,36
84,75,37
84,75,38
84,76,21
84,76,22
84,76,23
84,76,24
84,76,27
84,76,28
84,76,29
84,76,30
84,76,31
84,76,32
84,76,33
84,76,34
84,76,35
84,76,36
84,76,37
84,76,38
84,76,39
84,76,40
84,76,41
84,76,42
84,76,43
84,76,44
84,76,45
84,77,21
84,77,22
84,77,23
84,77,24
84,77,27
84,77,28
84,77,29
84,77,30
84,77,31
84,77,32
84,77,33
84,77,34
84,77,35
84,77,36
84,77,37
84,77,38
84,77,39
84,77,40
84,77,41
84,77,42
84,77,43
84,77,44
84,78,21
84,78,22
84,78,23
84,78,27
84,78,28
84,78,29
84,78,30
84,78,31
84,78,32
84,78,33
84,78,34
84,78,35
84,78,36
84,78,37
84,78,38
84,78,39
84,78,40
84,78,41
84,78,42
84,79,21
84,79,22
84,79,23
84,79,27
84,79,28
84,79,29
84,79,30
84,79,31
84,79,32
84,79,33
84,79,34
84,79,35
84,79,36
84,79,37
84,79,38
84,79,39
84,79,40
84,79,41
84,80,27
84,80,28
84,80,29
84,80,30
84,80,31
84,80,32
84,80,33
84,80,34
84,80,35
84,80,36
84,80,37
84,81,29
84,81,30
84,81,31
84,81,32
84,81,33
85,62,33
85,62,34
85,62,35
85,62,37
85,62,38
85,63,33
85,63,34
85,63,35
85,63,36
85,63,37
85,63,42
85,63,43
85,63,44
85,63,45
85,63,46
85,64,33
85,64,34
85,64,35
85,64,36
85,64,37
85,64,38
85,64,39
85,64,40
85,64,41
85,64,42
85,64,43
85,64,44
85,65,30
85,65,33
85,65,34
85,65,35
85,65,36
85,65,37
85,65,38
85,65,39
85,65,40
85,66,29
85,66,30
85,66,32
85,66,33
85,66,34
85,66,35
85,66,36
85,66,37
85,66,38
85,66,39
85,66,40
85,67,28
85,67,29
85,67,30
85,67,31
85,67,32
85,67,33
85,67,34
85,67,35
85,67,36
85,67,37
85,67,38
85,67,39
85,68,25
85,68,28
85,68,29
85,68,30
85,68,31
85,68,32
85,68,33
85,68,34
85,68,35
85,68,36
85,68,37
85,68,38
85,68,39
85,69,23
85,69,24
85,69,25
85,69,26
85,69,27
85,69,28
85,69,29
85,69,30
85,69,31
85,69,32
85,69,33
85,69,34
85,69,35
85,69,36
85,69,37
85,69,38
85,70,23
85,70,24
85,70,25
85,70,26
85,70,27
85,70,28
85,70,29
85,70,30
85,70,31
85,70,32
85,70,33
85,70,34
85,70,35
85,70,36
85,70,37
85,71,22
85,71,23
85,71,24
85,71,25
85,71,26
85,71,29
85,71,30
85,71,31
85,71,32
85,71,33
85,71,34
85,71,35
85,71,36
85,71,37
85,72,22
85,72,23
85,72,24
85,72,25
85,72,26
85,72,29
85,72,30
85,72,31
85,72,32
85,72,33
85,72,34
85,72,35
85,72,36
85,72,37
85,73,21
85,73,22
85,73,23
85,73,24
85,73,25
85,73,29
85,73,30
85,73,31
85,73,32
85,73,33
85,73,34
85,73,35
85,73,36
85,73,37
85,74,21
85,74,22
85,74,23
85,74,24
85,74,28
85,74,29
85,74,30
85,74,31
85,74,32
85,74,33
85,74,34
85,74,35
85,74,36
85,75,21
85,75,22
85,75,23
85,75,24
85,75,28
85,75,29
85,75,30
85,75,31
85,75,32
85,75,33
85,75,34
85,75,35
85,75,36
85,75,37
85,75,38
85,76,21
85,76,22
85,76,23
85,76,24
85,76,28
85,76,29
85,76,30
85,76,31
85,76,32
85,76,33
85,76,34
85,76,35
85,76,36
85,76,37
85,76,38
85,76,39
85,76,40
85,76,41
85,76,42
85,76,43
85,76,44
85,77,22
85,77,23
85,77,24
85,77,27
85,77,28
85,77,29
85,77,30
85,77,31
85,77,32
85,77,33
85,77,34
85,77,35
85,77,36
85,77,37
85,77,38
85,77,39
85,77,40
85,77,41
85,77,42
85,77,43
85,78,23
85,78,27
85,78,28
85,78,29
85,78,30
85,78,31
85,78,32
85,78,33
85,78,34
85,78,35
85,78,36
85,78,37
85,78,38
85,78,39
85,78,40
85,79,27
85,79,28
85,79,29
85,79,30
85,79,31
85,79,32
85,79,33
85,79,34
85,79,35
85,79,36
85,79,37
85,79,38
85,79,39
85,80,27
85,80,28
85,80,29
85,80,30
85,80,31
85,80,32
85,80,33
85,80,34
85,80,35
86,61,33
86,61,37
86,62,32
86,62,33
86,62,34
86,62,37
86,63,32
86,63,33
86,63,34
86,63,35
86,63,36
86,64,30
86,64,31
86,64,32
86,64,33
86,64,34
86,64,35
86,64,36
86,64,41
86,64,42
86,64,43
86,64,44
86,65,29
86,65,30
86,65,31
86,65,32
86,65,33
86,65,34
86,65,35
86,65,36
86,65,37
86,65,40
86,66,29
86,66,30
86,66,31
86,66,32
86,66,33
86,66,34
86,66,35
86,66,36
86,66,37
86,66,38
86,66,39
86,67,28
86,67,29
86,67,30
86,67,31
86,67,32
86,67,33
86,67,34
86,67,35
86,67,36
86,67,37
86,67,38
86,68,25
86,68,26
86,68,27
86,68,28
86,68,29
86,68,30
86,68,31
86,68,32
86,68,33
86,68,34
86,68,35
86,68,36
86,68,37
86,68,38
86,69,24
86,69,25
86,69,26
86,69,27
86,69,28
86,69,29
86,69,30
86,69,31
86,69,32
86,69,33
86,69,34
86,69,35
86,69,36
86,69,37
86,70,24
86,70,25
86,70,26
86,70,27
86,70,28
86,70,29
86,70,30
86,70,31
86,70,32
86,70,33
86,70,34
86,70,35
86,70,36
86,70,37
86,71,23
86,71,24
86,71,25
86,71,26
86,71,29
86,71,30
86,71,31
86,71,32
86,71,33
86,71,34
86,71,35
86,71,36
86,72,23
86,72,24
86,72,25
86,72,29
86,72,30
86,72,31
86,72,32
86,72,33
86,72,34
86,72,35
86,72,36
86,73,22
86,73,24
86,73,25
86,73,29
86,73,30
86,73,31
86,73,32
86,73,33
86,73,34
86,73,35
86,73,36
86,74,22
86,74,24
86,74,28
86,74,29
86,74,30
86,74,31
86,74,32
86,74,33
86,74,34
86,74,35
86,74,36
86,75,22
86,75,28
86,75,29
86,75,30
86,75,31
86,75,32
86,75,33
86,75,34
86,75,35
86,75,36
86,75,37
86,75,38
86,76,28
86,76,29
86,76,30
86,76,31
86,76,32
86,76,33
86,76,34
86,76,35
86,76,36
86,76,37
86,76,38
86,76,39
86,76,40
86,76,41
86,76,42
86,76,43
86,77,28
86,77,29
86,77,30
86,77,31
86,77,32
86,77,33
86,77,34
86,77,35
86,77,36
86,77,37
86,77,38
86,77,39
86,77,40
86,77,41
86,77,42
86,78,28
86,78,29
86,78,30
86,78,31
86,78,32
86,78,33
86,78,34
86,78,35
86,78,36
86,78,37
86,78,38
86,79,27
86,79,28
86,79,29
86,79,30
86,79,31
86,79,32
86,79,33
86,79,34
86,79,35
86,79,36
86,79,37
86,80,27
86,80,28
86,80,29
86,80,30
86,80,31
86,80,32
86,80,33
86,80,34
87,61,37
87,62,32
87,62,33
87,62,34
87,62,36
87,62,37
87,63,31
87,63,32
87,63,33
87,63,34
87,63,35
87,64,29
87,64,30
87,64,31
87,64,32
87,64,33
87,64,34
87,64,35
87,64,42
87,64,43
87,64,44
87,65,28
87,65,29
87,65,30
87,65,31
87,65,32
87,65,33
87,65,34
87,65,35
87,65,36
87,66,28
87,66,29
87,66,30
87,66,31
87,66,32
87,66,33
87,66,34
87,66,35
87,66,36
87,66,37
87,66,38
87,66,39
87,67,27
87,67,28
87,67,29
87,67,30
87,67,31
87,67,32
87,67,33
87,67,34
87,67,35
87,67,36
87,67,37
87,67,38
87,68,25
87,68,26
87,68,27
87,68,28
87,68,29
87,68,30
87,68,31
87,68,32
87,68,33
87,68,34
87,68,35
87,68,36
87,68,37
87,69,25
87,69,26
87,69,27
87,69,28
87,69,29
87,69,30
87,69,31
87,69,32
87,69,33
87,69,34
87,69,35
87,69,36
87,70,24
87,70,25
87,70,26
87,70,27
87,70,28
87,70,29
87,70,30
87,70,31
87,70,32
87,70,33
87,70,34
87,70,35
87,71,24
87,71,25
87,71,26
87,71,27
87,71,28
87,71,29
87,71,30
87,71,31
87,71,32
87,71,33
87,71,34
87,71,35
87,72,28
87,72,29
87,72,30
87,72,31
87,72,32
87,72,33
87,72,34
87,72,35
87,73,28
87,73,29
87,73,30
87,73,31
87,73,32
87,73,33
87,73,34
87,73,35
87,74,28
87,74,29
87,74,30
87,74,31
87,74,32
87,74,33
87,74,34
87,74,35
87,74,36
87,75,29
87,75,30
87,75,31
87,75,32
87,75,33
87,75,34
87,75,35
87,75,36
87,75,37
87,75,38
87,76,29
87,76,30
87,76,31
87,76,32
87,76,33
87,76,34
87,76,35
87,76,36
87,76,37
87,76,38
87,76,39
87,76,40
87,76,41
87,77,28
87,77,29
87,77,30
87,77,31
87,77,32
87,77,33
87,77,34
87,77,35
87,77,36
87,77,37
87,77,38
87,77,39
87,77,40
87,78,28
87,78,29
87,78,30
87,78,31
87,78,32
87,78,33
87,78,34
87,78,35
87,78,36
87,78,37
87,79,28
87,79,29
87,79,30
87,79,31
87,79,32
87,79,33
87,79,34
87,79,35
87,80,28
87,80,29
87,80,30
87,80,31
87,80,32
88,61,36
88,62,31
88,62,32
88,62,33
88,62,34
88,62,35
88,62,36
88,62,37
88,63,29
88,63,30
88,63,31
88,63,32
88,63,33
88,63,34
88,64,27
88,64,28
88,64,29
88,64,30
88,64,31
88,64,32
88,64,33
88,64,34
88,64,35
88,64,42
88,64,43
88,64,44
88,65,27
88,65,28
88,65,29
88,65,30
88,65,31
88,65,32
88,65,33
88,65,34
88,65,35
88,65,41
88,65,42
88,65,43
88,66,27
88,66,28
88,66,29
88,66,30
88,66,31
88,66,32
88,66,33
88,66,34
88,66,35
88,66,36
88,66,37
88,66,38
88,66,39
88,66,40
88,66,41
88,66,42
88,67,27
88,67,28
88,67,29
88,67,30
88,67,31
88,67,32
88,67,33
88,67,34
88,67,35
88,67,36
88,67,37
88,67,38
88,67,39
88,67,40
88,67,41
88,68,26
88,68,27
88,68,28
88,68,29
88,68,30
88,68,31
88,68,32
88,68,33
88,68,34
88,68,35
88,68,36
88,68,37
88,68,38
88,68,39
88,68,40
88,68,41
88,68,42
88,69,26
88,69,27
88,69,28
88,69,29
88,69,30
88,69,31
88,69,32
88,69,33
88,69,34
88,69,35
88,69,36
88,69,37
88,69,38
88,69,39
88,70,26
88,70,27
88,70,28
88,70,29
88,70,30
88,70,31
88,70,32
88,70,33
88,70,34
88,70,35
88,70,36
88,70,37
88,70,38
88,71,26
88,71,27
88,71,28
88,71,29
88,71,30
88,71,31
88,71,32
88,71,33
88,71,34
88,71,35
88,71,36
88,71,37
88,71,38
88,72,27
88,72,28
88,72,29
88,72,30
88,72,31
88,72,32
88,72,33
88,72,34
88,72,35
88,72,36
88,72,37
88,72,38
88,72,39
88,73,28
88,73,29
88,73,30
88,73,31
88,73,32
88,73,33
88,73,34
88,73,35
88,73,36
88,73,37
88,73,38
88,74,28
88,74,29
88,74,30
88,74,31
88,74,32
88,74,33
88,74,34
88,74,35
88,74,36
88,74,37
88,74,38
88,74,39
88,74,40
88,75,29
88,75,30
88,75,31
88,75,32
88,75,33
88,75,34
88,75,35
88,75,36
88,75,37
88,75,38
88,75,39
88,76,29
88,76,30
88,76,31
88,76,32
88,76,33
88,76,34
88,76,35
88,76,36
88,76,37
88,76,38
88,76,39
88,77,28
88,77,29
88,77,30
88,77,31
88,77,32
88,77,33
88,77,34
88,77,35
88,77,36
88,77,37
88,78,28
88,78,29
88,78,30
88,78,31
88,78,32
88,78,33
88,78,34
88,78,35
88,79,28
88,79,29
88,79,30
88,79,31
88,79,32
88,79,33
89,57,37
89,58,37
89,59,33
89,59,34
89,59,36
89,59,37
89,60,32
89,60,33
89,60,34
89,60,35
89,60,36
89,61,30
89,61,31
89,61,32
89,61,33
89,61,34
89,61,35
89,61,36
89,62,29
89,62,30
89,62,31
89,62,32
89,62,33
89,62,34
89,62,35
89,62,36
89,62,37
89,62,38
89,63,27
89,63,28
89,63,29
89,63,30
89,63,31
89,63,32
89,63,33
89,63,34
89,63,43
89,63,44
89,64,27
89,64,28
89,64,29
89,64,30
89,64,31
89,64,32
89,64,33
89,64,34
89,64,35
89,64,42
89,64,43
89,65,27
89,65,28
89,65,29
89,65,30
89,65,31
89,65,32
89,65,33
89,65,34
89,65,35
89,65,41
89,65,42
89,65,43
89,66,27
89,66,28
89,66,29
89,66,30
89,66,31
89,66,32
89,66,33
89,66,34
89,66,35
89,66,36
89,66,37
89,66,38
89,66,39
89,66,40
89,66,41
89,66,42
89,67,27
89,67,28
89,67,29
89,67,30
89,67,31
89,67,32
89,67,33
89,67,34
89,67,35
89,67,36
89,67,37
89,67,38
89,67,39
89,67,40
89,68,26
89,68,27
89,68,28
89,68,29
89,68,30
89,68,31
89,68,32
89,68,33
89,68,34
89,68,35
89,68,36
89,68,37
89,68,38
89,68,39
89,68,41
89,69,26
89,69,27
89,69,28
89,69,29
89,69,30
89,69,31
89,69,32
89,69,33
89,69,34
89,69,35
89,69,36
89,69,37
89,69,38
89,69,42
89,70,26
89,70,27
89,70,28
89,70,29
89,70,30
89,70,31
89,70,32
89,70,33
89,70,34
89,70,35
89,70,36
89,70,37
89,70,38
89,71,26
89,71,27
89,71,28
89,71,29
89,71,30
89,71,31
89,71,32
89,71,33
89,71,34
89,71,35
89,71,36
89,71,37
89,71,38
89,72,26
89,72,27
89,72,28
89,72,29
89,72,30
89,72,31
89,72,32
89,72,33
89,72,34
89,72,35
89,72,36
89,72,37
89,72,38
89,72,39
89,73,27
89,73,28
89,73,29
89,73,30
89,73,31
89,73,32
89,73,33
89,73,34
89,73,35
89,73,36
89,73,37
89,73,38
89,73,39
89,73,40
89,74,29
89,74,30
89,74,31
89,74,32
89,74,33
89,74,34
89,74,35
89,74,36
89,74,37
89,74,38
89,74,39
89,75,29
89,75,30
89,75,31
89,75,32
89,75,33
89,75,34
89,75,35
89,75,36
89,75,37
89,75,38
89,76,28
89,76,29
89,76,30
89,76,31
89,76,32
89,76,33
89,76,34
89,76,35
89,76,36
89,76,37
89,76,38
89,77,28
89,77,29
89,77,30
89,77,31
89,77,32
89,77,33
89,78,27
89,78,28
89,78,29
89,78,30
89,78,31
89,78,32
89,78,33
89,78,34
89,79,27
89,79,28
89,79,29
89,79,30
89,79,31
89,79,32
90,57,36
90,57,37
90,58,35
90,58,36
90,58,37
90,58,38
90,58,46
90,58,47
90,59,33
90,59,34
90,59,35
90,59,36
90,59,37
90,59,38
90,59,45
90,59,46
90,59,47
90,59,48
90,60,31
90,60,32
90,60,33
90,60,34
90,60,35
90,60,36
90,60,44
90,60,45
90,60,46
90,60,47
90,61,30
90,61,31
90,61,32
90,61,33
90,61,34
90,61,35
90,61,36
90,61,45
90,61,46
90,62,29
90,62,30
90,62,31
90,62,32
90,62,33
90,62,34
90,62,35
90,62,36
90,62,37
90,62,38
90,62,39
90,62,40
90,62,41
90,62,42
90,62,43
90,62,44
90,63,28
90,63,29
90,63,30
90,63,31
90,63,32
90,63,33
90,63,34
90,63,41
90,63,42
90,63,43
90,64,27
90,64,28
90,64,29
90,64,30
90,64,31
90,64,32
90,64,33
90,64,34
90,64,35
90,64,42
90,65,27
90,65,28
90,65,29
90,65,30
90,65,31
90,65,32
90,65,33
90,65,34
90,65,35
90,65,40
90,65,41
90,65,42
90,66,28
90,66,29
90,66,30
90,66,31
90,66,32
90,66,33
90,66,34
90,66,35
90,66,36
90,66,37
90,66,38
90,66,39
90,66,40
90,66,41
90,66,42
90,67,28
90,67,29
90,67,30
90,67,31
90,67,32
90,67,33
90,67,34
90,67,35
90,67,36
90,67,37
90,67,38
90,67,39
90,67,40
90,68,27
90,68,28
90,68,29
90,68,30
90,68,31
90,68,32
90,68,33
90,68,34
90,68,35
90,68,36
90,68,37
90,68,38
90,69,27
90,69,28
90,69,29
90,69,30
90,69,31
90,69,32
90,69,33
90,69,34
90,69,35
90,69,36
90,69,37
90,70,27
90,70,28
90,70,29
90,70,30
90,70,31
90,70,32
90,70,33
90,70,34
90,70,35
90,70,36
90,70,37
90,71,27
90,71,28
90,71,29
90,71,30
90,71,31
90,71,32
90,71,33
90,71,34
90,71,35
90,71,36
90,71,37
90,72,27
90,72,28
90,72,29
90,72,30
90,72,31
90,72,32
90,72,33
90,72,34
90,72,35
90,72,36
90,72,37
90,72,38
90,73,29
90,73,30
90,73,31
90,73,32
90,73,33
90,73,34
90,73,35
90,73,36
90,73,37
90,73,38
90,73,39
90,74,30
90,74,31
90,74,32
90,74,33
90,74,34
90,74,35
90,74,36
90,75,29
90,75,30
90,75,31
90,75,32
90,75,33
90,75,34
90,75,35
90,75,36
90,76,28
90,76,29
90,76,30
90,76,31
90,76,32
90,76,33
90,76,34
90,76,35
90,76,36
90,77,27
90,77,28
90,77,29
90,77,30
90,77,31
90,78,27
90,78,28
90,78,29
90,78,30
90,78,31
90,78,32
90,79,27
90,79,28
90,79,29
90,79,30
90,79,31
91,57,36
91,57,37
91,57,38
91,58,35
91,58,36
91,58,37
91,58,38
91,58,39
91,58,40
91,58,41
91,58,42
91,58,43
91,58,44
91,58,45
91,58,46
91,59,33
91,59,34
91,59,35
91,59,36
91,59,37
91,59,38
91,59,39
91,59,40
91,59,41
91,59,42
91,59,43
91,59,44
91,59,45
91,59,46
91,59,47
91,60,31
91,60,32
91,60,33
91,60,34
91,60,35
91,60,36
91,60,37
91,60,43
91,60,44
91,60,45
91,60,46
91,61,30
91,61,31
91,61,32
91,61,33
91,61,34
91,61,35
91,61,36
91,61,44
91,61,45
91,61,46
91,62,29
91,62,30
91,62,31
91,62,32
91,62,33
91,62,34
91,62,35
91,62,36
91,62,37
91,62,38
91,62,39
91,62,40
91,62,41
91,62,42
91,62,43
91,63,29
91,63,30
91,63,31
91,63,32
91,63,33
91,63,34
91,63,35
91,63,39
91,63,40
91,63,41
91,63,42
91,64,28
91,64,29
91,64,30
91,64,31
91,64,32
91,64,33
91,64,34
91,64,35
91,64,41
91,65,28
91,65,29
91,65,30
91,65,31
91,65,32
91,65,33
91,65,34
91,65,35
91,65,36
91,65,39
91,65,40
91,66,28
91,66,29
91,66,30
91,66,31
91,66,32
91,66,33
91,66,34
91,66,35
91,66,36
91,66,37
91,66,38
91,66,39
91,66,40
91,66,41
91,67,28
91,67,29
91,67,30
91,67,31
91,67,32
91,67,33
91,67,34
91,67,35
91,67,36
91,67,37
91,67,38
91,67,39
91,68,28
91,68,29
91,68,30
91,68,31
91,68,32
91,68,33
91,68,34
91,68,35
91,68,36
91,68,37
91,69,31
91,69,32
91,69,33
91,69,34
91,69,35
91,69,36
91,70,31
91,70,32
91,70,33
91,70,34
91,70,35
91,70,36
91,70,37
91,71,28
91,71,29
91,71,30
91,71,31
91,71,32
91,71,33
91,71,34
91,71,35
91,71,36
91,71,37
91,72,28
91,72,29
91,72,30
91,72,31
91,72,32
91,72,33
91,72,34
91,72,35
91,72,36
91,72,37
91,73,29
91,73,30
91,73,31
91,73,32
91,73,33
91,73,34
91,73,35
91,73,36
91,74,30
91,74,31
91,74,32
91,75,29
91,75,30
91,75,31
91,75,32
91,75,33
91,76,28
91,76,29
91,76,30
91,76,31
91,76,32
91,76,33
91,76,34
91,77,28
91,77,29
91,77,30
91,78,28
91,78,29
91,78,30
91,78,31
91,79,28
91,79,29
91,79,30
92,58,34
92,58,35
92,58,36
92,58,37
92,58,38
92,58,39
92,58,40
92,58,41
92,58,42
92,58,43
92,58,44
92,58,45
92,59,32
92,59,33
92,59,34
92,59,35
92,59,36
92,59,37
92,59,38
92,59,39
92,59,40
92,59,41
92,59,42
92,59,43
92,59,44
92,59,45
92,59,46
92,60,30
92,60,31
92,60,32
92,60,33
92,60,34
92,60,35
92,60,36
92,60,37
92,60,38
92,60,42
92,60,43
92,60,44
92,60,45
92,61,29
92,61,30
92,61,31
92,61,32
92,61,33
92,61,34
92,61,35
92,61,36
92,61,37
92,61,43
92,61,44
92,61,45
92,62,29
92,62,30
92,62,31
92,62,32
92,62,33
92,62,34
92,62,35
92,62,36
92,62,37
92,62,38
92,62,39
92,62,40
92,62,41
92,62,42
92,63,30
92,63,31
92,63,32
92,63,33
92,63,34
92,63,35
92,63,36
92,63,37
92,63,38
92,63,39
92,63,40
92,63,41
92,64,30
92,64,31
92,64,32
92,64,33
92,64,34
92,64,35
92,64,36
92,65,31
92,65,32
92,65,33
92,65,34
92,65,35
92,65,36
92,65,37
92,66,30
92,66,31
92,66,32
92,66,33
92,66,34
92,66,35
92,66,36
92,66,37
92,66,38
92,66,39
92,67,32
92,67,33
92,67,34
92,67,35
92,67,36
92,67,37
92,68,33
92,68,34
92,68,35
92,68,36
92,68,37
92,68,38
92,69,33
92,69,34
92,69,35
92,69,36
92,70,32
92,70,33
92,70,34
92,70,35
92,70,36
92,71,30
92,71,31
92,71,32
92,71,33
92,71,34
92,71,35
92,71,36
92,71,37
92,72,29
92,72,30
92,72,31
92,72,32
92,72,33
92,73,30
92,73,31
92,73,32
92,75,30
92,75,31
92,75,32
92,76,29
92,76,30
92,76,31
92,79,29
93,58,32
93,58,33
93,58,34
93,58,43
93,59,30
93,59,31
93,59,32
93,59,33
93,59,34
93,59,35
93,59,36
93,59,37
93,59,38
93,59,39
93,59,40
93,59,41
93,59,42
93,59,43
93,59,44
93,60,30
93,60,31
93,60,32
93,60,33
93,60,34
93,60,35
93,60,36
93,60,37
93,60,38
93,60,39
93,60,40
93,60,41
93,60,42
93,60,43
93,60,44
93,61,31
93,61,32
93,61,33
93,61,34
93,61,35
93,61,36
93,61,37
93,61,38
93,61,39
93,61,40
93,61,41
93,61,42
93,62,33
93,62,34
93,62,35
93,62,36
93,62,37
93,62,38
93,62,39
93,63,35
93,63,36
93,63,37
93,63,38
93,63,39
93,63,40
93,64,34
93,64,35
93,64,36
93,64,37
93,65,34
93,65,35
93,65,36
93,66,34
93,66,35
93,66,36
93,66,37
93,66,38
93,68,35
93,68,36
93,68,37
93,69,35
93,69,36
93,70,33
93,70,34
93,70,35
93,70,36
94,59,41
94,59,42
94,60,40
94,60,41
94,60,42
94,61,38
94,61,39
94,61,40
94,61,41
94,62,36
94,62,37
94,63,36
94,63,37
95,60,40
