"x","y","z"
60,148,45
60,148,46
60,148,47
60,148,49
60,149,45
60,149,49
60,149,50
60,149,51
60,149,52
60,149,53
60,149,54
60,149,55
60,150,48
60,150,49
60,150,50
60,150,51
60,150,52
60,150,53
60,150,54
60,150,55
60,150,56
60,150,57
60,151,47
60,151,48
60,151,49
60,151,50
60,151,51
60,151,52
60,151,53
60,151,55
60,151,56
60,151,57
60,152,49
60,152,50
60,152,51
60,152,52
60,152,53
60,153,50
60,153,51
60,153,52
61,145,38
61,145,39
61,145,41
61,145,43
61,145,44
61,146,41
61,146,42
61,146,43
61,148,40
61,148,41
61,148,42
61,148,43
61,148,44
61,148,45
61,148,46
61,148,47
61,148,48
61,148,49
61,148,50
61,148,51
61,149,41
61,149,42
61,149,43
61,149,44
61,149,45
61,149,46
61,149,47
61,149,48
61,149,49
61,149,50
61,149,51
61,149,52
61,149,53
61,149,54
61,149,55
61,149,56
61,149,57
61,150,42
61,150,43
61,150,44
61,150,45
61,150,46
61,150,47
61,150,48
61,150,49
61,150,50
61,150,51
61,150,52
61,150,53
61,150,54
61,150,55
61,150,56
61,150,57
61,150,58
61,151,43
61,151,44
61,151,45
61,151,46
61,151,47
61,151,48
61,151,49
61,151,50
61,151,51
61,151,52
61,151,53
61,151,54
61,151,55
61,151,56
61,151,57
61,151,58
61,151,59
61,152,46
61,152,47
61,152,48
61,152,49
61,152,50
61,152,51
61,152,52
61,152,53
61,152,54
61,152,55
61,152,56
61,152,57
61,152,58
61,152,59
61,153,49
61,153,50
61,153,51
61,153,52
61,153,53
61,153,54
61,153,55
61,153,56
61,153,57
61,154,50
61,154,51
61,154,52
61,154,53
61,154,54
61,154,55
61,154,56
61,154,57
61,155,50
61,155,51
61,155,52
61,155,53
61,155,54
61,155,55
62,145,34
62,145,35
62,145,36
62,145,37
62,145,38
62,145,39
62,145,40
62,145,41
62,145,42
62,145,43
62,145,44
62,146,35
62,146,36
62,146,37
62,146,38
62,146,39
62,146,40
62,146,41
62,146,42
62,146,43
62,146,44
62,146,45
62,147,36
62,147,37
62,147,38
62,147,39
62,147,41
62,147,42
62,147,43
62,147,44
62,148,36
62,148,37
62,148,38
62,148,39
62,148,40
62,148,41
62,148,42
62,148,43
62,148,44
62,148,45
62,148,46
62,148,47
62,148,48
62,148,49
62,148,50
62,148,51
62,149,36
62,149,37
62,149,38
62,149,39
62,149,40
62,149,41
62,149,42
62,149,43
62,149,44
62,149,45
62,149,46
62,149,47
62,149,48
62,149,49
62,149,50
62,149,51
62,149,52
62,149,53
62,149,54
62,149,55
62,149,56
62,149,57
62,149,58
62,150,38
62,150,39
62,150,40
62,150,41
62,150,42
62,150,43
62,150,44
62,150,45
62,150,46
62,150,47
62,150,48
62,150,49
62,150,50
62,150,51
62,150,52
62,150,53
62,150,54
62,150,55
62,150,56
62,150,57
62,150,58
62,150,59
62,151,40
62,151,41
62,151,42
62,151,43
62,151,44
62,151,45
62,151,46
62,151,47
62,151,48
62,151,49
62,151,50
62,151,51
62,151,52
62,151,53
62,151,54
62,151,55
62,151,56
62,151,57
62,151,58
62,151,59
62,152,41
62,152,42
62,152,43
62,152,44
62,152,45
62,152,46
62,152,47
62,152,48
62,152,49
62,152,50
62,152,51
62,152,52
62,152,53
62,152,54
62,152,55
62,152,56
62,152,57
62,152,58
62,152,59
62,153,43
62,153,44
62,153,45
62,153,46
62,153,47
62,153,48
62,153,49
62,153,50
62,153,51
62,153,52
62,153,53
62,153,54
62,153,55
62,153,56
62,153,57
62,153,58
62,154,43
62,154,45
62,154,46
62,154,47
62,154,48
62,154,49
62,154,50
62,154,51
62,154,52
62,154,53
62,154,54
62,154,55
62,154,56
62,154,57
62,154,58
62,155,49
62,155,50
62,155,51
62,155,52
62,155,53
62,155,54
62,155,55
62,155,56
62,155,57
62,155,58
62,156,52
62,156,53
62,156,54
62,156,55
62,156,56
62,156,57
62,157,52
62,157,53
62,157,56
63,145,33
63,145,34
63,145,35
63,145,36
63,145,37
63,145,38
63,145,39
63,145,40
63,145,41
63,145,42
63,145,43
63,145,44
63,145,45
63,146,33
63,146,34
63,146,35
63,146,36
63,146,37
63,146,38
63,146,39
63,146,40
63,146,41
63,146,42
63,146,43
63,146,44
63,146,45
63,147,33
63,147,34
63,147,35
63,147,36
63,147,37
63,147,38
63,147,39
63,147,40
63,147,41
63,147,42
63,147,43
63,147,44
63,147,45
63,147,46
63,148,33
63,148,34
63,148,35
63,148,36
63,148,37
63,148,38
63,148,39
63,148,40
63,148,41
63,148,42
63,148,43
63,148,44
63,148,45
63,148,46
63,148,47
63,148,48
63,148,49
63,148,50
63,148,51
63,148,52
63,149,34
63,149,35
63,149,36
63,149,37
63,149,38
63,149,39
63,149,40
63,149,41
63,149,42
63,149,43
63,149,44
63,149,45
63,149,46
63,149,47
63,149,48
63,149,49
63,149,50
63,149,51
63,149,52
63,149,53
63,149,54
63,149,55
63,149,56
63,149,57
63,149,58
63,150,34
63,150,35
63,150,36
63,150,37
63,150,38
63,150,39
63,150,40
63,150,41
63,150,42
63,150,43
63,150,44
63,150,45
63,150,46
63,150,47
63,150,48
63,150,49
63,150,50
63,150,51
63,150,52
63,150,53
63,150,54
63,150,55
63,150,56
63,150,57
63,150,58
63,150,59
63,150,60
63,151,37
63,151,38
63,151,39
63,151,40
63,151,41
63,151,42
63,151,43
63,151,44
63,151,45
63,151,46
63,151,47
63,151,48
63,151,49
63,151,50
63,151,51
63,151,52
63,151,53
63,151,54
63,151,55
63,151,56
63,151,57
63,151,58
63,151,59
63,151,60
63,152,38
63,152,39
63,152,40
63,152,41
63,152,42
63,152,43
63,152,44
63,152,45
63,152,46
63,152,47
63,152,48
63,152,49
63,152,50
63,152,51
63,152,52
63,152,53
63,152,54
63,152,55
63,152,56
63,152,57
63,152,58
63,152,59
63,152,60
63,152,61
63,153,39
63,153,40
63,153,41
63,153,42
63,153,43
63,153,44
63,153,45
63,153,46
63,153,47
63,153,48
63,153,49
63,153,50
63,153,51
63,153,52
63,153,53
63,153,54
63,153,55
63,153,56
63,153,57
63,153,58
63,153,59
63,153,60
63,154,40
63,154,41
63,154,42
63,154,43
63,154,44
63,154,45
63,154,46
63,154,47
63,154,48
63,154,49
63,154,50
63,154,51
63,154,52
63,154,53
63,154,54
63,154,55
63,154,56
63,154,57
63,154,58
63,154,59
63,155,44
63,155,47
63,155,48
63,155,49
63,155,50
63,155,51
63,155,52
63,155,53
63,155,54
63,155,55
63,155,56
63,155,57
63,155,58
63,156,49
63,156,50
63,156,51
63,156,52
63,156,53
63,156,54
63,156,55
63,156,56
63,156,57
63,157,50
63,157,51
63,157,52
63,157,53
63,157,54
63,157,55
63,157,56
63,157,57
63,158,52
63,158,53
63,158,54
63,158,55
63,158,56
64,145,31
64,145,32
64,145,33
64,145,34
64,145,35
64,145,36
64,145,37
64,145,38
64,145,39
64,145,40
64,145,41
64,145,42
64,145,43
64,145,44
64,145,45
64,146,31
64,146,32
64,146,33
64,146,34
64,146,35
64,146,36
64,146,37
64,146,38
64,146,39
64,146,40
64,146,41
64,146,42
64,146,43
64,146,44
64,146,45
64,146,46
64,147,32
64,147,33
64,147,34
64,147,35
64,147,36
64,147,37
64,147,38
64,147,39
64,147,40
64,147,41
64,147,42
64,147,43
64,147,44
64,147,45
64,147,46
64,148,32
64,148,33
64,148,34
64,148,35
64,148,36
64,148,37
64,148,38
64,148,39
64,148,40
64,148,41
64,148,42
64,148,43
64,148,44
64,148,45
64,148,46
64,148,47
64,148,48
64,148,49
64,148,50
64,148,51
64,148,52
64,149,32
64,149,33
64,149,34
64,149,35
64,149,36
64,149,37
64,149,38
64,149,39
64,149,40
64,149,41
64,149,42
64,149,43
64,149,44
64,149,45
64,149,46
64,149,47
64,149,48
64,149,49
64,149,50
64,149,51
64,149,52
64,149,53
64,149,54
64,149,55
64,149,56
64,149,57
64,149,58
64,150,32
64,150,33
64,150,34
64,150,35
64,150,36
64,150,37
64,150,38
64,150,39
64,150,40
64,150,41
64,150,42
64,150,43
64,150,44
64,150,45
64,150,46
64,150,47
64,150,48
64,150,49
64,150,50
64,150,51
64,150,52
64,150,53
64,150,54
64,150,55
64,150,56
64,150,57
64,150,58
64,150,59
64,150,60
64,151,33
64,151,34
64,151,35
64,151,36
64,151,37
64,151,38
64,151,39
64,151,40
64,151,41
64,151,42
64,151,43
64,151,44
64,151,45
64,151,46
64,151,47
64,151,48
64,151,49
64,151,50
64,151,51
64,151,52
64,151,53
64,151,54
64,151,55
64,151,56
64,151,57
64,151,58
64,151,59
64,151,60
64,151,61
64,152,35
64,152,36
64,152,37
64,152,38
64,152,39
64,152,40
64,152,41
64,152,42
64,152,43
64,152,44
64,152,45
64,152,46
64,152,47
64,152,48
64,152,49
64,152,50
64,152,51
64,152,52
64,152,53
64,152,54
64,152,55
64,152,56
64,152,57
64,152,58
64,152,59
64,152,60
64,152,61
64,152,62
64,153,37
64,153,38
64,153,39
64,153,40
64,153,41
64,153,42
64,153,43
64,153,44
64,153,45
64,153,46
64,153,47
64,153,48
64,153,49
64,153,50
64,153,51
64,153,52
64,153,53
64,153,54
64,153,55
64,153,56
64,153,57
64,153,58
64,153,59
64,153,60
64,153,61
64,153,62
64,153,63
64,154,38
64,154,39
64,154,40
64,154,41
64,154,42
64,154,43
64,154,44
64,154,45
64,154,46
64,154,47
64,154,48
64,154,49
64,154,50
64,154,51
64,154,52
64,154,53
64,154,54
64,154,55
64,154,56
64,154,57
64,154,58
64,154,59
64,154,60
64,155,39
64,155,40
64,155,41
64,155,42
64,155,43
64,155,44
64,155,45
64,155,46
64,155,47
64,155,48
64,155,49
64,155,50
64,155,51
64,155,52
64,155,53
64,155,54
64,155,55
64,155,56
64,155,57
64,155,58
64,155,59
64,155,60
64,155,62
64,156,41
64,156,44
64,156,47
64,156,48
64,156,49
64,156,50
64,156,51
64,156,52
64,156,53
64,156,54
64,156,55
64,156,56
64,156,57
64,156,58
64,157,48
64,157,49
64,157,50
64,157,51
64,157,52
64,157,53
64,157,54
64,157,55
64,157,56
64,157,57
64,158,48
64,158,49
64,158,50
64,158,51
64,158,52
64,158,53
64,158,54
64,158,55
64,158,56
64,159,52
64,159,53
64,159,54
65,145,30
65,145,31
65,145,32
65,145,33
65,145,34
65,145,35
65,145,36
65,145,37
65,145,38
65,145,39
65,145,40
65,145,41
65,145,42
65,145,43
65,145,44
65,145,45
65,146,30
65,146,31
65,146,32
65,146,33
65,146,34
65,146,35
65,146,36
65,146,37
65,146,38
65,146,39
65,146,40
65,146,41
65,146,42
65,146,43
65,146,44
65,146,45
65,146,46
65,147,31
65,147,32
65,147,33
65,147,34
65,147,35
65,147,36
65,147,37
65,147,38
65,147,39
65,147,40
65,147,41
65,147,42
65,147,43
65,147,44
65,147,45
65,147,46
65,147,47
65,148,31
65,148,32
65,148,33
65,148,34
65,148,35
65,148,36
65,148,37
65,148,38
65,148,39
65,148,40
65,148,41
65,148,42
65,148,43
65,148,44
65,148,45
65,148,46
65,148,47
65,148,48
65,148,49
65,148,50
65,148,51
65,148,52
65,149,31
65,149,32
65,149,33
65,149,34
65,149,35
65,149,36
65,149,37
65,149,38
65,149,39
65,149,40
65,149,41
65,149,42
65,149,43
65,149,44
65,149,45
65,149,46
65,149,47
65,149,48
65,149,49
65,149,50
65,149,51
65,149,52
65,149,53
65,149,54
65,149,55
65,149,56
65,149,57
65,149,58
65,150,31
65,150,32
65,150,33
65,150,34
65,150,35
65,150,36
65,150,37
65,150,38
65,150,39
65,150,40
65,150,41
65,150,42
65,150,43
65,150,44
65,150,45
65,150,46
65,150,47
65,150,48
65,150,49
65,150,50
65,150,51
65,150,52
65,150,53
65,150,54
65,150,55
65,150,56
65,150,57
65,150,58
65,150,59
65,150,60
65,151,32
65,151,33
65,151,34
65,151,35
65,151,36
65,151,37
65,151,38
65,151,39
65,151,40
65,151,41
65,151,42
65,151,43
65,151,44
65,151,45
65,151,46
65,151,47
65,151,48
65,151,49
65,151,50
65,151,51
65,151,52
65,151,53
65,151,54
65,151,55
65,151,56
65,151,57
65,151,58
65,151,59
65,151,60
65,152,33
65,152,34
65,152,35
65,152,36
65,152,37
65,152,38
65,152,39
65,152,40
65,152,41
65,152,42
65,152,43
65,152,44
65,152,45
65,152,46
65,152,47
65,152,48
65,152,49
65,152,50
65,152,51
65,152,52
65,152,53
65,152,54
65,152,55
65,152,56
65,152,57
65,152,58
65,152,59
65,152,60
65,152,61
65,152,62
65,153,34
65,153,35
65,153,36
65,153,37
65,153,38
65,153,39
65,153,40
65,153,41
65,153,42
65,153,43
65,153,44
65,153,45
65,153,46
65,153,47
65,153,48
65,153,49
65,153,50
65,153,51
65,153,52
65,153,53
65,153,54
65,153,55
65,153,56
65,153,57
65,153,58
65,153,59
65,153,60
65,153,61
65,153,62
65,153,63
65,154,35
65,154,36
65,154,37
65,154,38
65,154,39
65,154,40
65,154,41
65,154,42
65,154,43
65,154,44
65,154,45
65,154,46
65,154,47
65,154,48
65,154,49
65,154,50
65,154,51
65,154,52
65,154,53
65,154,54
65,154,55
65,154,56
65,154,57
65,154,58
65,154,59
65,154,60
65,154,61
65,154,62
65,155,37
65,155,38
65,155,39
65,155,40
65,155,41
65,155,42
65,155,43
65,155,44
65,155,45
65,155,46
65,155,47
65,155,48
65,155,49
65,155,50
65,155,51
65,155,52
65,155,53
65,155,54
65,155,55
65,155,56
65,155,57
65,155,58
65,155,59
65,155,60
65,155,61
65,155,62
65,155,63
65,156,38
65,156,39
65,156,40
65,156,41
65,156,42
65,156,43
65,156,44
65,156,45
65,156,46
65,156,47
65,156,48
65,156,49
65,156,50
65,156,51
65,156,52
65,156,53
65,156,54
65,156,55
65,156,56
65,156,57
65,156,58
65,156,59
65,156,60
65,156,62
65,157,39
65,157,40
65,157,42
65,157,43
65,157,44
65,157,45
65,157,46
65,157,47
65,157,48
65,157,49
65,157,50
65,157,51
65,157,52
65,157,53
65,157,54
65,157,55
65,157,56
65,157,57
65,157,58
65,157,59
65,158,46
65,158,47
65,158,48
65,158,49
65,158,50
65,158,51
65,158,52
65,158,53
65,158,54
65,158,55
65,158,56
65,158,57
65,159,50
65,159,51
65,159,52
65,159,53
65,159,54
65,159,55
65,159,56
66,145,29
66,145,30
66,145,31
66,145,32
66,145,33
66,145,34
66,145,35
66,145,36
66,145,37
66,145,38
66,145,39
66,145,40
66,145,41
66,145,42
66,145,43
66,145,44
66,145,45
66,146,30
66,146,31
66,146,32
66,146,33
66,146,34
66,146,35
66,146,36
66,146,37
66,146,38
66,146,39
66,146,40
66,146,41
66,146,42
66,146,43
66,146,44
66,146,45
66,146,46
66,147,30
66,147,31
66,147,32
66,147,33
66,147,34
66,147,35
66,147,36
66,147,37
66,147,38
66,147,39
66,147,40
66,147,41
66,147,42
66,147,43
66,147,44
66,147,45
66,147,46
66,147,47
66,148,30
66,148,31
66,148,32
66,148,33
66,148,34
66,148,35
66,148,36
66,148,37
66,148,38
66,148,39
66,148,40
66,148,41
66,148,42
66,148,43
66,148,44
66,148,45
66,148,46
66,148,47
66,148,48
66,148,49
66,148,50
66,148,51
66,149,30
66,149,31
66,149,32
66,149,33
66,149,34
66,149,35
66,149,36
66,149,37
66,149,38
66,149,39
66,149,40
66,149,41
66,149,42
66,149,43
66,149,44
66,149,45
66,149,46
66,149,47
66,149,48
66,149,49
66,149,50
66,149,51
66,149,52
66,149,53
66,149,54
66,149,55
66,149,56
66,149,57
66,150,31
66,150,32
66,150,33
66,150,34
66,150,35
66,150,36
66,150,37
66,150,38
66,150,39
66,150,40
66,150,41
66,150,42
66,150,43
66,150,44
66,150,45
66,150,46
66,150,47
66,150,48
66,150,49
66,150,50
66,150,51
66,150,52
66,150,53
66,150,54
66,150,55
66,150,56
66,150,57
66,150,58
66,150,59
66,151,31
66,151,32
66,151,33
66,151,34
66,151,35
66,151,36
66,151,37
66,151,38
66,151,39
66,151,40
66,151,41
66,151,42
66,151,43
66,151,44
66,151,45
66,151,46
66,151,47
66,151,48
66,151,49
66,151,50
66,151,51
66,151,52
66,151,53
66,151,54
66,151,55
66,151,56
66,151,57
66,151,58
66,151,59
66,151,60
66,152,31
66,152,32
66,152,33
66,152,34
66,152,35
66,152,36
66,152,37
66,152,38
66,152,39
66,152,40
66,152,41
66,152,42
66,152,43
66,152,44
66,152,45
66,152,46
66,152,47
66,152,48
66,152,49
66,152,50
66,152,51
66,152,52
66,152,53
66,152,54
66,152,55
66,152,56
66,152,57
66,152,58
66,152,59
66,152,60
66,152,61
66,153,31
66,153,32
66,153,33
66,153,34
66,153,35
66,153,36
66,153,37
66,153,38
66,153,39
66,153,40
66,153,41
66,153,42
66,153,43
66,153,44
66,153,45
66,153,46
66,153,47
66,153,48
66,153,49
66,153,50
66,153,51
66,153,52
66,153,53
66,153,54
66,153,55
66,153,56
66,153,57
66,153,58
66,153,59
66,153,60
66,153,61
66,153,62
66,154,34
66,154,35
66,154,36
66,154,37
66,154,38
66,154,39
66,154,40
66,154,41
66,154,42
66,154,43
66,154,44
66,154,45
66,154,46
66,154,47
66,154,48
66,154,49
66,154,50
66,154,51
66,154,52
66,154,53
66,154,54
66,154,55
66,154,56
66,154,57
66,154,58
66,154,59
66,154,60
66,154,61
66,154,62
66,155,35
66,155,36
66,155,37
66,155,38
66,155,39
66,155,40
66,155,41
66,155,42
66,155,43
66,155,44
66,155,45
66,155,46
66,155,47
66,155,48
66,155,49
66,155,50
66,155,51
66,155,52
66,155,53
66,155,54
66,155,55
66,155,56
66,155,57
66,155,58
66,155,59
66,155,60
66,155,61
66,155,62
66,155,63
66,156,36
66,156,39
66,156,40
66,156,41
66,156,42
66,156,43
66,156,44
66,156,45
66,156,46
66,156,47
66,156,48
66,156,49
66,156,50
66,156,51
66,156,52
66,156,53
66,156,54
66,156,55
66,156,56
66,156,57
66,156,58
66,156,59
66,156,60
66,156,61
66,156,62
66,157,40
66,157,41
66,157,42
66,157,43
66,157,44
66,157,45
66,157,46
66,157,47
66,157,48
66,157,49
66,157,50
66,157,51
66,157,52
66,157,53
66,157,54
66,157,55
66,157,56
66,157,57
66,157,58
66,157,59
66,157,60
66,157,61
66,158,42
66,158,43
66,158,44
66,158,45
66,158,46
66,158,47
66,158,48
66,158,49
66,158,50
66,158,51
66,158,52
66,158,53
66,158,54
66,158,55
66,158,56
66,158,57
66,158,58
66,158,59
66,159,48
66,159,49
66,159,50
66,159,51
66,159,52
66,159,53
66,159,54
66,159,55
66,159,56
66,159,57
66,160,51
66,160,52
66,160,53
66,160,56
67,145,29
67,145,30
67,145,31
67,145,32
67,145,33
67,145,34
67,145,35
67,145,36
67,145,37
67,145,38
67,145,39
67,145,40
67,145,41
67,145,42
67,145,43
67,145,44
67,146,29
67,146,30
67,146,31
67,146,32
67,146,33
67,146,34
67,146,35
67,146,36
67,146,37
67,146,38
67,146,39
67,146,40
67,146,41
67,146,42
67,146,43
67,146,44
67,146,45
67,147,29
67,147,30
67,147,31
67,147,32
67,147,33
67,147,34
67,147,35
67,147,36
67,147,37
67,147,38
67,147,39
67,147,40
67,147,41
67,147,42
67,147,43
67,147,44
67,147,45
67,147,46
67,147,47
67,148,30
67,148,31
67,148,32
67,148,33
67,148,34
67,148,35
67,148,36
67,148,37
67,148,38
67,148,39
67,148,40
67,148,41
67,148,42
67,148,43
67,148,44
67,148,45
67,148,46
67,148,47
67,148,48
67,148,49
67,148,50
67,148,51
67,149,30
67,149,31
67,149,32
67,149,33
67,149,34
67,149,35
67,149,36
67,149,37
67,149,38
67,149,39
67,149,40
67,149,41
67,149,42
67,149,43
67,149,44
67,149,45
67,149,46
67,149,47
67,149,48
67,149,49
67,149,50
67,149,51
67,149,52
67,149,53
67,149,54
67,149,55
67,149,56
67,149,57
67,150,30
67,150,31
67,150,32
67,150,33
67,150,34
67,150,35
67,150,36
67,150,37
67,150,38
67,150,39
67,150,40
67,150,41
67,150,42
67,150,43
67,150,44
67,150,45
67,150,46
67,150,47
67,150,48
67,150,49
67,150,50
67,150,51
67,150,52
67,150,53
67,150,54
67,150,55
67,150,56
67,150,57
67,150,58
67,150,59
67,151,31
67,151,32
67,151,33
67,151,34
67,151,35
67,151,36
67,151,37
67,151,38
67,151,39
67,151,40
67,151,41
67,151,42
67,151,43
67,151,44
67,151,45
67,151,46
67,151,47
67,151,48
67,151,49
67,151,50
67,151,51
67,151,52
67,151,53
67,151,54
67,151,55
67,151,56
67,151,57
67,151,58
67,151,59
67,152,30
67,152,31
67,152,32
67,152,33
67,152,34
67,152,35
67,152,36
67,152,37
67,152,38
67,152,39
67,152,40
67,152,41
67,152,42
67,152,43
67,152,44
67,152,45
67,152,46
67,152,47
67,152,48
67,152,49
67,152,50
67,152,51
67,152,52
67,152,53
67,152,54
67,152,55
67,152,56
67,152,57
67,152,58
67,152,59
67,152,60
67,152,61
67,153,31
67,153,32
67,153,33
67,153,34
67,153,35
67,153,36
67,153,37
67,153,38
67,153,39
67,153,40
67,153,41
67,153,42
67,153,43
67,153,44
67,153,45
67,153,46
67,153,47
67,153,48
67,153,49
67,153,50
67,153,51
67,153,52
67,153,53
67,153,54
67,153,55
67,153,56
67,153,57
67,153,58
67,153,59
67,153,60
67,153,61
67,153,62
67,154,32
67,154,33
67,154,34
67,154,35
67,154,36
67,154,37
67,154,38
67,154,39
67,154,40
67,154,41
67,154,42
67,154,43
67,154,44
67,154,45
67,154,46
67,154,47
67,154,48
67,154,49
67,154,50
67,154,51
67,154,52
67,154,53
67,154,54
67,154,55
67,154,56
67,154,57
67,154,58
67,154,59
67,154,60
67,154,61
67,154,62
67,155,35
67,155,36
67,155,37
67,155,38
67,155,39
67,155,40
67,155,41
67,155,42
67,155,43
67,155,44
67,155,45
67,155,46
67,155,47
67,155,48
67,155,49
67,155,50
67,155,51
67,155,52
67,155,53
67,155,54
67,155,55
67,155,56
67,155,57
67,155,58
67,155,59
67,155,60
67,155,61
67,155,62
67,156,35
67,156,36
67,156,37
67,156,38
67,156,39
67,156,40
67,156,41
67,156,42
67,156,43
67,156,44
67,156,45
67,156,46
67,156,47
67,156,48
67,156,49
67,156,50
67,156,51
67,156,52
67,156,53
67,156,54
67,156,55
67,156,56
67,156,57
67,156,58
67,156,59
67,156,60
67,156,61
67,156,62
67,157,39
67,157,40
67,157,41
67,157,42
67,157,43
67,157,44
67,157,45
67,157,46
67,157,47
67,157,48
67,157,49
67,157,50
67,157,51
67,157,52
67,157,53
67,157,54
67,157,55
67,157,56
67,157,57
67,157,58
67,157,59
67,157,60
67,157,61
67,157,62
67,158,40
67,158,41
67,158,42
67,158,43
67,158,44
67,158,45
67,158,46
67,158,47
67,158,48
67,158,49
67,158,50
67,158,51
67,158,52
67,158,53
67,158,54
67,158,55
67,158,56
67,158,57
67,158,58
67,158,59
67,158,60
67,158,61
67,159,44
67,159,45
67,159,46
67,159,47
67,159,48
67,159,49
67,159,50
67,159,51
67,159,52
67,159,53
67,159,54
67,159,55
67,159,56
67,159,57
67,159,58
67,160,47
67,160,48
67,160,49
67,160,50
67,160,51
67,160,52
67,160,53
67,160,54
67,160,55
67,160,56
68,145,28
68,145,29
68,145,30
68,145,31
68,145,32
68,145,33
68,145,34
68,145,35
68,145,36
68,145,37
68,145,38
68,145,39
68,145,40
68,145,41
68,145,42
68,145,43
68,145,44
68,146,28
68,146,29
68,146,30
68,146,31
68,146,32
68,146,33
68,146,34
68,146,35
68,146,36
68,146,37
68,146,38
68,146,39
68,146,40
68,146,41
68,146,42
68,146,43
68,146,44
68,146,45
68,147,29
68,147,30
68,147,31
68,147,32
68,147,33
68,147,34
68,147,35
68,147,36
68,147,37
68,147,38
68,147,39
68,147,40
68,147,41
68,147,42
68,147,43
68,147,44
68,147,45
68,147,46
68,148,29
68,148,30
68,148,31
68,148,32
68,148,33
68,148,34
68,148,35
68,148,36
68,148,37
68,148,38
68,148,39
68,148,40
68,148,41
68,148,42
68,148,43
68,148,44
68,148,45
68,148,46
68,148,47
68,148,48
68,148,49
68,149,29
68,149,30
68,149,31
68,149,32
68,149,33
68,149,34
68,149,35
68,149,36
68,149,37
68,149,38
68,149,39
68,149,40
68,149,41
68,149,42
68,149,43
68,149,44
68,149,45
68,149,46
68,149,47
68,149,48
68,149,49
68,149,50
68,149,51
68,149,52
68,149,53
68,149,54
68,149,55
68,149,56
68,150,30
68,150,31
68,150,32
68,150,33
68,150,34
68,150,35
68,150,36
68,150,37
68,150,38
68,150,39
68,150,40
68,150,41
68,150,42
68,150,43
68,150,44
68,150,45
68,150,46
68,150,47
68,150,48
68,150,49
68,150,50
68,150,51
68,150,52
68,150,53
68,150,54
68,150,55
68,150,56
68,150,57
68,151,30
68,151,31
68,151,32
68,151,33
68,151,34
68,151,35
68,151,36
68,151,37
68,151,38
68,151,39
68,151,40
68,151,41
68,151,42
68,151,43
68,151,44
68,151,45
68,151,46
68,151,47
68,151,48
68,151,49
68,151,50
68,151,51
68,151,52
68,151,53
68,151,54
68,151,55
68,151,56
68,151,57
68,151,58
68,152,30
68,152,31
68,152,32
68,152,33
68,152,34
68,152,35
68,152,36
68,152,37
68,152,38
68,152,39
68,152,40
68,152,41
68,152,42
68,152,43
68,152,44
68,152,45
68,152,46
68,152,47
68,152,48
68,152,49
68,152,50
68,152,51
68,152,52
68,152,53
68,152,54
68,152,55
68,152,56
68,152,57
68,152,58
68,152,59
68,152,60
68,153,31
68,153,32
68,153,33
68,153,34
68,153,35
68,153,36
68,153,37
68,153,38
68,153,39
68,153,40
68,153,41
68,153,42
68,153,43
68,153,44
68,153,45
68,153,46
68,153,47
68,153,48
68,153,49
68,153,50
68,153,51
68,153,52
68,153,53
68,153,54
68,153,55
68,153,56
68,153,57
68,153,58
68,153,59
68,153,60
68,153,61
68,154,32
68,154,33
68,154,34
68,154,35
68,154,36
68,154,37
68,154,38
68,154,39
68,154,40
68,154,41
68,154,42
68,154,43
68,154,44
68,154,45
68,154,46
68,154,47
68,154,48
68,154,49
68,154,50
68,154,51
68,154,52
68,154,53
68,154,54
68,154,55
68,154,56
68,154,57
68,154,58
68,154,59
68,154,60
68,155,33
68,155,34
68,155,35
68,155,36
68,155,37
68,155,38
68,155,39
68,155,40
68,155,41
68,155,42
68,155,43
68,155,44
68,155,45
68,155,46
68,155,47
68,155,48
68,155,49
68,155,50
68,155,51
68,155,52
68,155,53
68,155,54
68,155,55
68,155,56
68,155,57
68,155,58
68,155,59
68,155,60
68,155,61
68,156,35
68,156,36
68,156,37
68,156,38
68,156,39
68,156,40
68,156,41
68,156,42
68,156,43
68,156,44
68,156,45
68,156,46
68,156,47
68,156,48
68,156,49
68,156,50
68,156,51
68,156,52
68,156,53
68,156,54
68,156,55
68,156,56
68,156,57
68,156,58
68,156,59
68,156,60
68,156,61
68,157,39
68,157,40
68,157,41
68,157,42
68,157,43
68,157,44
68,157,45
68,157,46
68,157,47
68,157,48
68,157,49
68,157,50
68,157,51
68,157,52
68,157,53
68,157,54
68,157,55
68,157,56
68,157,57
68,157,58
68,157,59
68,157,60
68,157,61
68,157,62
68,158,39
68,158,40
68,158,41
68,158,42
68,158,43
68,158,44
68,158,45
68,158,46
68,158,47
68,158,48
68,158,49
68,158,50
68,158,51
68,158,52
68,158,53
68,158,54
68,158,55
68,158,56
68,158,57
68,158,58
68,158,59
68,158,60
68,159,41
68,159,42
68,159,43
68,159,44
68,159,45
68,159,46
68,159,47
68,159,48
68,159,49
68,159,50
68,159,51
68,159,52
68,159,53
68,159,54
68,159,55
68,159,56
68,159,57
68,159,58
68,159,59
68,160,44
68,160,45
68,160,46
68,160,47
68,160,48
68,160,49
68,160,50
68,160,51
68,160,52
68,160,53
68,160,54
68,160,55
68,160,56
68,161,49
68,161,50
68,161,51
68,161,52
68,161,55
69,145,28
69,145,29
69,145,30
69,145,31
69,145,32
69,145,33
69,145,34
69,145,35
69,145,36
69,145,37
69,145,38
69,145,39
69,145,40
69,145,41
69,145,42
69,146,28
69,146,29
69,146,30
69,146,31
69,146,32
69,146,33
69,146,34
69,146,35
69,146,36
69,146,37
69,146,38
69,146,39
69,146,40
69,146,41
69,146,42
69,146,43
69,147,28
69,147,29
69,147,30
69,147,31
69,147,32
69,147,33
69,147,34
69,147,35
69,147,36
69,147,37
69,147,38
69,147,39
69,147,40
69,147,41
69,147,42
69,147,43
69,147,44
69,147,45
69,147,46
69,148,29
69,148,30
69,148,31
69,148,32
69,148,33
69,148,34
69,148,35
69,148,36
69,148,37
69,148,38
69,148,39
69,148,40
69,148,41
69,148,42
69,148,43
69,148,44
69,148,45
69,148,46
69,149,29
69,149,30
69,149,31
69,149,32
69,149,33
69,149,34
69,149,35
69,149,36
69,149,37
69,149,38
69,149,39
69,149,40
69,149,41
69,149,42
69,149,43
69,149,44
69,149,45
69,149,46
69,149,47
69,149,48
69,149,49
69,149,50
69,149,51
69,149,52
69,149,53
69,149,54
69,149,55
69,150,29
69,150,30
69,150,31
69,150,32
69,150,33
69,150,34
69,150,35
69,150,36
69,150,37
69,150,38
69,150,39
69,150,40
69,150,41
69,150,42
69,150,43
69,150,44
69,150,45
69,150,46
69,150,47
69,150,48
69,150,49
69,150,50
69,150,51
69,150,52
69,150,53
69,150,54
69,150,55
69,150,56
69,151,29
69,151,30
69,151,31
69,151,32
69,151,33
69,151,34
69,151,35
69,151,36
69,151,37
69,151,38
69,151,39
69,151,40
69,151,41
69,151,42
69,151,43
69,151,44
69,151,45
69,151,46
69,151,47
69,151,48
69,151,49
69,151,50
69,151,51
69,151,52
69,151,53
69,151,54
69,151,55
69,151,56
69,151,57
69,152,30
69,152,31
69,152,32
69,152,33
69,152,34
69,152,35
69,152,36
69,152,37
69,152,38
69,152,39
69,152,40
69,152,41
69,152,42
69,152,43
69,152,44
69,152,45
69,152,46
69,152,47
69,152,48
69,152,49
69,152,50
69,152,51
69,152,52
69,152,53
69,152,54
69,152,55
69,152,56
69,152,57
69,152,58
69,153,31
69,153,32
69,153,33
69,153,34
69,153,35
69,153,36
69,153,37
69,153,38
69,153,39
69,153,40
69,153,41
69,153,42
69,153,43
69,153,44
69,153,45
69,153,46
69,153,47
69,153,48
69,153,49
69,153,50
69,153,51
69,153,52
69,153,53
69,153,54
69,153,55
69,153,56
69,153,57
69,153,58
69,153,59
69,153,60
69,154,32
69,154,33
69,154,34
69,154,35
69,154,36
69,154,37
69,154,38
69,154,39
69,154,40
69,154,41
69,154,42
69,154,43
69,154,44
69,154,45
69,154,46
69,154,47
69,154,48
69,154,49
69,154,50
69,154,51
69,154,52
69,154,53
69,154,54
69,154,55
69,154,56
69,154,57
69,154,58
69,154,59
69,154,60
69,155,33
69,155,34
69,155,35
69,155,36
69,155,37
69,155,38
69,155,39
69,155,40
69,155,41
69,155,42
69,155,43
69,155,44
69,155,45
69,155,46
69,155,47
69,155,48
69,155,49
69,155,50
69,155,51
69,155,52
69,155,53
69,155,54
69,155,55
69,155,56
69,155,57
69,155,58
69,155,59
69,155,60
69,156,34
69,156,35
69,156,36
69,156,37
69,156,38
69,156,39
69,156,40
69,156,41
69,156,42
69,156,43
69,156,44
69,156,45
69,156,46
69,156,47
69,156,48
69,156,49
69,156,50
69,156,51
69,156,52
69,156,53
69,156,54
69,156,55
69,156,56
69,156,57
69,156,58
69,156,59
69,156,60
69,156,61
69,157,37
69,157,38
69,157,39
69,157,40
69,157,41
69,157,42
69,157,43
69,157,44
69,157,45
69,157,46
69,157,47
69,157,48
69,157,49
69,157,50
69,157,51
69,157,52
69,157,53
69,157,54
69,157,55
69,157,56
69,157,57
69,157,58
69,157,59
69,157,60
69,157,61
69,157,62
69,158,39
69,158,40
69,158,41
69,158,42
69,158,43
69,158,44
69,158,45
69,158,46
69,158,47
69,158,48
69,158,49
69,158,50
69,158,51
69,158,52
69,158,53
69,158,54
69,158,55
69,158,56
69,158,57
69,158,58
69,158,59
69,158,60
69,159,41
69,159,42
69,159,43
69,159,44
69,159,45
69,159,46
69,159,47
69,159,48
69,159,49
69,159,50
69,159,51
69,159,52
69,159,53
69,159,54
69,159,55
69,159,56
69,159,57
69,159,58
69,159,59
69,160,44
69,160,45
69,160,46
69,160,47
69,160,48
69,160,49
69,160,50
69,160,51
69,160,52
69,160,53
69,160,54
69,160,55
69,160,56
69,161,47
69,161,48
69,161,49
69,161,50
69,161,51
69,161,52
70,145,28
70,145,29
70,145,30
70,145,31
70,145,32
70,145,33
70,145,34
70,145,35
70,145,36
70,145,37
70,145,38
70,145,39
70,145,40
70,146,28
70,146,29
70,146,30
70,146,31
70,146,32
70,146,33
70,146,34
70,146,35
70,146,36
70,146,37
70,146,38
70,146,39
70,146,40
70,146,41
70,147,28
70,147,29
70,147,30
70,147,31
70,147,32
70,147,33
70,147,34
70,147,35
70,147,36
70,147,37
70,147,38
70,147,39
70,147,40
70,147,41
70,147,42
70,147,43
70,147,44
70,147,45
70,148,28
70,148,29
70,148,30
70,148,31
70,148,32
70,148,33
70,148,34
70,148,35
70,148,36
70,148,37
70,148,38
70,148,39
70,148,40
70,148,41
70,148,42
70,148,43
70,148,44
70,149,29
70,149,30
70,149,31
70,149,32
70,149,33
70,149,34
70,149,35
70,149,36
70,149,37
70,149,38
70,149,39
70,149,40
70,149,41
70,149,42
70,149,43
70,149,44
70,149,45
70,149,46
70,149,47
70,149,48
70,149,49
70,149,50
70,149,51
70,149,52
70,149,53
70,150,29
70,150,30
70,150,31
70,150,32
70,150,33
70,150,34
70,150,35
70,150,36
70,150,37
70,150,38
70,150,39
70,150,40
70,150,41
70,150,42
70,150,43
70,150,44
70,150,45
70,150,46
70,150,47
70,150,48
70,150,49
70,150,50
70,150,51
70,150,52
70,150,53
70,150,54
70,151,29
70,151,30
70,151,31
70,151,32
70,151,33
70,151,34
70,151,35
70,151,36
70,151,37
70,151,38
70,151,39
70,151,40
70,151,41
70,151,42
70,151,43
70,151,44
70,151,45
70,151,46
70,151,47
70,151,48
70,151,49
70,151,50
70,151,51
70,151,52
70,151,53
70,151,54
70,151,55
70,151,56
70,152,30
70,152,31
70,152,32
70,152,33
70,152,34
70,152,35
70,152,36
70,152,37
70,152,38
70,152,39
70,152,40
70,152,41
70,152,42
70,152,43
70,152,44
70,152,45
70,152,46
70,152,47
70,152,48
70,152,49
70,152,50
70,152,51
70,152,52
70,152,53
70,152,54
70,152,55
70,152,56
70,152,57
70,153,31
70,153,32
70,153,33
70,153,34
70,153,35
70,153,36
70,153,37
70,153,38
70,153,39
70,153,40
70,153,41
70,153,42
70,153,43
70,153,44
70,153,45
70,153,46
70,153,47
70,153,48
70,153,49
70,153,50
70,153,51
70,153,52
70,153,53
70,153,54
70,153,55
70,153,56
70,153,57
70,153,58
70,153,59
70,153,60
70,153,61
70,154,32
70,154,33
70,154,34
70,154,35
70,154,36
70,154,37
70,154,38
70,154,39
70,154,40
70,154,41
70,154,42
70,154,43
70,154,44
70,154,45
70,154,46
70,154,47
70,154,48
70,154,49
70,154,50
70,154,51
70,154,52
70,154,53
70,154,54
70,154,55
70,154,56
70,154,57
70,154,58
70,154,59
70,155,33
70,155,34
70,155,35
70,155,36
70,155,37
70,155,38
70,155,39
70,155,40
70,155,41
70,155,42
70,155,43
70,155,44
70,155,45
70,155,46
70,155,47
70,155,48
70,155,49
70,155,50
70,155,51
70,155,52
70,155,53
70,155,54
70,155,55
70,155,56
70,155,57
70,155,58
70,155,59
70,156,34
70,156,35
70,156,36
70,156,37
70,156,38
70,156,39
70,156,40
70,156,41
70,156,42
70,156,43
70,156,44
70,156,45
70,156,46
70,156,47
70,156,48
70,156,49
70,156,50
70,156,51
70,156,52
70,156,53
70,156,54
70,156,55
70,156,56
70,156,57
70,156,58
70,156,59
70,157,36
70,157,37
70,157,38
70,157,39
70,157,40
70,157,41
70,157,42
70,157,43
70,157,44
70,157,45
70,157,46
70,157,47
70,157,48
70,157,49
70,157,50
70,157,51
70,157,52
70,157,53
70,157,54
70,157,55
70,157,56
70,157,57
70,157,58
70,157,59
70,157,60
70,158,37
70,158,38
70,158,39
70,158,40
70,158,41
70,158,42
70,158,43
70,158,44
70,158,45
70,158,46
70,158,47
70,158,48
70,158,49
70,158,50
70,158,51
70,158,52
70,158,53
70,158,54
70,158,55
70,158,56
70,158,57
70,158,58
70,158,59
70,159,39
70,159,40
70,159,41
70,159,42
70,159,43
70,159,44
70,159,45
70,159,46
70,159,47
70,159,48
70,159,49
70,159,50
70,159,51
70,159,52
70,159,53
70,159,54
70,159,55
70,159,56
70,159,57
70,159,58
70,159,59
70,160,41
70,160,42
70,160,43
70,160,44
70,160,45
70,160,46
70,160,47
70,160,48
70,160,49
70,160,50
70,160,51
70,160,52
70,160,53
70,160,54
70,160,55
70,160,56
70,161,44
70,161,45
70,161,46
70,161,47
70,161,48
70,161,49
70,161,50
70,161,51
70,161,52
70,161,53
70,162,48
70,162,49
71,145,28
71,145,29
71,145,30
71,145,31
71,145,32
71,145,33
71,145,34
71,145,35
71,145,36
71,145,37
71,145,38
71,145,39
71,146,28
71,146,29
71,146,30
71,146,31
71,146,32
71,146,33
71,146,34
71,146,35
71,146,36
71,146,37
71,146,38
71,146,39
71,146,40
71,147,28
71,147,29
71,147,30
71,147,31
71,147,32
71,147,33
71,147,34
71,147,35
71,147,36
71,147,37
71,147,38
71,147,39
71,147,40
71,147,41
71,147,42
71,147,43
71,148,28
71,148,29
71,148,30
71,148,31
71,148,32
71,148,33
71,148,34
71,148,35
71,148,36
71,148,37
71,148,38
71,148,39
71,148,40
71,148,41
71,148,42
71,149,28
71,149,29
71,149,30
71,149,31
71,149,32
71,149,33
71,149,34
71,149,35
71,149,36
71,149,37
71,149,38
71,149,39
71,149,40
71,149,41
71,149,42
71,149,43
71,149,44
71,149,45
71,149,46
71,149,47
71,149,48
71,149,49
71,149,50
71,149,51
71,150,29
71,150,30
71,150,31
71,150,32
71,150,33
71,150,34
71,150,35
71,150,36
71,150,37
71,150,38
71,150,39
71,150,40
71,150,41
71,150,42
71,150,43
71,150,44
71,150,45
71,150,46
71,150,47
71,150,48
71,150,49
71,150,50
71,150,51
71,150,52
71,151,29
71,151,30
71,151,31
71,151,32
71,151,33
71,151,34
71,151,35
71,151,36
71,151,37
71,151,38
71,151,39
71,151,40
71,151,41
71,151,42
71,151,43
71,151,44
71,151,45
71,151,46
71,151,47
71,151,48
71,151,49
71,151,50
71,151,51
71,151,52
71,151,53
71,151,54
71,152,30
71,152,31
71,152,32
71,152,33
71,152,34
71,152,35
71,152,36
71,152,37
71,152,38
71,152,39
71,152,40
71,152,41
71,152,42
71,152,43
71,152,44
71,152,45
71,152,46
71,152,47
71,152,48
71,152,49
71,152,50
71,152,51
71,152,52
71,152,53
71,152,54
71,152,55
71,152,56
71,153,31
71,153,32
71,153,33
71,153,34
71,153,35
71,153,36
71,153,37
71,153,38
71,153,39
71,153,40
71,153,41
71,153,42
71,153,43
71,153,44
71,153,45
71,153,46
71,153,47
71,153,48
71,153,49
71,153,50
71,153,51
71,153,52
71,153,53
71,153,54
71,153,55
71,153,56
71,153,57
71,153,58
71,153,59
71,153,60
71,154,31
71,154,32
71,154,33
71,154,34
71,154,35
71,154,36
71,154,37
71,154,38
71,154,39
71,154,40
71,154,41
71,154,42
71,154,43
71,154,44
71,154,45
71,154,46
71,154,47
71,154,48
71,154,49
71,154,50
71,154,51
71,154,52
71,154,53
71,154,54
71,154,55
71,154,56
71,154,57
71,154,58
71,155,33
71,155,34
71,155,35
71,155,36
71,155,37
71,155,38
71,155,39
71,155,40
71,155,41
71,155,42
71,155,43
71,155,44
71,155,45
71,155,46
71,155,47
71,155,48
71,155,49
71,155,50
71,155,51
71,155,52
71,155,53
71,155,54
71,155,55
71,155,56
71,155,57
71,156,34
71,156,35
71,156,36
71,156,37
71,156,38
71,156,39
71,156,40
71,156,41
71,156,42
71,156,43
71,156,44
71,156,45
71,156,46
71,156,47
71,156,48
71,156,49
71,156,50
71,156,51
71,156,52
71,156,53
71,156,54
71,156,55
71,156,56
71,156,57
71,157,35
71,157,36
71,157,37
71,157,38
71,157,39
71,157,40
71,157,41
71,157,42
71,157,43
71,157,44
71,157,45
71,157,46
71,157,47
71,157,48
71,157,49
71,157,50
71,157,51
71,157,52
71,157,53
71,157,54
71,157,55
71,157,56
71,157,57
71,157,58
71,158,36
71,158,37
71,158,38
71,158,39
71,158,40
71,158,41
71,158,42
71,158,43
71,158,44
71,158,45
71,158,46
71,158,47
71,158,48
71,158,49
71,158,50
71,158,51
71,158,52
71,158,53
71,158,54
71,158,55
71,158,56
71,158,57
71,158,58
71,159,38
71,159,39
71,159,40
71,159,41
71,159,42
71,159,43
71,159,44
71,159,45
71,159,46
71,159,47
71,159,48
71,159,49
71,159,50
71,159,51
71,159,52
71,159,53
71,159,54
71,159,55
71,159,56
71,159,57
71,159,58
71,160,41
71,160,42
71,160,43
71,160,44
71,160,45
71,160,46
71,160,47
71,160,48
71,160,49
71,160,50
71,160,51
71,160,52
71,160,53
71,160,54
71,160,55
71,160,56
71,161,42
71,161,43
71,161,44
71,161,45
71,161,46
71,161,47
71,161,48
71,161,49
71,161,50
71,161,51
71,161,52
71,161,53
71,161,54
71,162,43
71,162,44
71,162,45
71,162,48
71,162,49
71,162,52
72,145,28
72,145,29
72,145,30
72,145,31
72,145,32
72,145,33
72,145,34
72,145,35
72,145,36
72,145,37
72,145,38
72,146,28
72,146,29
72,146,30
72,146,31
72,146,32
72,146,33
72,146,34
72,146,35
72,146,36
72,146,37
72,146,38
72,146,39
72,147,28
72,147,29
72,147,30
72,147,31
72,147,32
72,147,33
72,147,34
72,147,35
72,147,36
72,147,37
72,147,38
72,147,39
72,147,40
72,148,29
72,148,30
72,148,31
72,148,32
72,148,33
72,148,34
72,148,35
72,148,36
72,148,37
72,148,38
72,149,29
72,149,30
72,149,31
72,149,32
72,149,33
72,149,34
72,149,35
72,149,36
72,149,37
72,149,38
72,149,39
72,149,40
72,149,41
72,149,42
72,149,43
72,149,44
72,149,45
72,149,46
72,149,47
72,150,29
72,150,30
72,150,31
72,150,32
72,150,33
72,150,34
72,150,35
72,150,36
72,150,37
72,150,38
72,150,39
72,150,40
72,150,41
72,150,42
72,150,43
72,150,44
72,150,45
72,150,46
72,150,47
72,150,48
72,150,49
72,150,50
72,151,29
72,151,30
72,151,31
72,151,32
72,151,33
72,151,34
72,151,35
72,151,36
72,151,37
72,151,38
72,151,39
72,151,40
72,151,41
72,151,42
72,151,43
72,151,44
72,151,45
72,151,46
72,151,47
72,151,48
72,151,49
72,151,50
72,151,51
72,151,52
72,152,30
72,152,31
72,152,32
72,152,33
72,152,34
72,152,35
72,152,36
72,152,37
72,152,38
72,152,39
72,152,40
72,152,41
72,152,42
72,152,43
72,152,44
72,152,45
72,152,46
72,152,47
72,152,48
72,152,49
72,152,50
72,152,51
72,152,52
72,152,53
72,152,54
72,152,55
72,152,56
72,153,30
72,153,31
72,153,32
72,153,33
72,153,34
72,153,35
72,153,36
72,153,37
72,153,38
72,153,39
72,153,40
72,153,41
72,153,42
72,153,43
72,153,44
72,153,45
72,153,46
72,153,47
72,153,48
72,153,49
72,153,50
72,153,51
72,153,52
72,153,53
72,153,54
72,153,55
72,153,56
72,153,57
72,153,58
72,154,31
72,154,32
72,154,33
72,154,34
72,154,35
72,154,36
72,154,37
72,154,38
72,154,39
72,154,40
72,154,41
72,154,42
72,154,44
72,154,45
72,154,46
72,154,47
72,154,48
72,154,49
72,154,50
72,154,51
72,154,52
72,154,53
72,154,54
72,154,55
72,154,56
72,154,57
72,155,33
72,155,34
72,155,35
72,155,36
72,155,37
72,155,38
72,155,39
72,155,40
72,155,41
72,155,42
72,155,43
72,155,44
72,155,45
72,155,46
72,155,47
72,155,48
72,155,49
72,155,50
72,155,51
72,155,52
72,155,53
72,155,54
72,155,55
72,155,56
72,155,57
72,156,34
72,156,35
72,156,36
72,156,37
72,156,38
72,156,39
72,156,40
72,156,41
72,156,42
72,156,43
72,156,44
72,156,45
72,156,46
72,156,47
72,156,48
72,156,49
72,156,50
72,156,51
72,156,52
72,156,53
72,156,54
72,156,55
72,156,56
72,157,35
72,157,36
72,157,37
72,157,38
72,157,39
72,157,40
72,157,41
72,157,42
72,157,43
72,157,44
72,157,45
72,157,46
72,157,47
72,157,48
72,157,49
72,157,50
72,157,51
72,157,52
72,157,53
72,157,54
72,157,55
72,157,56
72,157,57
72,158,36
72,158,37
72,158,38
72,158,39
72,158,40
72,158,41
72,158,42
72,158,43
72,158,44
72,158,45
72,158,46
72,158,47
72,158,48
72,158,49
72,158,50
72,158,51
72,158,52
72,158,53
72,158,54
72,158,55
72,158,56
72,159,37
72,159,38
72,159,39
72,159,40
72,159,41
72,159,42
72,159,43
72,159,44
72,159,45
72,159,46
72,159,47
72,159,48
72,159,49
72,159,50
72,159,51
72,159,52
72,159,53
72,159,54
72,159,55
72,159,56
72,160,40
72,160,41
72,160,42
72,160,43
72,160,44
72,160,45
72,160,46
72,160,47
72,160,48
72,160,49
72,160,50
72,160,51
72,160,52
72,160,53
72,160,54
72,160,55
72,161,42
72,161,43
72,161,44
72,161,45
72,161,46
72,161,47
72,161,48
72,161,49
72,161,50
72,161,51
72,161,52
72,161,53
72,161,54
72,162,43
72,162,45
72,162,47
72,162,48
72,162,49
72,162,50
72,162,52
73,145,28
73,145,29
73,145,30
73,145,31
73,145,32
73,145,33
73,145,34
73,145,35
73,145,36
73,145,37
73,146,29
73,146,30
73,146,31
73,146,32
73,146,33
73,146,34
73,146,35
73,146,36
73,146,37
73,147,29
73,147,30
73,147,31
73,147,32
73,147,33
73,147,34
73,147,35
73,147,36
73,147,37
73,147,38
73,148,29
73,148,30
73,148,31
73,148,32
73,148,33
73,148,34
73,148,35
73,148,36
73,148,37
73,149,29
73,149,30
73,149,31
73,149,32
73,149,33
73,149,34
73,149,35
73,149,36
73,149,37
73,149,38
73,149,39
73,149,40
73,149,41
73,149,42
73,150,29
73,150,30
73,150,31
73,150,32
73,150,33
73,150,34
73,150,35
73,150,36
73,150,37
73,150,38
73,150,39
73,150,40
73,150,41
73,150,42
73,150,43
73,150,44
73,150,45
73,150,46
73,150,47
73,150,48
73,151,29
73,151,30
73,151,31
73,151,32
73,151,33
73,151,34
73,151,35
73,151,36
73,151,37
73,151,38
73,151,39
73,151,40
73,151,41
73,151,42
73,151,43
73,151,44
73,151,45
73,151,46
73,151,47
73,151,48
73,151,49
73,151,50
73,151,51
73,152,30
73,152,31
73,152,32
73,152,33
73,152,34
73,152,35
73,152,36
73,152,37
73,152,38
73,152,39
73,152,40
73,152,41
73,152,42
73,152,43
73,152,44
73,152,45
73,152,46
73,152,47
73,152,48
73,152,49
73,152,50
73,152,51
73,152,52
73,152,53
73,152,54
73,153,30
73,153,31
73,153,32
73,153,33
73,153,34
73,153,35
73,153,36
73,153,37
73,153,38
73,153,39
73,153,40
73,153,41
73,153,42
73,153,43
73,153,44
73,153,45
73,153,46
73,153,47
73,153,48
73,153,49
73,153,50
73,153,51
73,153,52
73,153,53
73,153,54
73,153,55
73,153,56
73,154,32
73,154,33
73,154,34
73,154,35
73,154,36
73,154,37
73,154,38
73,154,39
73,154,40
73,154,41
73,154,42
73,154,43
73,154,44
73,154,45
73,154,46
73,154,47
73,154,48
73,154,49
73,154,50
73,154,51
73,154,52
73,154,53
73,154,54
73,155,33
73,155,34
73,155,35
73,155,36
73,155,37
73,155,38
73,155,39
73,155,40
73,155,41
73,155,42
73,155,43
73,155,44
73,155,45
73,155,46
73,155,47
73,155,48
73,155,49
73,155,50
73,155,51
73,155,52
73,155,53
73,155,54
73,156,34
73,156,35
73,156,36
73,156,37
73,156,38
73,156,39
73,156,40
73,156,41
73,156,42
73,156,43
73,156,44
73,156,45
73,156,46
73,156,47
73,156,48
73,156,49
73,156,50
73,156,51
73,156,52
73,156,53
73,156,54
73,157,35
73,157,36
73,157,37
73,157,38
73,157,39
73,157,40
73,157,41
73,157,42
73,157,43
73,157,44
73,157,45
73,157,46
73,157,47
73,157,48
73,157,49
73,157,50
73,157,51
73,157,52
73,157,53
73,157,54
73,158,36
73,158,37
73,158,38
73,158,39
73,158,40
73,158,41
73,158,42
73,158,43
73,158,44
73,158,45
73,158,46
73,158,47
73,158,48
73,158,49
73,158,50
73,158,51
73,158,52
73,158,53
73,158,54
73,159,37
73,159,38
73,159,39
73,159,40
73,159,41
73,159,42
73,159,43
73,159,44
73,159,45
73,159,46
73,159,47
73,159,48
73,159,49
73,159,50
73,159,51
73,159,52
73,159,53
73,159,54
73,160,39
73,160,40
73,160,41
73,160,42
73,160,43
73,160,44
73,160,45
73,160,46
73,160,47
73,160,48
73,160,49
73,160,50
73,160,51
73,160,52
73,160,53
73,160,54
73,161,42
73,161,43
73,161,44
73,161,45
73,161,46
73,161,47
73,161,48
73,161,49
73,161,50
73,161,51
73,161,52
73,161,53
73,161,54
73,162,43
73,162,44
73,162,45
73,162,46
73,162,47
73,162,48
73,162,49
73,162,50
73,162,51
74,145,29
74,145,30
74,145,31
74,145,32
74,145,33
74,145,34
74,145,35
74,145,36
74,146,29
74,146,30
74,146,31
74,146,32
74,146,33
74,146,34
74,146,35
74,146,36
74,147,29
74,147,30
74,147,31
74,147,32
74,147,33
74,147,34
74,147,35
74,147,36
74,147,37
74,148,30
74,148,31
74,148,32
74,148,33
74,148,34
74,148,35
74,148,36
74,148,37
74,148,38
74,149,30
74,149,31
74,149,32
74,149,33
74,149,34
74,149,35
74,149,36
74,149,37
74,149,38
74,149,39
74,150,30
74,150,31
74,150,32
74,150,33
74,150,34
74,150,35
74,150,36
74,150,37
74,150,38
74,150,39
74,150,40
74,150,41
74,150,42
74,150,43
74,150,44
74,150,45
74,150,46
74,151,30
74,151,31
74,151,32
74,151,33
74,151,34
74,151,35
74,151,36
74,151,37
74,151,38
74,151,39
74,151,40
74,151,41
74,151,42
74,151,43
74,151,44
74,151,45
74,151,46
74,151,47
74,151,48
74,151,49
74,152,31
74,152,32
74,152,33
74,152,34
74,152,35
74,152,36
74,152,37
74,152,38
74,152,39
74,152,40
74,152,41
74,152,42
74,152,43
74,152,44
74,152,45
74,152,46
74,152,47
74,152,48
74,152,49
74,152,50
74,152,51
74,152,52
74,152,53
74,153,31
74,153,32
74,153,33
74,153,34
74,153,35
74,153,36
74,153,37
74,153,38
74,153,39
74,153,40
74,153,41
74,153,42
74,153,43
74,153,44
74,153,45
74,153,46
74,153,47
74,153,48
74,153,49
74,153,50
74,153,51
74,153,52
74,153,53
74,153,54
74,153,55
74,154,32
74,154,33
74,154,34
74,154,35
74,154,36
74,154,37
74,154,38
74,154,39
74,154,40
74,154,41
74,154,42
74,154,43
74,154,44
74,154,45
74,154,46
74,154,47
74,154,48
74,154,49
74,154,50
74,154,51
74,154,52
74,154,53
74,155,33
74,155,34
74,155,35
74,155,36
74,155,37
74,155,38
74,155,39
74,155,40
74,155,41
74,155,42
74,155,43
74,155,44
74,155,45
74,155,46
74,155,47
74,155,48
74,155,49
74,155,50
74,155,51
74,155,52
74,155,53
74,156,34
74,156,35
74,156,36
74,156,37
74,156,38
74,156,39
74,156,40
74,156,41
74,156,42
74,156,43
74,156,44
74,156,45
74,156,46
74,156,47
74,156,48
74,156,49
74,156,50
74,156,51
74,156,52
74,156,53
74,157,35
74,157,36
74,157,37
74,157,38
74,157,39
74,157,40
74,157,41
74,157,42
74,157,43
74,157,44
74,157,45
74,157,46
74,157,47
74,157,48
74,157,49
74,157,50
74,157,51
74,157,52
74,157,53
74,158,36
74,158,37
74,158,38
74,158,39
74,158,40
74,158,41
74,158,42
74,158,43
74,158,44
74,158,45
74,158,46
74,158,47
74,158,48
74,158,49
74,158,50
74,158,51
74,158,52
74,158,53
74,159,37
74,159,38
74,159,39
74,159,40
74,159,41
74,159,42
74,159,43
74,159,44
74,159,45
74,159,46
74,159,47
74,159,48
74,159,49
74,159,50
74,159,51
74,159,52
74,160,39
74,160,40
74,160,41
74,160,42
74,160,43
74,160,44
74,160,45
74,160,46
74,160,47
74,160,48
74,160,49
74,160,50
74,160,51
74,160,52
74,160,53
74,161,40
74,161,41
74,161,42
74,161,43
74,161,44
74,161,45
74,161,46
74,161,47
74,161,48
74,161,49
74,161,50
74,161,51
74,161,52
74,161,53
75,145,30
75,145,31
75,145,32
75,145,33
75,145,34
75,145,35
75,145,36
75,146,30
75,146,31
75,146,32
75,146,33
75,146,34
75,146,35
75,147,30
75,147,31
75,147,32
75,147,33
75,147,34
75,147,35
75,147,36
75,148,30
75,148,31
75,148,32
75,148,33
75,148,34
75,148,35
75,148,36
75,148,37
75,148,38
75,149,30
75,149,31
75,149,32
75,149,33
75,149,34
75,149,35
75,150,31
75,150,32
75,150,33
75,150,34
75,150,35
75,150,36
75,150,37
75,150,38
75,150,39
75,150,40
75,150,41
75,151,31
75,151,32
75,151,33
75,151,34
75,151,35
75,151,36
75,151,37
75,151,38
75,151,39
75,151,40
75,151,41
75,151,42
75,152,31
75,152,32
75,152,33
75,152,34
75,152,35
75,152,36
75,152,37
75,152,38
75,152,39
75,152,40
75,152,41
75,152,42
75,152,43
75,153,33
75,153,34
75,153,35
75,153,36
75,153,37
75,153,38
75,153,39
75,153,40
75,153,41
75,153,42
75,153,43
75,154,33
75,154,34
75,154,35
75,154,36
75,154,37
75,154,38
75,154,39
75,154,40
75,154,41
75,154,42
75,154,43
75,154,44
75,154,45
75,154,46
75,155,34
75,155,35
75,155,36
75,155,37
75,155,38
75,155,39
75,155,40
75,155,41
75,155,42
75,155,43
75,155,44
75,155,45
75,155,46
75,155,47
75,156,34
75,156,35
75,156,36
75,156,37
75,156,38
75,156,39
75,156,40
75,156,41
75,156,42
75,156,43
75,156,44
75,156,45
75,156,46
75,156,47
75,156,48
75,157,35
75,157,36
75,157,37
75,157,38
75,157,39
75,157,40
75,157,41
75,157,42
75,157,43
75,157,44
75,157,45
75,157,46
75,157,47
75,157,48
75,157,49
75,158,36
75,158,37
75,158,38
75,158,39
75,158,40
75,158,41
75,158,42
75,158,43
75,158,44
75,158,45
75,158,46
75,158,47
75,158,48
75,158,49
75,158,50
75,158,51
75,159,38
75,159,39
75,159,40
75,159,41
75,159,42
75,159,43
75,159,44
75,159,45
75,159,46
75,159,47
75,159,48
75,159,49
75,159,50
75,159,51
75,160,40
75,160,41
75,160,42
75,160,43
75,160,44
75,160,45
75,160,46
75,160,47
75,160,48
75,160,49
75,160,50
75,160,51
75,161,41
75,161,42
75,161,43
75,161,44
75,161,45
75,161,46
75,161,47
75,161,48
75,161,49
75,161,50
75,161,51
75,161,52
76,146,33
76,147,32
76,147,33
76,147,34
76,147,35
76,148,32
76,148,33
76,148,34
76,148,35
76,149,32
76,150,33
76,150,34
76,150,35
76,150,36
76,150,37
76,150,38
76,151,33
76,151,34
76,151,35
76,151,36
76,151,37
76,151,38
76,151,39
76,152,32
76,152,33
76,152,34
76,152,35
76,152,36
76,152,37
76,152,38
76,152,39
76,152,40
76,152,41
76,153,34
76,153,35
76,153,36
76,153,37
76,153,38
76,153,39
76,153,40
76,153,41
76,154,34
76,154,35
76,154,36
76,154,37
76,154,38
76,154,39
76,154,40
76,154,41
76,154,42
76,154,43
76,155,35
76,155,36
76,155,37
76,155,38
76,155,39
76,155,40
76,155,41
76,155,42
76,155,43
76,155,44
76,156,35
76,156,36
76,156,37
76,156,38
76,156,39
76,156,40
76,156,41
76,156,42
76,156,43
76,156,44
76,156,45
76,156,46
76,156,47
76,157,35
76,157,36
76,157,37
76,157,38
76,157,39
76,157,40
76,157,41
76,157,42
76,157,43
76,157,44
76,157,45
76,157,46
76,157,47
76,157,48
76,158,37
76,158,38
76,158,39
76,158,40
76,158,41
76,158,42
76,158,43
76,158,44
76,158,45
76,158,46
76,158,47
76,158,48
76,158,49
76,159,40
76,159,41
76,159,42
76,159,43
76,159,44
76,159,45
76,159,46
76,159,47
76,159,48
76,159,49
76,159,50
76,160,41
76,160,42
76,160,43
76,160,44
76,160,45
76,160,46
76,160,47
76,160,48
76,160,49
76,160,50
76,161,42
76,161,43
76,161,44
76,161,45
76,161,46
76,161,47
77,145,36
77,146,32
77,146,33
77,146,35
77,147,32
77,147,33
77,147,34
77,147,35
77,148,32
77,148,33
77,148,34
77,148,35
77,150,33
77,150,34
77,150,35
77,150,36
77,150,37
77,150,38
77,151,33
77,151,34
77,151,35
77,151,36
77,151,37
77,151,38
77,151,39
77,151,41
77,152,33
77,152,34
77,152,35
77,152,36
77,152,37
77,152,38
77,152,39
77,152,40
77,152,41
77,152,42
77,153,35
77,153,36
77,153,37
77,153,38
77,153,39
77,153,40
77,153,41
77,153,42
77,154,35
77,154,36
77,154,37
77,154,38
77,154,39
77,154,40
77,154,41
77,154,42
77,154,43
77,155,36
77,155,37
77,155,38
77,155,39
77,155,40
77,155,41
77,155,42
77,155,43
77,155,44
77,155,47
77,156,36
77,156,37
77,156,38
77,156,39
77,156,40
77,156,41
77,156,42
77,156,43
77,156,44
77,156,45
77,156,46
77,156,47
77,157,37
77,157,38
77,157,39
77,157,40
77,157,41
77,157,42
77,157,43
77,157,44
77,157,45
77,157,46
77,157,47
77,157,48
77,157,49
77,157,50
77,157,51
77,157,52
77,157,53
77,158,39
77,158,40
77,158,41
77,158,42
77,158,43
77,158,44
77,158,45
77,158,46
77,158,47
77,158,48
77,158,49
77,158,50
77,158,51
77,158,52
77,158,53
77,158,54
77,159,40
77,159,41
77,159,42
77,159,43
77,159,44
77,159,45
77,159,46
77,159,47
77,159,48
77,159,49
77,159,50
77,159,51
77,159,52
77,159,53
77,159,54
77,160,42
77,160,43
77,160,44
77,160,45
77,160,46
77,160,47
77,160,50
77,160,53
77,160,54
77,161,44
77,161,45
77,161,46
77,161,47
78,145,30
78,145,31
78,145,32
78,145,33
78,145,34
78,145,35
78,145,36
78,146,30
78,146,31
78,146,32
78,146,33
78,146,34
78,146,35
78,146,36
78,147,31
78,147,32
78,147,33
78,147,34
78,147,35
78,147,36
78,148,31
78,148,32
78,148,33
78,148,34
78,148,35
78,148,36
78,148,37
78,148,38
78,149,31
78,149,32
78,149,33
78,149,34
78,149,35
78,149,36
78,149,37
78,149,38
78,150,32
78,150,33
78,150,34
78,150,35
78,150,36
78,150,37
78,150,38
78,150,39
78,150,40
78,150,41
78,150,42
78,150,43
78,151,32
78,151,33
78,151,34
78,151,35
78,151,36
78,151,37
78,151,38
78,151,39
78,151,40
78,151,41
78,151,42
78,151,43
78,151,44
78,151,45
78,152,33
78,152,34
78,152,35
78,152,36
78,152,37
78,152,38
78,152,39
78,152,40
78,152,41
78,152,42
78,152,43
78,152,44
78,152,45
78,152,46
78,152,47
78,152,48
78,153,34
78,153,35
78,153,36
78,153,37
78,153,38
78,153,39
78,153,40
78,153,41
78,153,42
78,153,43
78,153,44
78,153,45
78,153,46
78,153,47
78,153,48
78,153,49
78,153,50
78,153,51
78,154,34
78,154,35
78,154,36
78,154,37
78,154,38
78,154,39
78,154,40
78,154,41
78,154,42
78,154,43
78,154,44
78,154,45
78,154,46
78,154,47
78,154,48
78,154,49
78,154,50
78,154,51
78,154,52
78,154,53
78,154,54
78,155,35
78,155,36
78,155,37
78,155,38
78,155,39
78,155,40
78,155,41
78,155,42
78,155,43
78,155,44
78,155,45
78,155,46
78,155,47
78,155,48
78,155,49
78,155,50
78,155,51
78,155,52
78,155,53
78,155,54
78,155,55
78,156,36
78,156,37
78,156,38
78,156,39
78,156,40
78,156,41
78,156,42
78,156,43
78,156,44
78,156,45
78,156,46
78,156,47
78,156,48
78,156,49
78,156,50
78,156,51
78,156,52
78,156,53
78,156,54
78,157,36
78,157,37
78,157,38
78,157,39
78,157,40
78,157,41
78,157,42
78,157,43
78,157,44
78,157,45
78,157,46
78,157,47
78,157,48
78,157,49
78,157,50
78,157,51
78,157,52
78,157,53
78,157,54
78,157,55
78,158,38
78,158,39
78,158,40
78,158,41
78,158,42
78,158,43
78,158,44
78,158,45
78,158,46
78,158,47
78,158,48
78,158,49
78,158,50
78,158,51
78,158,52
78,158,53
78,158,54
78,158,55
78,158,56
78,159,40
78,159,41
78,159,42
78,159,43
78,159,44
78,159,45
78,159,46
78,159,47
78,159,48
78,159,49
78,159,50
78,159,51
78,159,52
78,159,53
78,159,54
78,159,55
78,159,56
78,160,42
78,160,43
78,160,44
78,160,45
78,160,46
78,160,47
78,160,48
78,160,49
78,160,50
78,160,51
78,160,52
78,160,53
78,160,54
78,160,55
78,160,56
78,161,48
78,161,53
78,161,54
78,161,55
79,145,29
79,145,30
79,145,31
79,145,32
79,145,33
79,145,34
79,145,35
79,145,36
79,145,37
79,146,30
79,146,31
79,146,32
79,146,33
79,146,34
79,146,35
79,146,36
79,146,37
79,147,30
79,147,31
79,147,32
79,147,33
79,147,34
79,147,35
79,147,36
79,147,37
79,147,38
79,148,30
79,148,31
79,148,32
79,148,33
79,148,34
79,148,35
79,148,36
79,148,37
79,148,38
79,148,39
79,149,31
79,149,32
79,149,33
79,149,34
79,149,35
79,149,36
79,149,37
79,149,38
79,149,39
79,149,40
79,150,31
79,150,32
79,150,33
79,150,34
79,150,35
79,150,36
79,150,37
79,150,38
79,150,39
79,150,40
79,150,41
79,150,42
79,150,43
79,150,44
79,150,45
79,150,46
79,150,47
79,151,31
79,151,32
79,151,33
79,151,34
79,151,35
79,151,36
79,151,37
79,151,38
79,151,39
79,151,40
79,151,41
79,151,42
79,151,43
79,151,44
79,151,45
79,151,46
79,151,47
79,151,48
79,151,49
79,151,50
79,152,31
79,152,32
79,152,33
79,152,34
79,152,35
79,152,36
79,152,37
79,152,38
79,152,39
79,152,40
79,152,41
79,152,42
79,152,43
79,152,44
79,152,45
79,152,46
79,152,47
79,152,48
79,152,49
79,152,50
79,152,51
79,152,52
79,152,53
79,153,32
79,153,33
79,153,34
79,153,35
79,153,36
79,153,37
79,153,38
79,153,39
79,153,40
79,153,41
79,153,42
79,153,43
79,153,44
79,153,45
79,153,46
79,153,47
79,153,48
79,153,49
79,153,50
79,153,51
79,153,52
79,153,53
79,153,54
79,153,55
79,153,56
79,154,34
79,154,35
79,154,36
79,154,37
79,154,38
79,154,39
79,154,40
79,154,41
79,154,42
79,154,43
79,154,44
79,154,45
79,154,46
79,154,47
79,154,48
79,154,49
79,154,50
79,154,51
79,154,52
79,154,53
79,154,54
79,154,55
79,154,56
79,154,57
79,155,34
79,155,35
79,155,36
79,155,37
79,155,38
79,155,39
79,155,40
79,155,41
79,155,42
79,155,43
79,155,44
79,155,45
79,155,46
79,155,47
79,155,48
79,155,49
79,155,50
79,155,51
79,155,52
79,155,53
79,155,54
79,155,55
79,155,56
79,155,57
79,156,34
79,156,35
79,156,36
79,156,37
79,156,38
79,156,39
79,156,40
79,156,41
79,156,42
79,156,43
79,156,44
79,156,45
79,156,46
79,156,47
79,156,48
79,156,49
79,156,50
79,156,51
79,156,52
79,156,53
79,156,54
79,156,55
79,156,56
79,157,35
79,157,36
79,157,37
79,157,38
79,157,39
79,157,40
79,157,41
79,157,42
79,157,43
79,157,44
79,157,45
79,157,46
79,157,47
79,157,48
79,157,49
79,157,50
79,157,51
79,157,52
79,157,53
79,157,54
79,157,55
79,157,56
79,157,57
79,158,36
79,158,37
79,158,38
79,158,39
79,158,40
79,158,41
79,158,42
79,158,43
79,158,44
79,158,45
79,158,46
79,158,47
79,158,48
79,158,49
79,158,50
79,158,51
79,158,52
79,158,53
79,158,54
79,158,55
79,158,56
79,158,57
79,159,38
79,159,39
79,159,40
79,159,41
79,159,42
79,159,43
79,159,44
79,159,45
79,159,46
79,159,47
79,159,48
79,159,49
79,159,50
79,159,51
79,159,52
79,159,53
79,159,54
79,159,55
79,159,56
79,159,57
79,160,40
79,160,41
79,160,42
79,160,43
79,160,44
79,160,45
79,160,46
79,160,47
79,160,48
79,160,49
79,160,50
79,160,51
79,160,52
79,160,53
79,160,54
79,160,55
79,160,56
79,161,44
79,161,45
79,161,46
79,161,47
79,161,48
79,161,49
79,161,50
79,161,51
79,161,52
79,161,53
79,161,54
79,161,55
79,161,56
79,162,54
79,162,55
80,145,28
80,145,29
80,145,30
80,145,31
80,145,32
80,145,33
80,145,34
80,145,35
80,145,36
80,145,37
80,145,38
80,146,29
80,146,30
80,146,31
80,146,32
80,146,33
80,146,34
80,146,35
80,146,36
80,146,37
80,146,38
80,146,39
80,147,29
80,147,30
80,147,31
80,147,32
80,147,33
80,147,34
80,147,35
80,147,36
80,147,37
80,147,38
80,147,39
80,147,40
80,148,29
80,148,30
80,148,31
80,148,32
80,148,33
80,148,34
80,148,35
80,148,36
80,148,37
80,148,38
80,148,39
80,148,40
80,148,41
80,149,30
80,149,31
80,149,32
80,149,33
80,149,34
80,149,35
80,149,36
80,149,37
80,149,38
80,149,39
80,149,40
80,149,41
80,149,42
80,150,30
80,150,31
80,150,32
80,150,33
80,150,34
80,150,35
80,150,36
80,150,37
80,150,38
80,150,39
80,150,40
80,150,41
80,150,42
80,150,43
80,150,44
80,150,45
80,150,46
80,150,47
80,150,48
80,150,49
80,151,31
80,151,32
80,151,33
80,151,34
80,151,35
80,151,36
80,151,37
80,151,38
80,151,39
80,151,40
80,151,41
80,151,42
80,151,43
80,151,44
80,151,45
80,151,46
80,151,47
80,151,48
80,151,49
80,151,50
80,151,51
80,151,52
80,152,31
80,152,32
80,152,33
80,152,34
80,152,35
80,152,36
80,152,37
80,152,38
80,152,39
80,152,40
80,152,41
80,152,42
80,152,43
80,152,44
80,152,45
80,152,46
80,152,47
80,152,48
80,152,49
80,152,50
80,152,51
80,152,52
80,152,53
80,152,54
80,152,55
80,153,32
80,153,33
80,153,34
80,153,35
80,153,36
80,153,37
80,153,38
80,153,39
80,153,40
80,153,41
80,153,42
80,153,43
80,153,44
80,153,45
80,153,46
80,153,47
80,153,48
80,153,49
80,153,50
80,153,51
80,153,52
80,153,53
80,153,54
80,153,55
80,153,56
80,153,57
80,153,58
80,154,32
80,154,33
80,154,34
80,154,35
80,154,36
80,154,37
80,154,38
80,154,39
80,154,40
80,154,41
80,154,42
80,154,43
80,154,44
80,154,45
80,154,46
80,154,47
80,154,48
80,154,49
80,154,50
80,154,51
80,154,52
80,154,53
80,154,54
80,154,55
80,154,56
80,154,57
80,154,58
80,155,33
80,155,34
80,155,35
80,155,36
80,155,37
80,155,38
80,155,39
80,155,40
80,155,41
80,155,42
80,155,43
80,155,44
80,155,45
80,155,46
80,155,47
80,155,48
80,155,49
80,155,50
80,155,51
80,155,52
80,155,53
80,155,54
80,155,55
80,155,56
80,155,57
80,155,58
80,156,34
80,156,35
80,156,36
80,156,37
80,156,38
80,156,39
80,156,40
80,156,41
80,156,42
80,156,43
80,156,44
80,156,45
80,156,46
80,156,47
80,156,48
80,156,49
80,156,50
80,156,51
80,156,52
80,156,53
80,156,54
80,156,55
80,156,56
80,156,57
80,156,58
80,157,36
80,157,37
80,157,38
80,157,39
80,157,40
80,157,41
80,157,42
80,157,43
80,157,44
80,157,45
80,157,46
80,157,47
80,157,48
80,157,49
80,157,50
80,157,51
80,157,52
80,157,53
80,157,54
80,157,55
80,157,56
80,157,57
80,157,58
80,158,37
80,158,38
80,158,39
80,158,40
80,158,41
80,158,42
80,158,43
80,158,44
80,158,45
80,158,46
80,158,47
80,158,48
80,158,49
80,158,50
80,158,51
80,158,52
80,158,53
80,158,54
80,158,55
80,158,56
80,158,57
80,158,58
80,158,59
80,159,38
80,159,39
80,159,40
80,159,41
80,159,42
80,159,43
80,159,44
80,159,45
80,159,46
80,159,47
80,159,48
80,159,49
80,159,50
80,159,51
80,159,52
80,159,53
80,159,54
80,159,55
80,159,56
80,159,57
80,159,58
80,159,59
80,160,40
80,160,41
80,160,42
80,160,43
80,160,44
80,160,45
80,160,46
80,160,47
80,160,48
80,160,49
80,160,50
80,160,51
80,160,52
80,160,53
80,160,54
80,160,55
80,160,56
80,160,57
80,160,58
80,161,42
80,161,43
80,161,44
80,161,45
80,161,46
80,161,47
80,161,48
80,161,49
80,161,50
80,161,51
80,161,52
80,161,53
80,161,54
80,161,55
80,161,56
80,162,47
80,162,50
80,162,51
80,162,52
80,162,53
80,162,54
80,162,55
80,162,56
81,145,28
81,145,29
81,145,30
81,145,31
81,145,32
81,145,33
81,145,34
81,145,35
81,145,36
81,145,37
81,145,38
81,145,39
81,145,40
81,146,29
81,146,30
81,146,31
81,146,32
81,146,33
81,146,34
81,146,35
81,146,36
81,146,37
81,146,38
81,146,39
81,146,40
81,147,29
81,147,30
81,147,31
81,147,32
81,147,33
81,147,34
81,147,35
81,147,36
81,147,37
81,147,38
81,147,39
81,147,40
81,147,41
81,148,29
81,148,30
81,148,31
81,148,32
81,148,33
81,148,34
81,148,35
81,148,36
81,148,37
81,148,38
81,148,39
81,148,40
81,148,41
81,148,42
81,149,29
81,149,30
81,149,31
81,149,32
81,149,33
81,149,34
81,149,35
81,149,36
81,149,37
81,149,38
81,149,39
81,149,40
81,149,41
81,149,42
81,149,43
81,149,44
81,149,45
81,150,30
81,150,31
81,150,32
81,150,33
81,150,34
81,150,35
81,150,36
81,150,37
81,150,38
81,150,39
81,150,40
81,150,41
81,150,42
81,150,43
81,150,44
81,150,45
81,150,46
81,150,47
81,150,48
81,150,49
81,150,50
81,150,51
81,151,30
81,151,31
81,151,32
81,151,33
81,151,34
81,151,35
81,151,36
81,151,37
81,151,38
81,151,39
81,151,40
81,151,41
81,151,42
81,151,43
81,151,44
81,151,45
81,151,46
81,151,47
81,151,48
81,151,49
81,151,50
81,151,51
81,151,52
81,151,53
81,151,54
81,152,31
81,152,32
81,152,33
81,152,34
81,152,35
81,152,36
81,152,37
81,152,38
81,152,39
81,152,40
81,152,41
81,152,42
81,152,43
81,152,44
81,152,45
81,152,46
81,152,47
81,152,48
81,152,49
81,152,50
81,152,51
81,152,52
81,152,53
81,152,54
81,152,55
81,152,56
81,152,57
81,153,32
81,153,33
81,153,34
81,153,35
81,153,36
81,153,37
81,153,38
81,153,39
81,153,40
81,153,41
81,153,42
81,153,43
81,153,44
81,153,45
81,153,46
81,153,47
81,153,48
81,153,49
81,153,50
81,153,51
81,153,52
81,153,53
81,153,54
81,153,55
81,153,56
81,153,57
81,153,58
81,153,59
81,154,32
81,154,33
81,154,34
81,154,35
81,154,36
81,154,37
81,154,38
81,154,39
81,154,40
81,154,41
81,154,42
81,154,43
81,154,44
81,154,45
81,154,46
81,154,47
81,154,48
81,154,49
81,154,50
81,154,51
81,154,52
81,154,53
81,154,54
81,154,55
81,154,56
81,154,57
81,154,58
81,154,59
81,155,33
81,155,34
81,155,35
81,155,36
81,155,37
81,155,38
81,155,39
81,155,40
81,155,41
81,155,42
81,155,43
81,155,44
81,155,45
81,155,46
81,155,47
81,155,48
81,155,49
81,155,50
81,155,51
81,155,52
81,155,53
81,155,54
81,155,55
81,155,56
81,155,57
81,155,58
81,155,59
81,155,60
81,156,34
81,156,35
81,156,36
81,156,37
81,156,38
81,156,39
81,156,40
81,156,41
81,156,42
81,156,43
81,156,44
81,156,45
81,156,46
81,156,47
81,156,48
81,156,49
81,156,50
81,156,51
81,156,52
81,156,53
81,156,54
81,156,55
81,156,56
81,156,57
81,156,58
81,156,59
81,156,60
81,157,36
81,157,37
81,157,38
81,157,39
81,157,40
81,157,41
81,157,42
81,157,43
81,157,44
81,157,45
81,157,46
81,157,47
81,157,48
81,157,49
81,157,50
81,157,51
81,157,52
81,157,53
81,157,54
81,157,55
81,157,56
81,157,57
81,157,58
81,157,59
81,157,60
81,158,37
81,158,38
81,158,39
81,158,40
81,158,41
81,158,42
81,158,43
81,158,44
81,158,45
81,158,46
81,158,47
81,158,48
81,158,49
81,158,50
81,158,51
81,158,52
81,158,53
81,158,54
81,158,55
81,158,56
81,158,57
81,158,58
81,158,59
81,158,60
81,158,61
81,159,38
81,159,39
81,159,40
81,159,41
81,159,42
81,159,43
81,159,44
81,159,45
81,159,46
81,159,47
81,159,48
81,159,49
81,159,50
81,159,51
81,159,52
81,159,53
81,159,54
81,159,55
81,159,56
81,159,57
81,159,58
81,159,59
81,159,60
81,160,40
81,160,41
81,160,42
81,160,43
81,160,44
81,160,45
81,160,46
81,160,47
81,160,48
81,160,49
81,160,50
81,160,51
81,160,52
81,160,53
81,160,54
81,160,55
81,160,56
81,160,57
81,160,58
81,161,41
81,161,42
81,161,43
81,161,44
81,161,45
81,161,46
81,161,47
81,161,48
81,161,49
81,161,50
81,161,51
81,161,52
81,161,53
81,161,54
81,161,55
81,161,56
81,161,57
81,162,46
81,162,47
81,162,48
81,162,49
81,162,50
81,162,51
81,162,52
81,162,53
81,162,54
81,162,55
81,162,56
82,145,28
82,145,29
82,145,30
82,145,31
82,145,32
82,145,33
82,145,34
82,145,35
82,145,36
82,145,37
82,145,38
82,145,39
82,145,40
82,145,41
82,146,28
82,146,29
82,146,30
82,146,31
82,146,32
82,146,33
82,146,34
82,146,35
82,146,36
82,146,37
82,146,38
82,146,39
82,146,40
82,146,41
82,147,28
82,147,29
82,147,30
82,147,31
82,147,32
82,147,33
82,147,34
82,147,35
82,147,36
82,147,37
82,147,38
82,147,39
82,147,40
82,147,41
82,147,42
82,148,29
82,148,30
82,148,31
82,148,32
82,148,33
82,148,34
82,148,35
82,148,36
82,148,37
82,148,38
82,148,39
82,148,40
82,148,41
82,148,42
82,148,43
82,149,29
82,149,30
82,149,31
82,149,32
82,149,33
82,149,34
82,149,35
82,149,36
82,149,37
82,149,38
82,149,39
82,149,40
82,149,41
82,149,42
82,149,43
82,149,44
82,149,45
82,149,46
82,149,47
82,149,48
82,150,30
82,150,31
82,150,32
82,150,33
82,150,34
82,150,35
82,150,36
82,150,37
82,150,38
82,150,39
82,150,40
82,150,41
82,150,42
82,150,43
82,150,44
82,150,45
82,150,46
82,150,47
82,150,48
82,150,49
82,150,50
82,150,51
82,150,52
82,150,53
82,151,30
82,151,31
82,151,32
82,151,33
82,151,34
82,151,35
82,151,36
82,151,37
82,151,38
82,151,39
82,151,40
82,151,41
82,151,42
82,151,43
82,151,44
82,151,45
82,151,46
82,151,47
82,151,48
82,151,49
82,151,50
82,151,51
82,151,52
82,151,53
82,151,54
82,151,55
82,151,56
82,152,31
82,152,32
82,152,33
82,152,34
82,152,35
82,152,36
82,152,37
82,152,38
82,152,39
82,152,40
82,152,41
82,152,42
82,152,43
82,152,44
82,152,45
82,152,46
82,152,47
82,152,48
82,152,49
82,152,50
82,152,51
82,152,52
82,152,53
82,152,54
82,152,55
82,152,56
82,152,57
82,152,58
82,152,59
82,153,32
82,153,33
82,153,34
82,153,35
82,153,36
82,153,37
82,153,38
82,153,39
82,153,40
82,153,41
82,153,42
82,153,43
82,153,44
82,153,45
82,153,46
82,153,47
82,153,48
82,153,49
82,153,50
82,153,51
82,153,52
82,153,53
82,153,54
82,153,55
82,153,56
82,153,57
82,153,58
82,153,59
82,153,60
82,153,61
82,154,32
82,154,33
82,154,34
82,154,35
82,154,36
82,154,37
82,154,38
82,154,39
82,154,40
82,154,41
82,154,42
82,154,43
82,154,44
82,154,45
82,154,46
82,154,47
82,154,48
82,154,49
82,154,50
82,154,51
82,154,52
82,154,53
82,154,54
82,154,55
82,154,56
82,154,57
82,154,58
82,154,59
82,154,60
82,154,61
82,155,33
82,155,34
82,155,35
82,155,36
82,155,37
82,155,38
82,155,39
82,155,40
82,155,41
82,155,42
82,155,43
82,155,44
82,155,45
82,155,46
82,155,47
82,155,48
82,155,49
82,155,50
82,155,51
82,155,52
82,155,53
82,155,54
82,155,55
82,155,56
82,155,57
82,155,58
82,155,59
82,155,60
82,155,61
82,155,62
82,156,35
82,156,36
82,156,37
82,156,38
82,156,39
82,156,40
82,156,41
82,156,42
82,156,43
82,156,44
82,156,45
82,156,46
82,156,47
82,156,48
82,156,49
82,156,50
82,156,51
82,156,52
82,156,53
82,156,54
82,156,55
82,156,56
82,156,57
82,156,58
82,156,59
82,156,60
82,156,61
82,156,62
82,157,37
82,157,38
82,157,39
82,157,40
82,157,41
82,157,42
82,157,43
82,157,44
82,157,45
82,157,46
82,157,47
82,157,48
82,157,49
82,157,50
82,157,51
82,157,52
82,157,53
82,157,54
82,157,55
82,157,56
82,157,57
82,157,58
82,157,59
82,157,60
82,157,61
82,157,62
82,158,37
82,158,38
82,158,39
82,158,40
82,158,41
82,158,42
82,158,43
82,158,44
82,158,45
82,158,46
82,158,47
82,158,48
82,158,49
82,158,50
82,158,51
82,158,52
82,158,53
82,158,54
82,158,55
82,158,56
82,158,57
82,158,58
82,158,59
82,158,60
82,158,61
82,158,62
82,159,38
82,159,39
82,159,40
82,159,41
82,159,42
82,159,43
82,159,44
82,159,45
82,159,46
82,159,47
82,159,48
82,159,49
82,159,50
82,159,51
82,159,52
82,159,53
82,159,54
82,159,55
82,159,56
82,159,57
82,159,58
82,159,59
82,159,60
82,159,61
82,160,40
82,160,41
82,160,42
82,160,43
82,160,44
82,160,45
82,160,46
82,160,47
82,160,48
82,160,49
82,160,50
82,160,51
82,160,52
82,160,53
82,160,54
82,160,55
82,160,56
82,160,57
82,160,58
82,160,59
82,161,43
82,161,44
82,161,45
82,161,46
82,161,47
82,161,48
82,161,49
82,161,50
82,161,51
82,161,52
82,161,53
82,161,54
82,161,55
82,161,56
82,161,57
82,162,45
82,162,46
82,162,47
82,162,48
82,162,49
82,162,50
82,162,51
82,162,52
82,162,53
82,162,54
82,162,55
83,145,28
83,145,29
83,145,30
83,145,31
83,145,32
83,145,33
83,145,34
83,145,35
83,145,36
83,145,37
83,145,38
83,145,39
83,145,40
83,145,41
83,145,42
83,146,28
83,146,29
83,146,30
83,146,31
83,146,32
83,146,33
83,146,34
83,146,35
83,146,36
83,146,37
83,146,38
83,146,39
83,146,40
83,146,41
83,146,42
83,147,29
83,147,30
83,147,31
83,147,32
83,147,33
83,147,34
83,147,35
83,147,36
83,147,37
83,147,38
83,147,39
83,147,40
83,147,41
83,147,42
83,147,43
83,147,44
83,148,29
83,148,30
83,148,31
83,148,32
83,148,33
83,148,34
83,148,35
83,148,36
83,148,37
83,148,38
83,148,39
83,148,40
83,148,41
83,148,42
83,148,43
83,148,44
83,149,29
83,149,30
83,149,31
83,149,32
83,149,33
83,149,34
83,149,35
83,149,36
83,149,37
83,149,38
83,149,39
83,149,40
83,149,41
83,149,42
83,149,43
83,149,44
83,149,45
83,149,46
83,149,47
83,149,48
83,149,49
83,149,50
83,150,30
83,150,31
83,150,32
83,150,33
83,150,34
83,150,35
83,150,36
83,150,37
83,150,38
83,150,39
83,150,40
83,150,41
83,150,42
83,150,43
83,150,44
83,150,45
83,150,46
83,150,47
83,150,48
83,150,49
83,150,50
83,150,51
83,150,52
83,150,53
83,150,54
83,150,55
83,150,56
83,151,30
83,151,31
83,151,32
83,151,33
83,151,34
83,151,35
83,151,36
83,151,37
83,151,38
83,151,39
83,151,40
83,151,41
83,151,42
83,151,43
83,151,44
83,151,45
83,151,46
83,151,47
83,151,48
83,151,49
83,151,50
83,151,51
83,151,52
83,151,53
83,151,54
83,151,55
83,151,56
83,151,57
83,151,58
83,152,31
83,152,32
83,152,33
83,152,34
83,152,35
83,152,36
83,152,37
83,152,38
83,152,39
83,152,40
83,152,41
83,152,42
83,152,43
83,152,44
83,152,45
83,152,46
83,152,47
83,152,48
83,152,49
83,152,50
83,152,51
83,152,52
83,152,53
83,152,54
83,152,55
83,152,56
83,152,57
83,152,58
83,152,59
83,152,60
83,153,32
83,153,33
83,153,34
83,153,35
83,153,36
83,153,37
83,153,38
83,153,39
83,153,40
83,153,41
83,153,42
83,153,43
83,153,44
83,153,45
83,153,46
83,153,47
83,153,48
83,153,49
83,153,50
83,153,51
83,153,52
83,153,53
83,153,54
83,153,55
83,153,56
83,153,57
83,153,58
83,153,59
83,153,60
83,153,61
83,154,33
83,154,34
83,154,35
83,154,36
83,154,37
83,154,38
83,154,39
83,154,40
83,154,41
83,154,42
83,154,43
83,154,44
83,154,45
83,154,46
83,154,47
83,154,48
83,154,49
83,154,50
83,154,51
83,154,52
83,154,53
83,154,54
83,154,55
83,154,56
83,154,57
83,154,58
83,154,59
83,154,60
83,154,61
83,154,62
83,154,63
83,155,34
83,155,35
83,155,36
83,155,37
83,155,38
83,155,39
83,155,40
83,155,41
83,155,42
83,155,43
83,155,44
83,155,45
83,155,46
83,155,47
83,155,48
83,155,49
83,155,50
83,155,51
83,155,52
83,155,53
83,155,54
83,155,55
83,155,56
83,155,57
83,155,58
83,155,59
83,155,60
83,155,61
83,155,62
83,155,63
83,156,35
83,156,36
83,156,37
83,156,38
83,156,39
83,156,40
83,156,41
83,156,42
83,156,43
83,156,44
83,156,45
83,156,46
83,156,47
83,156,48
83,156,49
83,156,50
83,156,51
83,156,52
83,156,53
83,156,54
83,156,55
83,156,56
83,156,57
83,156,58
83,156,59
83,156,60
83,156,61
83,156,62
83,156,63
83,157,36
83,157,37
83,157,38
83,157,39
83,157,40
83,157,41
83,157,42
83,157,43
83,157,44
83,157,45
83,157,46
83,157,47
83,157,48
83,157,49
83,157,50
83,157,51
83,157,52
83,157,53
83,157,54
83,157,55
83,157,56
83,157,57
83,157,58
83,157,59
83,157,60
83,157,61
83,157,62
83,157,63
83,158,37
83,158,38
83,158,39
83,158,40
83,158,41
83,158,42
83,158,43
83,158,44
83,158,45
83,158,46
83,158,47
83,158,48
83,158,49
83,158,50
83,158,51
83,158,52
83,158,53
83,158,54
83,158,55
83,158,56
83,158,57
83,158,58
83,158,59
83,158,60
83,158,61
83,158,62
83,159,39
83,159,40
83,159,41
83,159,42
83,159,43
83,159,44
83,159,45
83,159,46
83,159,47
83,159,48
83,159,49
83,159,50
83,159,51
83,159,52
83,159,53
83,159,54
83,159,55
83,159,56
83,159,57
83,159,58
83,159,59
83,159,60
83,159,61
83,159,62
83,160,41
83,160,42
83,160,43
83,160,44
83,160,45
83,160,46
83,160,47
83,160,48
83,160,49
83,160,50
83,160,51
83,160,52
83,160,53
83,160,54
83,160,55
83,160,56
83,160,57
83,160,58
83,161,44
83,161,45
83,161,46
83,161,47
83,161,48
83,161,49
83,161,50
83,161,51
83,161,52
83,161,53
83,161,54
83,161,55
83,161,56
83,161,57
83,162,45
83,162,46
83,162,47
83,162,48
83,162,49
83,162,50
83,162,51
83,162,52
83,162,53
83,162,54
83,162,55
84,145,28
84,145,29
84,145,30
84,145,31
84,145,32
84,145,33
84,145,34
84,145,35
84,145,36
84,145,37
84,145,38
84,145,39
84,145,40
84,145,41
84,145,42
84,145,43
84,146,29
84,146,30
84,146,31
84,146,32
84,146,33
84,146,34
84,146,35
84,146,36
84,146,37
84,146,38
84,146,39
84,146,40
84,146,41
84,146,42
84,146,43
84,146,44
84,147,29
84,147,30
84,147,31
84,147,32
84,147,33
84,147,34
84,147,35
84,147,36
84,147,37
84,147,38
84,147,39
84,147,40
84,147,41
84,147,42
84,147,43
84,147,44
84,147,45
84,148,29
84,148,30
84,148,31
84,148,32
84,148,33
84,148,34
84,148,35
84,148,36
84,148,37
84,148,38
84,148,39
84,148,40
84,148,41
84,148,42
84,148,43
84,148,44
84,148,45
84,148,46
84,148,47
84,149,29
84,149,30
84,149,31
84,149,32
84,149,33
84,149,34
84,149,35
84,149,36
84,149,37
84,149,38
84,149,39
84,149,40
84,149,41
84,149,42
84,149,43
84,149,44
84,149,45
84,149,46
84,149,47
84,149,48
84,149,49
84,149,50
84,149,51
84,149,52
84,149,53
84,149,54
84,149,55
84,149,56
84,149,57
84,149,58
84,150,30
84,150,31
84,150,32
84,150,33
84,150,34
84,150,35
84,150,36
84,150,37
84,150,38
84,150,39
84,150,40
84,150,41
84,150,42
84,150,43
84,150,44
84,150,45
84,150,46
84,150,47
84,150,48
84,150,49
84,150,50
84,150,51
84,150,52
84,150,53
84,150,54
84,150,55
84,150,56
84,150,57
84,150,58
84,150,59
84,150,60
84,151,31
84,151,32
84,151,33
84,151,34
84,151,35
84,151,36
84,151,37
84,151,38
84,151,39
84,151,40
84,151,41
84,151,42
84,151,43
84,151,44
84,151,45
84,151,46
84,151,47
84,151,48
84,151,49
84,151,50
84,151,51
84,151,52
84,151,53
84,151,54
84,151,55
84,151,56
84,151,57
84,151,58
84,151,59
84,151,60
84,152,31
84,152,32
84,152,33
84,152,34
84,152,35
84,152,36
84,152,37
84,152,38
84,152,39
84,152,40
84,152,41
84,152,42
84,152,43
84,152,44
84,152,45
84,152,46
84,152,47
84,152,48
84,152,49
84,152,50
84,152,51
84,152,52
84,152,53
84,152,54
84,152,55
84,152,56
84,152,57
84,152,58
84,152,59
84,152,60
84,152,61
84,153,32
84,153,33
84,153,34
84,153,35
84,153,36
84,153,37
84,153,38
84,153,39
84,153,40
84,153,41
84,153,42
84,153,43
84,153,44
84,153,45
84,153,46
84,153,47
84,153,48
84,153,49
84,153,50
84,153,51
84,153,52
84,153,53
84,153,54
84,153,55
84,153,56
84,153,57
84,153,58
84,153,59
84,153,60
84,153,61
84,153,62
84,154,33
84,154,34
84,154,35
84,154,36
84,154,37
84,154,38
84,154,39
84,154,40
84,154,41
84,154,42
84,154,43
84,154,44
84,154,45
84,154,46
84,154,47
84,154,48
84,154,49
84,154,50
84,154,51
84,154,52
84,154,53
84,154,54
84,154,55
84,154,56
84,154,57
84,154,58
84,154,59
84,154,60
84,154,61
84,154,62
84,154,63
84,155,35
84,155,36
84,155,37
84,155,38
84,155,39
84,155,40
84,155,41
84,155,42
84,155,43
84,155,44
84,155,45
84,155,46
84,155,47
84,155,48
84,155,49
84,155,50
84,155,51
84,155,52
84,155,53
84,155,54
84,155,55
84,155,56
84,155,57
84,155,58
84,155,59
84,155,60
84,155,61
84,155,62
84,155,63
84,156,36
84,156,37
84,156,38
84,156,39
84,156,40
84,156,41
84,156,42
84,156,43
84,156,44
84,156,45
84,156,46
84,156,47
84,156,48
84,156,49
84,156,50
84,156,51
84,156,52
84,156,53
84,156,54
84,156,55
84,156,56
84,156,57
84,156,58
84,156,59
84,156,60
84,156,61
84,156,62
84,156,63
84,157,37
84,157,38
84,157,39
84,157,40
84,157,41
84,157,42
84,157,43
84,157,44
84,157,45
84,157,46
84,157,47
84,157,48
84,157,49
84,157,50
84,157,51
84,157,52
84,157,53
84,157,54
84,157,55
84,157,56
84,157,57
84,157,58
84,157,59
84,157,60
84,157,61
84,157,62
84,157,63
84,158,38
84,158,39
84,158,40
84,158,41
84,158,42
84,158,43
84,158,44
84,158,45
84,158,46
84,158,47
84,158,48
84,158,49
84,158,50
84,158,51
84,158,52
84,158,53
84,158,54
84,158,55
84,158,56
84,158,57
84,158,58
84,158,59
84,158,60
84,158,61
84,158,62
84,159,39
84,159,40
84,159,41
84,159,42
84,159,43
84,159,44
84,159,45
84,159,46
84,159,47
84,159,48
84,159,49
84,159,50
84,159,51
84,159,52
84,159,53
84,159,54
84,159,55
84,159,56
84,159,57
84,159,58
84,159,59
84,159,60
84,159,61
84,160,40
84,160,41
84,160,42
84,160,43
84,160,44
84,160,45
84,160,46
84,160,47
84,160,48
84,160,49
84,160,50
84,160,51
84,160,52
84,160,53
84,160,54
84,160,55
84,160,56
84,160,57
84,160,58
84,161,44
84,161,45
84,161,46
84,161,47
84,161,48
84,161,49
84,161,50
84,161,51
84,161,52
84,161,53
84,161,54
84,161,55
84,161,56
84,161,57
84,162,49
84,162,50
84,162,51
84,162,52
84,162,53
85,145,29
85,145,30
85,145,31
85,145,32
85,145,33
85,145,34
85,145,35
85,145,36
85,145,37
85,145,38
85,145,39
85,145,40
85,145,41
85,145,42
85,145,43
85,145,44
85,145,45
85,146,29
85,146,30
85,146,31
85,146,32
85,146,33
85,146,34
85,146,35
85,146,36
85,146,37
85,146,38
85,146,39
85,146,40
85,146,41
85,146,42
85,146,43
85,146,44
85,147,29
85,147,30
85,147,31
85,147,32
85,147,33
85,147,34
85,147,35
85,147,36
85,147,37
85,147,38
85,147,39
85,147,40
85,147,41
85,147,42
85,147,43
85,147,44
85,147,45
85,148,30
85,148,31
85,148,32
85,148,33
85,148,34
85,148,35
85,148,36
85,148,37
85,148,38
85,148,39
85,148,40
85,148,41
85,148,42
85,148,43
85,148,44
85,148,45
85,148,46
85,148,47
85,148,48
85,148,49
85,149,30
85,149,31
85,149,32
85,149,33
85,149,34
85,149,35
85,149,36
85,149,37
85,149,38
85,149,39
85,149,40
85,149,41
85,149,42
85,149,43
85,149,44
85,149,45
85,149,46
85,149,47
85,149,48
85,149,49
85,149,50
85,149,51
85,149,52
85,149,53
85,149,54
85,149,55
85,149,56
85,149,57
85,149,58
85,149,59
85,149,60
85,150,30
85,150,31
85,150,32
85,150,33
85,150,34
85,150,35
85,150,36
85,150,37
85,150,38
85,150,39
85,150,40
85,150,41
85,150,42
85,150,43
85,150,44
85,150,45
85,150,46
85,150,47
85,150,48
85,150,49
85,150,50
85,150,51
85,150,52
85,150,53
85,150,54
85,150,55
85,150,56
85,150,57
85,150,58
85,150,59
85,150,60
85,150,61
85,150,62
85,151,31
85,151,32
85,151,33
85,151,34
85,151,35
85,151,36
85,151,37
85,151,38
85,151,39
85,151,40
85,151,41
85,151,42
85,151,43
85,151,44
85,151,45
85,151,46
85,151,47
85,151,48
85,151,49
85,151,50
85,151,51
85,151,52
85,151,53
85,151,54
85,151,55
85,151,56
85,151,57
85,151,58
85,151,59
85,151,60
85,151,61
85,151,62
85,152,32
85,152,33
85,152,34
85,152,35
85,152,36
85,152,37
85,152,38
85,152,39
85,152,40
85,152,41
85,152,42
85,152,43
85,152,44
85,152,45
85,152,46
85,152,47
85,152,48
85,152,49
85,152,50
85,152,51
85,152,52
85,152,53
85,152,54
85,152,55
85,152,56
85,152,57
85,152,58
85,152,59
85,152,60
85,152,61
85,152,62
85,153,32
85,153,33
85,153,34
85,153,35
85,153,36
85,153,37
85,153,38
85,153,39
85,153,40
85,153,41
85,153,42
85,153,43
85,153,44
85,153,45
85,153,46
85,153,47
85,153,48
85,153,49
85,153,50
85,153,51
85,153,52
85,153,53
85,153,54
85,153,55
85,153,56
85,153,57
85,153,58
85,153,59
85,153,60
85,153,61
85,153,62
85,153,63
85,154,34
85,154,35
85,154,36
85,154,37
85,154,38
85,154,39
85,154,40
85,154,41
85,154,42
85,154,43
85,154,44
85,154,45
85,154,46
85,154,47
85,154,48
85,154,49
85,154,50
85,154,51
85,154,52
85,154,53
85,154,54
85,154,55
85,154,56
85,154,57
85,154,58
85,154,59
85,154,60
85,154,61
85,154,62
85,154,63
85,155,34
85,155,35
85,155,36
85,155,37
85,155,38
85,155,39
85,155,40
85,155,41
85,155,42
85,155,43
85,155,44
85,155,45
85,155,46
85,155,47
85,155,48
85,155,49
85,155,50
85,155,51
85,155,52
85,155,53
85,155,54
85,155,55
85,155,56
85,155,57
85,155,58
85,155,59
85,155,60
85,155,61
85,155,62
85,155,63
85,156,37
85,156,38
85,156,39
85,156,40
85,156,41
85,156,42
85,156,43
85,156,44
85,156,45
85,156,46
85,156,47
85,156,48
85,156,49
85,156,50
85,156,51
85,156,52
85,156,53
85,156,54
85,156,55
85,156,56
85,156,57
85,156,58
85,156,59
85,156,60
85,156,61
85,156,62
85,156,63
85,157,37
85,157,38
85,157,39
85,157,40
85,157,41
85,157,42
85,157,43
85,157,44
85,157,45
85,157,46
85,157,47
85,157,48
85,157,49
85,157,50
85,157,51
85,157,52
85,157,53
85,157,54
85,157,55
85,157,56
85,157,57
85,157,58
85,157,59
85,157,60
85,157,61
85,157,62
85,157,63
85,158,39
85,158,40
85,158,41
85,158,42
85,158,43
85,158,44
85,158,45
85,158,46
85,158,47
85,158,48
85,158,49
85,158,50
85,158,51
85,158,52
85,158,53
85,158,54
85,158,55
85,158,56
85,158,57
85,158,58
85,158,59
85,158,60
85,158,61
85,159,40
85,159,41
85,159,42
85,159,43
85,159,44
85,159,45
85,159,46
85,159,47
85,159,48
85,159,49
85,159,50
85,159,51
85,159,52
85,159,53
85,159,54
85,159,55
85,159,56
85,159,57
85,159,58
85,159,59
85,159,60
85,159,61
85,160,42
85,160,43
85,160,44
85,160,45
85,160,46
85,160,47
85,160,48
85,160,49
85,160,50
85,160,51
85,160,52
85,160,53
85,160,54
85,160,55
85,160,56
85,160,57
85,161,43
85,161,44
85,161,46
85,161,47
85,161,48
85,161,49
85,161,50
85,161,51
85,161,52
85,161,53
85,161,54
85,161,55
85,161,56
85,162,49
86,145,29
86,145,30
86,145,31
86,145,32
86,145,33
86,145,34
86,145,35
86,145,36
86,145,37
86,145,38
86,145,39
86,145,40
86,145,41
86,145,42
86,145,43
86,145,44
86,145,45
86,146,29
86,146,30
86,146,31
86,146,32
86,146,33
86,146,34
86,146,35
86,146,36
86,146,37
86,146,38
86,146,39
86,146,40
86,146,41
86,146,42
86,146,43
86,146,44
86,146,45
86,147,30
86,147,31
86,147,32
86,147,33
86,147,34
86,147,35
86,147,36
86,147,37
86,147,38
86,147,39
86,147,40
86,147,41
86,147,42
86,147,43
86,147,44
86,147,45
86,147,46
86,148,30
86,148,31
86,148,32
86,148,33
86,148,34
86,148,35
86,148,36
86,148,37
86,148,38
86,148,39
86,148,40
86,148,41
86,148,42
86,148,43
86,148,44
86,148,45
86,148,46
86,148,47
86,148,48
86,148,49
86,149,31
86,149,32
86,149,33
86,149,34
86,149,35
86,149,36
86,149,37
86,149,38
86,149,39
86,149,40
86,149,41
86,149,42
86,149,43
86,149,44
86,149,45
86,149,46
86,149,47
86,149,48
86,149,49
86,149,50
86,149,51
86,149,52
86,149,53
86,149,54
86,149,55
86,149,56
86,149,57
86,149,58
86,149,59
86,149,60
86,150,31
86,150,32
86,150,33
86,150,34
86,150,35
86,150,36
86,150,37
86,150,38
86,150,39
86,150,40
86,150,41
86,150,42
86,150,43
86,150,44
86,150,45
86,150,46
86,150,47
86,150,48
86,150,49
86,150,50
86,150,51
86,150,52
86,150,53
86,150,54
86,150,55
86,150,56
86,150,57
86,150,58
86,150,59
86,150,60
86,150,61
86,150,62
86,151,32
86,151,33
86,151,34
86,151,35
86,151,36
86,151,37
86,151,38
86,151,39
86,151,40
86,151,41
86,151,42
86,151,43
86,151,44
86,151,45
86,151,46
86,151,47
86,151,48
86,151,49
86,151,50
86,151,51
86,151,52
86,151,53
86,151,54
86,151,55
86,151,56
86,151,57
86,151,58
86,151,59
86,151,60
86,151,61
86,152,32
86,152,33
86,152,34
86,152,35
86,152,36
86,152,37
86,152,38
86,152,39
86,152,40
86,152,41
86,152,42
86,152,43
86,152,44
86,152,45
86,152,46
86,152,47
86,152,48
86,152,49
86,152,50
86,152,51
86,152,52
86,152,53
86,152,54
86,152,55
86,152,56
86,152,57
86,152,58
86,152,59
86,152,60
86,152,61
86,152,62
86,153,33
86,153,34
86,153,35
86,153,36
86,153,37
86,153,38
86,153,39
86,153,40
86,153,41
86,153,42
86,153,43
86,153,44
86,153,45
86,153,46
86,153,47
86,153,48
86,153,49
86,153,50
86,153,51
86,153,52
86,153,53
86,153,54
86,153,55
86,153,56
86,153,57
86,153,58
86,153,59
86,153,60
86,153,61
86,153,62
86,153,63
86,154,35
86,154,36
86,154,37
86,154,38
86,154,39
86,154,40
86,154,41
86,154,42
86,154,43
86,154,44
86,154,45
86,154,46
86,154,47
86,154,48
86,154,49
86,154,50
86,154,51
86,154,52
86,154,53
86,154,54
86,154,55
86,154,56
86,154,57
86,154,58
86,154,59
86,154,60
86,154,61
86,154,62
86,154,63
86,154,64
86,155,35
86,155,36
86,155,37
86,155,38
86,155,39
86,155,40
86,155,41
86,155,42
86,155,43
86,155,44
86,155,45
86,155,46
86,155,47
86,155,48
86,155,49
86,155,50
86,155,51
86,155,52
86,155,53
86,155,54
86,155,55
86,155,56
86,155,57
86,155,58
86,155,59
86,155,60
86,155,61
86,155,62
86,155,63
86,155,64
86,156,37
86,156,38
86,156,39
86,156,40
86,156,41
86,156,42
86,156,43
86,156,44
86,156,45
86,156,46
86,156,47
86,156,48
86,156,49
86,156,50
86,156,51
86,156,52
86,156,53
86,156,54
86,156,55
86,156,56
86,156,57
86,156,58
86,156,59
86,156,60
86,156,61
86,156,62
86,156,63
86,157,38
86,157,39
86,157,40
86,157,41
86,157,42
86,157,43
86,157,44
86,157,45
86,157,46
86,157,47
86,157,48
86,157,49
86,157,50
86,157,51
86,157,52
86,157,53
86,157,54
86,157,55
86,157,56
86,157,57
86,157,58
86,157,59
86,157,60
86,157,61
86,157,62
86,157,63
86,158,40
86,158,41
86,158,42
86,158,43
86,158,44
86,158,45
86,158,46
86,158,47
86,158,48
86,158,49
86,158,50
86,158,51
86,158,52
86,158,53
86,158,54
86,158,55
86,158,56
86,158,57
86,158,58
86,158,59
86,158,60
86,158,61
86,159,40
86,159,41
86,159,42
86,159,43
86,159,44
86,159,45
86,159,46
86,159,47
86,159,48
86,159,49
86,159,50
86,159,51
86,159,52
86,159,53
86,159,54
86,159,55
86,159,56
86,159,57
86,159,58
86,159,59
86,159,60
86,160,44
86,160,45
86,160,46
86,160,47
86,160,48
86,160,49
86,160,50
86,160,51
86,160,52
86,160,53
86,160,54
86,160,55
86,160,56
86,160,57
86,161,48
86,161,49
86,161,50
86,161,51
86,161,52
86,161,53
86,161,54
86,161,55
87,145,30
87,145,31
87,145,32
87,145,33
87,145,34
87,145,35
87,145,36
87,145,37
87,145,38
87,145,39
87,145,40
87,145,41
87,145,42
87,145,43
87,145,44
87,145,45
87,145,46
87,146,30
87,146,31
87,146,32
87,146,33
87,146,34
87,146,35
87,146,36
87,146,37
87,146,38
87,146,39
87,146,40
87,146,41
87,146,42
87,146,43
87,146,44
87,146,45
87,147,30
87,147,31
87,147,32
87,147,33
87,147,34
87,147,35
87,147,36
87,147,37
87,147,38
87,147,39
87,147,40
87,147,41
87,147,42
87,147,43
87,147,44
87,147,45
87,147,46
87,148,31
87,148,32
87,148,33
87,148,34
87,148,35
87,148,36
87,148,37
87,148,38
87,148,39
87,148,40
87,148,41
87,148,42
87,148,43
87,148,44
87,148,45
87,148,46
87,148,47
87,148,48
87,148,49
87,148,50
87,149,31
87,149,32
87,149,33
87,149,34
87,149,35
87,149,36
87,149,37
87,149,38
87,149,39
87,149,40
87,149,41
87,149,42
87,149,43
87,149,44
87,149,45
87,149,46
87,149,47
87,149,48
87,149,49
87,149,50
87,149,51
87,149,52
87,149,53
87,149,54
87,149,55
87,149,56
87,149,57
87,149,58
87,149,59
87,149,60
87,149,61
87,150,32
87,150,33
87,150,34
87,150,35
87,150,36
87,150,37
87,150,38
87,150,39
87,150,40
87,150,41
87,150,42
87,150,43
87,150,44
87,150,45
87,150,46
87,150,47
87,150,48
87,150,49
87,150,50
87,150,51
87,150,52
87,150,53
87,150,54
87,150,55
87,150,56
87,150,57
87,150,58
87,150,59
87,150,60
87,150,61
87,151,32
87,151,33
87,151,34
87,151,35
87,151,36
87,151,37
87,151,38
87,151,39
87,151,40
87,151,41
87,151,42
87,151,43
87,151,44
87,151,45
87,151,46
87,151,47
87,151,48
87,151,49
87,151,50
87,151,51
87,151,52
87,151,53
87,151,54
87,151,55
87,151,56
87,151,57
87,151,58
87,151,59
87,151,60
87,151,61
87,151,62
87,152,33
87,152,34
87,152,35
87,152,36
87,152,37
87,152,38
87,152,39
87,152,40
87,152,41
87,152,42
87,152,43
87,152,44
87,152,45
87,152,46
87,152,47
87,152,48
87,152,49
87,152,50
87,152,51
87,152,52
87,152,53
87,152,54
87,152,55
87,152,56
87,152,57
87,152,58
87,152,59
87,152,60
87,152,61
87,152,62
87,152,63
87,153,34
87,153,35
87,153,36
87,153,37
87,153,38
87,153,39
87,153,40
87,153,41
87,153,42
87,153,43
87,153,44
87,153,45
87,153,46
87,153,47
87,153,48
87,153,49
87,153,50
87,153,51
87,153,52
87,153,53
87,153,54
87,153,55
87,153,56
87,153,57
87,153,58
87,153,59
87,153,60
87,153,61
87,153,62
87,153,63
87,153,64
87,154,35
87,154,36
87,154,37
87,154,38
87,154,39
87,154,40
87,154,41
87,154,42
87,154,43
87,154,44
87,154,45
87,154,46
87,154,47
87,154,48
87,154,49
87,154,50
87,154,51
87,154,52
87,154,53
87,154,54
87,154,55
87,154,56
87,154,57
87,154,58
87,154,59
87,154,60
87,154,61
87,154,62
87,154,63
87,154,64
87,155,36
87,155,37
87,155,38
87,155,39
87,155,40
87,155,41
87,155,42
87,155,43
87,155,44
87,155,45
87,155,46
87,155,47
87,155,48
87,155,49
87,155,50
87,155,51
87,155,52
87,155,53
87,155,54
87,155,55
87,155,56
87,155,57
87,155,58
87,155,59
87,155,60
87,155,61
87,155,62
87,155,63
87,155,64
87,156,37
87,156,38
87,156,39
87,156,40
87,156,41
87,156,42
87,156,43
87,156,44
87,156,45
87,156,46
87,156,47
87,156,48
87,156,49
87,156,50
87,156,51
87,156,52
87,156,53
87,156,54
87,156,55
87,156,56
87,156,57
87,156,58
87,156,59
87,156,60
87,156,61
87,156,62
87,156,63
87,157,38
87,157,39
87,157,40
87,157,41
87,157,42
87,157,43
87,157,44
87,157,45
87,157,46
87,157,47
87,157,48
87,157,49
87,157,50
87,157,51
87,157,52
87,157,53
87,157,54
87,157,55
87,157,56
87,157,57
87,157,58
87,157,59
87,157,60
87,157,61
87,157,62
87,158,40
87,158,41
87,158,42
87,158,43
87,158,44
87,158,45
87,158,46
87,158,47
87,158,48
87,158,49
87,158,50
87,158,51
87,158,52
87,158,53
87,158,54
87,158,55
87,158,56
87,158,57
87,158,58
87,158,59
87,158,60
87,158,61
87,159,43
87,159,44
87,159,45
87,159,46
87,159,47
87,159,48
87,159,49
87,159,50
87,159,51
87,159,52
87,159,53
87,159,54
87,159,55
87,159,56
87,159,57
87,159,58
87,159,59
87,160,48
87,160,49
87,160,50
87,160,51
87,160,52
87,160,53
87,160,54
87,160,55
87,160,56
87,160,57
87,161,50
87,161,51
88,145,31
88,145,32
88,145,33
88,145,34
88,145,35
88,145,36
88,145,37
88,145,38
88,145,39
88,145,40
88,145,41
88,145,42
88,145,43
88,145,44
88,145,45
88,145,46
88,146,31
88,146,32
88,146,33
88,146,34
88,146,35
88,146,36
88,146,37
88,146,38
88,146,39
88,146,40
88,146,41
88,146,42
88,146,43
88,146,44
88,146,45
88,147,32
88,147,33
88,147,34
88,147,35
88,147,36
88,147,37
88,147,38
88,147,39
88,147,40
88,147,41
88,147,42
88,147,43
88,147,44
88,147,45
88,148,32
88,148,33
88,148,34
88,148,35
88,148,36
88,148,37
88,148,38
88,148,39
88,148,40
88,148,41
88,148,42
88,148,43
88,148,44
88,148,45
88,148,46
88,148,47
88,148,48
88,148,49
88,148,50
88,149,32
88,149,33
88,149,34
88,149,35
88,149,36
88,149,37
88,149,38
88,149,39
88,149,40
88,149,41
88,149,42
88,149,43
88,149,44
88,149,45
88,149,46
88,149,47
88,149,48
88,149,49
88,149,50
88,149,51
88,149,52
88,149,53
88,149,54
88,149,55
88,149,56
88,149,57
88,149,58
88,149,59
88,149,60
88,149,61
88,150,33
88,150,34
88,150,35
88,150,36
88,150,37
88,150,38
88,150,39
88,150,40
88,150,41
88,150,42
88,150,43
88,150,44
88,150,45
88,150,46
88,150,47
88,150,48
88,150,49
88,150,50
88,150,51
88,150,52
88,150,53
88,150,54
88,150,55
88,150,56
88,150,57
88,150,58
88,150,59
88,150,60
88,150,61
88,151,33
88,151,34
88,151,35
88,151,36
88,151,37
88,151,38
88,151,39
88,151,40
88,151,41
88,151,42
88,151,43
88,151,44
88,151,45
88,151,46
88,151,47
88,151,48
88,151,49
88,151,50
88,151,51
88,151,52
88,151,53
88,151,54
88,151,55
88,151,56
88,151,57
88,151,58
88,151,59
88,151,60
88,151,61
88,151,62
88,151,63
88,152,34
88,152,35
88,152,36
88,152,37
88,152,38
88,152,39
88,152,40
88,152,41
88,152,42
88,152,43
88,152,44
88,152,45
88,152,46
88,152,47
88,152,48
88,152,49
88,152,50
88,152,51
88,152,52
88,152,53
88,152,54
88,152,55
88,152,56
88,152,57
88,152,58
88,152,59
88,152,60
88,152,61
88,152,62
88,152,63
88,153,35
88,153,36
88,153,37
88,153,38
88,153,39
88,153,40
88,153,41
88,153,42
88,153,43
88,153,44
88,153,45
88,153,46
88,153,47
88,153,48
88,153,49
88,153,50
88,153,51
88,153,52
88,153,53
88,153,54
88,153,55
88,153,56
88,153,57
88,153,58
88,153,59
88,153,60
88,153,61
88,153,62
88,153,63
88,154,36
88,154,37
88,154,38
88,154,39
88,154,40
88,154,41
88,154,42
88,154,43
88,154,44
88,154,45
88,154,46
88,154,47
88,154,48
88,154,49
88,154,50
88,154,51
88,154,52
88,154,53
88,154,54
88,154,55
88,154,56
88,154,57
88,154,58
88,154,59
88,154,60
88,154,61
88,154,62
88,154,63
88,155,37
88,155,38
88,155,39
88,155,40
88,155,41
88,155,42
88,155,43
88,155,44
88,155,45
88,155,46
88,155,47
88,155,48
88,155,49
88,155,50
88,155,51
88,155,52
88,155,53
88,155,54
88,155,55
88,155,56
88,155,57
88,155,58
88,155,59
88,155,60
88,155,61
88,155,62
88,156,38
88,156,39
88,156,40
88,156,41
88,156,42
88,156,43
88,156,44
88,156,45
88,156,46
88,156,47
88,156,48
88,156,49
88,156,50
88,156,51
88,156,52
88,156,53
88,156,54
88,156,55
88,156,56
88,156,57
88,156,58
88,156,59
88,156,60
88,156,61
88,157,39
88,157,40
88,157,41
88,157,42
88,157,43
88,157,44
88,157,45
88,157,46
88,157,47
88,157,48
88,157,49
88,157,50
88,157,51
88,157,52
88,157,53
88,157,54
88,157,55
88,157,56
88,157,57
88,157,58
88,157,59
88,157,60
88,158,40
88,158,41
88,158,46
88,158,47
88,158,48
88,158,49
88,158,50
88,158,51
88,158,52
88,158,53
88,158,54
88,158,55
88,158,56
88,158,57
88,158,58
88,158,59
88,158,60
88,159,47
88,159,48
88,159,49
88,159,50
88,159,51
88,159,52
88,159,53
88,159,54
88,159,55
88,159,56
88,159,57
88,159,58
88,160,49
88,160,50
88,160,51
88,160,52
88,160,53
88,160,54
88,160,55
88,160,57
88,161,51
89,145,33
89,145,34
89,145,35
89,145,36
89,145,37
89,145,38
89,145,39
89,145,40
89,145,41
89,145,42
89,145,43
89,145,44
89,145,45
89,146,33
89,146,34
89,146,35
89,146,36
89,146,37
89,146,38
89,146,39
89,146,40
89,146,41
89,146,42
89,146,43
89,146,44
89,147,33
89,147,34
89,147,35
89,147,36
89,147,37
89,147,38
89,147,39
89,147,40
89,147,41
89,147,42
89,147,43
89,147,44
89,147,45
89,148,33
89,148,34
89,148,35
89,148,36
89,148,37
89,148,38
89,148,39
89,148,40
89,148,41
89,148,42
89,148,43
89,148,44
89,148,45
89,148,46
89,148,47
89,148,48
89,148,49
89,149,35
89,149,36
89,149,37
89,149,38
89,149,39
89,149,40
89,149,41
89,149,42
89,149,43
89,149,44
89,149,45
89,149,46
89,149,47
89,149,48
89,149,49
89,149,50
89,149,51
89,149,52
89,149,53
89,149,54
89,149,55
89,149,56
89,149,57
89,149,58
89,149,59
89,149,60
89,150,34
89,150,35
89,150,36
89,150,37
89,150,38
89,150,39
89,150,40
89,150,41
89,150,42
89,150,43
89,150,44
89,150,45
89,150,46
89,150,47
89,150,48
89,150,49
89,150,50
89,150,51
89,150,52
89,150,53
89,150,54
89,150,55
89,150,56
89,150,57
89,150,58
89,150,59
89,150,60
89,150,61
89,151,35
89,151,36
89,151,37
89,151,38
89,151,39
89,151,40
89,151,41
89,151,42
89,151,43
89,151,44
89,151,45
89,151,46
89,151,47
89,151,48
89,151,49
89,151,50
89,151,51
89,151,52
89,151,53
89,151,54
89,151,55
89,151,56
89,151,57
89,151,58
89,151,59
89,151,60
89,151,61
89,151,62
89,152,35
89,152,36
89,152,37
89,152,38
89,152,39
89,152,40
89,152,41
89,152,42
89,152,43
89,152,44
89,152,45
89,152,46
89,152,47
89,152,48
89,152,49
89,152,50
89,152,51
89,152,52
89,152,53
89,152,54
89,152,55
89,152,56
89,152,57
89,152,58
89,152,59
89,152,60
89,152,61
89,152,62
89,153,37
89,153,38
89,153,39
89,153,40
89,153,41
89,153,42
89,153,43
89,153,44
89,153,45
89,153,46
89,153,47
89,153,48
89,153,49
89,153,50
89,153,51
89,153,52
89,153,53
89,153,54
89,153,55
89,153,56
89,153,57
89,153,58
89,153,59
89,153,60
89,153,61
89,154,37
89,154,38
89,154,39
89,154,40
89,154,41
89,154,42
89,154,43
89,154,44
89,154,45
89,154,46
89,154,47
89,154,48
89,154,49
89,154,50
89,154,51
89,154,52
89,154,53
89,154,54
89,154,55
89,154,56
89,154,57
89,154,58
89,154,59
89,154,60
89,154,61
89,155,38
89,155,39
89,155,40
89,155,41
89,155,42
89,155,43
89,155,44
89,155,45
89,155,46
89,155,47
89,155,48
89,155,49
89,155,50
89,155,51
89,155,52
89,155,53
89,155,54
89,155,55
89,155,56
89,155,57
89,155,58
89,155,59
89,155,60
89,155,61
89,155,62
89,156,40
89,156,41
89,156,42
89,156,43
89,156,44
89,156,45
89,156,46
89,156,47
89,156,48
89,156,49
89,156,50
89,156,51
89,156,52
89,156,53
89,156,54
89,156,55
89,156,56
89,156,57
89,156,58
89,156,59
89,156,60
89,157,40
89,157,41
89,157,43
89,157,44
89,157,45
89,157,46
89,157,47
89,157,48
89,157,49
89,157,50
89,157,51
89,157,52
89,157,53
89,157,54
89,157,55
89,157,56
89,157,57
89,157,58
89,157,59
89,157,60
89,158,48
89,158,49
89,158,50
89,158,51
89,158,52
89,158,53
89,158,54
89,158,55
89,158,56
89,158,57
89,158,58
89,158,59
89,159,48
89,159,49
89,159,50
89,159,51
89,159,52
89,159,53
89,159,54
89,159,55
89,159,56
89,159,57
89,160,51
89,160,53
90,145,35
90,145,36
90,145,37
90,145,38
90,145,39
90,145,40
90,145,41
90,145,42
90,145,43
90,145,44
90,145,45
90,146,35
90,146,36
90,146,37
90,146,38
90,146,39
90,146,40
90,146,41
90,146,42
90,146,43
90,146,44
90,147,36
90,147,37
90,147,38
90,147,39
90,147,40
90,147,41
90,147,42
90,147,43
90,148,36
90,148,37
90,148,38
90,148,39
90,148,40
90,148,41
90,148,42
90,148,43
90,148,44
90,148,45
90,148,46
90,148,47
90,148,48
90,148,49
90,149,38
90,149,39
90,149,40
90,149,41
90,149,42
90,149,43
90,149,44
90,149,45
90,149,46
90,149,47
90,149,48
90,149,49
90,149,50
90,149,51
90,149,52
90,149,53
90,149,54
90,149,55
90,149,56
90,149,57
90,149,58
90,149,59
90,150,37
90,150,38
90,150,39
90,150,40
90,150,41
90,150,42
90,150,43
90,150,44
90,150,45
90,150,46
90,150,47
90,150,48
90,150,49
90,150,50
90,150,51
90,150,52
90,150,53
90,150,54
90,150,55
90,150,56
90,150,57
90,150,58
90,150,59
90,150,60
90,151,37
90,151,38
90,151,39
90,151,40
90,151,41
90,151,42
90,151,43
90,151,44
90,151,45
90,151,46
90,151,47
90,151,48
90,151,49
90,151,50
90,151,51
90,151,52
90,151,53
90,151,54
90,151,55
90,151,56
90,151,57
90,151,58
90,151,59
90,151,60
90,152,39
90,152,40
90,152,41
90,152,42
90,152,43
90,152,44
90,152,45
90,152,46
90,152,47
90,152,48
90,152,49
90,152,50
90,152,51
90,152,52
90,152,53
90,152,54
90,152,55
90,152,56
90,152,57
90,152,58
90,152,59
90,152,60
90,152,61
90,153,39
90,153,40
90,153,41
90,153,42
90,153,43
90,153,44
90,153,45
90,153,46
90,153,47
90,153,48
90,153,49
90,153,50
90,153,51
90,153,52
90,153,53
90,153,54
90,153,55
90,153,56
90,153,57
90,153,58
90,153,59
90,153,60
90,153,61
90,154,39
90,154,40
90,154,41
90,154,42
90,154,43
90,154,44
90,154,45
90,154,46
90,154,47
90,154,48
90,154,49
90,154,50
90,154,51
90,154,52
90,154,53
90,154,54
90,154,55
90,154,56
90,154,57
90,154,58
90,154,59
90,154,60
90,154,61
90,155,41
90,155,43
90,155,44
90,155,45
90,155,46
90,155,47
90,155,48
90,155,49
90,155,50
90,155,51
90,155,52
90,155,53
90,155,54
90,155,55
90,155,56
90,155,57
90,155,58
90,155,59
90,155,60
90,156,46
90,156,47
90,156,48
90,156,49
90,156,50
90,156,51
90,156,52
90,156,53
90,156,54
90,156,55
90,156,56
90,156,57
90,156,58
90,156,59
90,157,48
90,157,49
90,157,50
90,157,51
90,157,52
90,157,53
90,157,54
90,157,55
90,157,56
90,157,57
90,157,58
90,157,59
90,158,48
90,158,49
90,158,50
90,158,51
90,158,52
90,158,53
90,158,54
90,158,55
90,158,56
90,158,57
90,158,58
90,159,52
90,159,53
90,159,55
91,145,37
91,145,38
91,145,39
91,145,40
91,146,39
91,146,40
91,146,41
91,146,42
91,146,43
91,147,40
91,148,41
91,148,42
91,148,43
91,148,44
91,148,45
91,148,46
91,148,47
91,149,41
91,149,42
91,149,43
91,149,44
91,149,45
91,149,46
91,149,47
91,149,48
91,149,49
91,149,50
91,149,51
91,149,52
91,149,53
91,149,54
91,149,55
91,149,56
91,149,57
91,149,58
91,150,43
91,150,44
91,150,45
91,150,46
91,150,47
91,150,48
91,150,49
91,150,50
91,150,51
91,150,52
91,150,53
91,150,54
91,150,55
91,150,56
91,150,57
91,150,58
91,150,59
91,151,43
91,151,44
91,151,45
91,151,46
91,151,47
91,151,48
91,151,49
91,151,50
91,151,51
91,151,52
91,151,53
91,151,54
91,151,55
91,151,56
91,151,57
91,151,58
91,151,59
91,152,46
91,152,47
91,152,48
91,152,49
91,152,50
91,152,51
91,152,52
91,152,53
91,152,54
91,152,55
91,152,56
91,152,57
91,152,58
91,152,59
91,152,60
91,153,46
91,153,47
91,153,48
91,153,49
91,153,50
91,153,51
91,153,52
91,153,53
91,153,54
91,153,55
91,153,56
91,153,57
91,153,58
91,153,59
91,153,60
91,153,61
91,154,46
91,154,47
91,154,48
91,154,49
91,154,50
91,154,51
91,154,52
91,154,53
91,154,54
91,154,55
91,154,56
91,154,57
91,154,58
91,154,59
91,154,60
91,155,46
91,155,47
91,155,48
91,155,49
91,155,50
91,155,51
91,155,52
91,155,53
91,155,54
91,155,55
91,155,56
91,155,57
91,155,58
91,155,59
91,155,60
91,156,48
91,156,49
91,156,50
91,156,51
91,156,52
91,156,53
91,156,54
91,156,55
91,156,56
91,156,57
91,156,58
91,156,59
91,157,48
91,157,49
91,157,50
91,157,51
91,157,52
91,157,53
91,157,54
91,157,55
91,157,56
91,157,57
91,157,58
91,158,53
91,158,55
92,149,48
92,149,49
92,149,50
92,149,51
92,149,52
92,149,53
92,149,54
92,149,55
92,149,56
92,150,46
92,150,48
92,150,49
92,150,50
92,150,51
92,150,52
92,150,53
92,150,54
92,150,55
92,150,56
92,151,48
92,151,49
92,151,50
92,151,51
92,151,52
92,151,53
92,151,54
92,151,55
92,151,56
92,151,57
92,151,58
92,152,47
92,152,48
92,152,49
92,152,50
92,152,51
92,152,52
92,152,53
92,152,54
92,152,55
92,152,56
92,152,57
92,152,58
92,152,59
92,153,48
92,153,49
92,153,50
92,153,51
92,153,52
92,153,53
92,153,54
92,153,55
92,153,56
92,153,57
92,153,58
92,153,59
92,153,60
92,154,48
92,154,49
92,154,50
92,154,51
92,154,52
92,154,53
92,154,54
92,154,55
92,154,56
92,154,57
92,154,58
92,154,59
92,155,49
92,155,50
92,155,51
92,155,52
92,155,53
92,155,54
92,155,55
92,155,56
92,155,57
92,155,58
92,155,59
92,156,50
92,156,51
92,156,52
92,156,53
92,156,54
92,156,55
92,156,56
92,156,57
92,156,58
92,157,53
92,157,54
92,157,55
93,149,50
93,150,49
93,150,50
93,150,51
93,150,52
93,151,50
93,151,51
93,151,52
93,152,49
93,152,50
93,152,51
93,152,52
93,152,53
93,153,50
93,153,51
93,153,52
93,153,53
93,153,54
93,153,58
93,154,50
93,154,51
93,154,52
93,154,53
93,154,54
93,154,55
93,154,57
93,154,58
93,155,50
93,155,51
93,155,52
93,155,53
93,155,54
93,155,58
93,156,51
93,156,52
93,156,53
94,152,51
94,153,51
94,153,52
94,155,52
