"x","y","z"
47,83,32
47,83,33
47,83,34
47,83,35
47,85,31
47,85,32
47,85,33
47,86,32
48,83,32
48,83,33
48,83,34
48,83,35
48,83,36
48,84,31
48,84,32
48,84,33
48,85,31
48,85,32
48,85,33
48,85,34
48,86,32
48,86,33
49,83,31
49,83,32
49,83,33
49,83,34
49,83,35
49,83,36
49,83,37
49,84,31
49,84,32
49,84,33
49,84,34
49,85,30
49,85,31
49,85,32
49,85,33
49,85,34
49,86,31
49,86,32
49,86,33
49,87,30
49,88,31
49,89,30
49,89,31
49,90,30
49,91,30
50,83,30
50,83,31
50,83,32
50,83,33
50,83,34
50,83,35
50,83,36
50,83,37
50,83,38
50,84,30
50,84,31
50,84,32
50,84,33
50,84,34
50,85,29
50,85,30
50,85,31
50,85,32
50,85,33
50,86,29
50,86,30
50,86,31
50,86,32
50,86,33
50,87,29
50,87,30
50,87,31
50,88,29
50,88,30
50,88,31
50,89,29
50,89,30
50,89,31
50,89,32
50,90,29
50,90,30
50,90,31
50,91,29
50,91,30
50,91,31
51,83,29
51,83,30
51,83,31
51,83,32
51,83,33
51,83,34
51,83,35
51,83,36
51,83,37
51,83,38
51,84,29
51,84,30
51,84,31
51,84,32
51,84,33
51,85,28
51,85,29
51,85,30
51,85,31
51,86,29
51,86,30
51,86,31
51,86,32
51,87,29
51,87,30
51,87,31
51,88,29
51,88,30
51,88,31
51,89,29
51,89,30
51,89,31
51,89,32
51,90,29
51,90,30
51,90,31
51,91,28
51,91,29
51,91,30
51,91,31
51,92,27
51,92,28
51,92,29
52,83,28
52,83,29
52,83,35
52,83,36
52,83,37
52,83,38
52,83,39
52,84,28
52,84,29
52,84,30
52,85,27
52,85,28
52,85,29
52,86,28
52,86,29
52,86,30
52,86,31
52,87,28
52,87,29
52,87,30
52,88,28
52,88,29
52,88,30
52,89,28
52,89,29
52,89,30
52,89,31
52,90,28
52,90,29
52,90,30
52,91,28
52,91,29
52,91,30
52,91,31
52,92,27
52,92,28
52,92,29
52,92,30
52,93,27
52,93,28
52,94,26
52,94,27
52,94,28
52,94,29
53,83,26
53,83,27
53,83,28
53,83,35
53,83,36
53,83,37
53,83,38
53,83,39
53,83,40
53,84,26
53,84,27
53,84,28
53,85,27
53,85,28
53,86,27
53,86,28
53,86,29
53,87,27
53,87,28
53,87,29
53,88,27
53,88,28
53,88,29
53,89,27
53,89,28
53,89,29
53,89,30
53,89,31
53,90,28
53,90,29
53,91,28
53,91,29
53,91,30
53,92,27
53,92,28
53,92,29
53,92,30
53,93,27
53,93,28
53,93,29
53,94,26
53,94,27
53,94,28
53,94,29
53,94,30
53,95,26
53,95,27
53,95,28
53,96,27
53,96,28
53,96,29
53,96,30
54,83,36
54,83,37
54,83,38
54,83,39
54,83,40
54,84,26
54,84,27
54,85,26
54,85,27
54,86,26
54,86,27
54,86,28
54,87,26
54,87,27
54,87,28
54,88,26
54,88,27
54,88,28
54,89,27
54,89,28
54,89,29
54,89,30
54,90,27
54,90,28
54,91,27
54,91,28
54,91,29
54,92,27
54,92,28
54,92,29
54,93,27
54,93,28
54,93,29
54,94,26
54,94,27
54,94,28
54,94,29
54,94,30
54,95,25
54,95,26
54,95,27
54,95,28
54,96,27
54,96,28
54,96,29
54,96,30
55,83,38
55,83,39
55,83,40
55,83,41
55,85,25
55,85,26
55,86,25
55,86,26
55,86,27
55,87,25
55,87,26
55,87,27
55,88,26
55,89,26
55,89,27
55,90,26
55,90,27
55,91,26
55,91,27
55,91,28
55,92,26
55,92,27
55,92,28
55,93,26
55,93,27
55,93,28
55,93,29
55,94,26
55,94,27
55,94,28
55,94,29
55,95,25
55,95,26
55,95,27
55,95,28
55,96,26
55,96,27
55,96,28
55,96,29
56,83,39
56,83,40
56,83,41
56,83,42
56,86,25
56,87,25
56,88,25
56,89,25
56,89,26
56,90,25
56,90,26
56,91,26
56,91,27
56,92,26
56,92,27
56,92,28
56,93,25
56,93,26
56,93,27
56,93,28
56,94,25
56,94,26
56,94,27
56,95,25
56,95,26
56,95,27
56,96,25
56,96,26
56,96,27
57,83,39
57,83,40
57,83,41
57,86,24
57,87,24
57,88,24
57,89,25
57,89,26
57,90,25
57,91,25
57,91,26
57,92,25
57,92,26
57,92,27
57,93,25
57,93,26
57,93,27
57,94,25
57,94,26
57,94,27
57,95,24
57,95,25
57,95,26
57,96,24
57,96,25
57,96,26
58,83,40
58,86,23
58,89,24
58,89,25
58,90,24
58,90,25
58,91,24
58,91,25
58,92,24
58,92,25
58,92,26
58,93,24
58,93,25
58,93,26
58,94,24
58,94,25
58,94,26
58,95,24
58,95,25
58,95,26
58,96,24
58,96,25
58,96,26
58,97,24
58,98,25
59,89,23
59,89,24
59,90,24
59,91,24
59,92,24
59,92,25
59,93,24
59,93,25
59,94,24
59,94,25
59,95,24
59,95,25
59,96,23
59,96,24
59,96,25
59,96,26
59,97,23
59,97,24
59,97,25
59,98,24
59,98,25
59,98,26
60,89,23
60,90,23
60,91,23
60,91,24
60,92,23
60,92,24
60,93,23
60,93,24
60,93,25
60,94,23
60,94,24
60,94,25
60,95,23
60,95,24
60,96,23
60,96,24
60,96,25
60,96,26
60,97,23
60,97,24
60,97,25
60,98,23
60,98,24
60,98,25
60,98,26
61,91,23
61,92,23
61,93,23
61,93,24
61,94,23
61,94,24
61,95,23
61,96,22
61,96,23
61,96,24
61,96,25
61,97,22
61,97,23
61,97,24
61,97,25
61,98,22
61,98,23
61,98,24
61,98,25
61,99,22
61,99,23
62,92,22
62,93,22
62,93,23
62,94,22
62,94,23
62,95,22
62,95,23
62,96,22
62,96,23
62,96,24
62,96,25
62,97,22
62,97,23
62,97,24
62,98,21
62,98,22
62,98,23
62,98,24
62,99,21
62,99,22
62,99,23
62,99,24
62,100,21
62,100,22
62,100,23
63,93,22
63,93,23
63,94,22
63,94,23
63,95,22
63,96,21
63,96,22
63,96,23
63,96,24
63,97,21
63,97,22
63,97,23
63,97,24
63,98,21
63,98,22
63,98,23
63,98,24
63,99,21
63,99,22
63,99,23
63,99,24
63,100,21
63,100,22
63,100,23
63,101,21
63,101,22
64,94,22
64,95,22
64,96,21
64,96,22
64,96,23
64,97,21
64,97,22
64,97,23
64,98,21
64,98,22
64,98,23
64,99,20
64,99,21
64,99,22
64,99,23
64,99,24
64,100,20
64,100,21
64,100,22
64,100,23
64,101,21
64,101,22
64,102,21
65,96,21
65,96,22
65,97,21
65,97,22
65,97,23
65,98,20
65,98,21
65,98,22
65,99,20
65,99,21
65,99,22
65,99,23
65,100,20
65,100,21
65,100,22
65,101,20
65,101,21
65,101,22
65,102,21
65,103,21
66,96,22
66,97,20
66,97,21
66,97,22
66,98,20
66,98,21
66,98,22
66,99,19
66,99,20
66,99,21
66,99,22
66,100,20
66,100,21
66,100,22
66,100,23
66,101,20
66,101,21
66,101,22
66,102,19
66,102,20
66,102,21
66,103,20
66,103,21
67,98,20
67,99,20
67,99,21
67,99,22
67,100,19
67,100,20
67,100,21
67,101,19
67,101,20
67,101,21
67,102,18
67,102,19
67,102,20
67,102,21
67,103,19
67,103,20
67,103,21
67,104,20
67,104,21
68,99,20
68,100,19
68,100,20
68,101,19
68,101,20
68,101,21
68,102,18
68,102,19
68,102,20
68,102,21
68,103,19
68,103,20
68,103,21
68,104,19
68,104,20
68,104,21
68,105,19
68,105,20
69,100,19
69,100,20
69,101,19
69,101,20
69,102,19
69,102,20
69,103,19
69,103,20
69,103,21
69,104,19
69,104,20
69,104,21
69,105,19
69,105,20
69,106,20
70,101,19
70,101,20
70,102,19
70,102,20
70,103,18
70,103,19
70,103,20
70,104,19
70,104,20
70,105,19
70,105,20
70,106,19
70,106,20
70,107,19
71,102,18
71,102,19
71,102,20
71,103,19
71,103,20
71,104,19
71,104,20
71,105,18
71,105,19
71,105,20
71,106,18
71,106,19
71,106,20
71,107,19
71,107,20
71,108,19
71,109,19
71,115,20
71,116,20
71,116,21
72,102,19
72,103,19
72,103,20
72,104,19
72,104,20
72,105,18
72,105,19
72,105,20
72,106,18
72,106,19
72,106,20
72,107,19
72,107,20
72,108,19
72,108,20
72,109,19
72,109,20
72,110,19
72,110,20
72,111,19
72,111,20
72,113,21
72,113,22
72,114,20
72,114,21
72,115,19
72,115,20
72,115,21
72,116,20
72,116,21
72,117,21
73,103,18
73,103,19
73,104,18
73,104,19
73,104,20
73,105,18
73,105,19
73,105,20
73,106,18
73,106,19
73,106,20
73,107,19
73,107,20
73,107,21
73,108,18
73,108,19
73,108,20
73,108,21
73,109,19
73,109,20
73,110,19
73,110,20
73,111,18
73,111,19
73,111,20
73,111,21
73,112,19
73,112,20
73,112,21
73,112,22
73,113,19
73,113,20
73,113,21
73,113,22
73,114,19
73,114,20
73,114,21
73,114,22
73,115,19
73,115,20
73,115,21
73,115,22
73,116,20
73,116,21
73,116,22
73,117,21
73,118,21
74,104,19
74,105,19
74,105,20
74,106,19
74,106,20
74,107,19
74,107,20
74,107,21
74,108,19
74,108,20
74,108,21
74,109,19
74,109,20
74,109,21
74,110,19
74,110,20
74,110,21
74,111,19
74,111,20
74,111,21
74,112,19
74,112,20
74,112,21
74,112,22
74,113,19
74,113,20
74,113,21
74,114,19
74,114,20
74,114,21
74,115,20
74,115,21
74,116,20
74,116,21
74,116,22
74,117,20
74,117,21
74,117,22
74,118,21
74,118,22
74,119,21
75,105,19
75,105,20
75,106,19
75,106,20
75,107,19
75,107,20
75,107,21
75,108,19
75,108,20
75,108,21
75,109,18
75,109,19
75,109,20
75,109,21
75,110,18
75,110,19
75,110,20
75,110,21
75,111,18
75,111,19
75,111,20
75,111,21
75,112,19
75,112,20
75,112,21
75,113,19
75,113,20
75,113,21
75,114,19
75,114,20
75,114,21
75,115,20
75,115,21
75,116,20
75,116,21
75,116,22
75,117,20
75,117,21
75,117,22
75,118,20
75,118,21
75,119,21
76,105,20
76,106,19
76,106,20
76,107,18
76,107,19
76,107,20
76,107,21
76,108,19
76,108,20
76,108,21
76,109,18
76,109,19
76,109,20
76,109,21
76,110,18
76,110,19
76,110,20
76,110,21
76,111,18
76,111,19
76,111,20
76,111,21
76,112,18
76,112,19
76,112,20
76,112,21
76,112,22
76,113,19
76,113,20
76,113,21
76,114,20
76,114,21
76,115,20
76,115,21
76,115,22
76,116,20
76,116,21
76,116,22
76,117,20
76,117,21
76,117,22
76,118,21
76,119,21
77,105,19
77,105,20
77,106,19
77,106,20
77,107,18
77,107,19
77,107,20
77,107,21
77,108,18
77,108,19
77,108,20
77,108,21
77,109,18
77,109,19
77,109,20
77,109,21
77,110,18
77,110,19
77,110,20
77,110,21
77,111,18
77,111,19
77,111,20
77,111,21
77,112,19
77,112,20
77,112,21
77,113,19
77,113,20
77,113,21
77,113,22
77,114,19
77,114,20
77,114,21
77,114,22
77,115,20
77,115,21
77,116,20
77,116,21
77,117,20
77,117,21
77,117,22
77,118,20
77,118,21
77,119,21
77,119,22
78,104,19
78,105,19
78,105,20
78,106,18
78,106,19
78,106,20
78,107,18
78,107,19
78,107,20
78,107,21
78,108,18
78,108,19
78,108,20
78,108,21
78,109,18
78,109,19
78,109,20
78,109,21
78,110,18
78,110,19
78,110,20
78,110,21
78,111,18
78,111,19
78,111,20
78,111,21
78,112,19
78,112,20
78,112,21
78,112,22
78,113,19
78,113,20
78,113,21
78,113,22
78,113,23
78,114,19
78,114,20
78,114,21
78,115,19
78,115,20
78,115,21
78,115,22
78,116,20
78,116,21
78,116,22
78,117,20
78,117,21
78,117,22
78,118,20
78,118,21
78,118,22
78,119,21
78,119,22
78,120,21
79,103,19
79,104,19
79,104,20
79,105,19
79,105,20
79,106,19
79,106,20
79,107,18
79,107,19
79,107,20
79,108,18
79,108,19
79,108,20
79,108,21
79,109,19
79,109,20
79,109,21
79,110,19
79,110,20
79,110,21
79,111,19
79,111,20
79,111,21
79,111,22
79,112,19
79,112,20
79,112,21
79,113,19
79,113,20
79,113,21
79,113,22
79,114,19
79,114,20
79,114,21
79,115,19
79,115,20
79,115,21
79,116,19
79,116,20
79,116,21
79,117,20
79,117,21
79,118,20
79,118,21
79,118,22
79,119,20
79,119,21
79,119,22
79,120,21
80,102,19
80,103,19
80,103,20
80,104,19
80,104,20
80,105,19
80,105,20
80,106,18
80,106,19
80,106,20
80,107,18
80,107,19
80,107,20
80,108,18
80,108,19
80,108,20
80,109,19
80,109,20
80,110,19
80,111,19
80,111,20
80,111,21
80,112,19
80,112,20
80,112,21
80,113,19
80,113,20
80,113,21
80,114,19
80,114,20
80,115,19
80,115,20
80,116,19
80,116,20
80,116,21
80,117,20
80,117,21
80,118,20
80,118,21
80,119,20
80,119,21
81,101,19
81,102,18
81,102,19
81,102,20
81,103,18
81,103,19
81,103,20
81,104,18
81,104,19
81,104,20
81,105,18
81,105,19
81,105,20
81,106,18
81,106,19
81,106,20
81,107,18
81,107,19
81,107,20
81,108,19
81,109,19
81,112,19
81,113,19
81,113,20
81,114,19
81,114,20
81,115,19
81,115,20
81,116,19
81,116,20
81,116,21
81,117,20
82,101,19
82,101,20
82,102,18
82,102,19
82,102,20
82,103,18
82,103,19
82,103,20
82,104,18
82,104,19
82,104,20
82,105,19
82,105,20
82,106,18
82,106,19
82,106,20
82,107,19
82,107,20
83,99,19
83,100,19
83,100,20
83,101,18
83,101,19
83,101,20
83,102,19
83,102,20
83,102,21
83,103,18
83,103,19
83,103,20
83,103,21
83,104,18
83,104,19
83,104,20
83,104,21
83,105,18
83,105,19
83,105,20
83,106,19
83,106,20
84,99,19
84,99,20
84,100,18
84,100,19
84,100,20
84,100,21
84,101,18
84,101,19
84,101,20
84,101,21
84,102,18
84,102,19
84,102,20
84,102,21
84,103,18
84,103,19
84,103,20
84,103,21
84,104,18
84,104,19
84,104,20
84,104,21
84,105,18
84,105,19
84,105,20
85,96,22
85,97,20
85,97,21
85,98,20
85,98,21
85,98,22
85,99,18
85,99,19
85,99,20
85,99,21
85,100,19
85,100,20
85,100,21
85,100,22
85,100,23
85,100,24
85,101,19
85,101,20
85,101,21
85,101,22
85,101,23
85,102,18
85,102,19
85,102,20
85,102,21
85,102,23
85,103,18
85,103,19
85,103,20
85,103,21
86,96,21
86,96,22
86,97,20
86,97,21
86,97,22
86,98,20
86,98,21
86,98,22
86,99,19
86,99,20
86,99,21
86,99,22
86,100,19
86,100,20
86,100,21
86,100,22
86,100,23
86,100,24
86,101,20
86,101,21
86,101,22
86,101,23
86,101,24
86,102,20
86,102,21
86,102,22
86,102,23
86,103,21
87,95,22
87,95,23
87,96,21
87,96,22
87,96,23
87,97,20
87,97,21
87,97,22
87,97,23
87,98,20
87,98,21
87,98,22
87,98,23
87,99,20
87,99,21
87,99,22
87,99,23
87,100,20
87,100,21
87,100,22
87,100,23
87,101,20
87,101,21
87,101,22
87,102,20
87,102,21
88,93,22
88,94,22
88,95,22
88,95,23
88,95,24
88,96,21
88,96,22
88,96,23
88,97,21
88,97,22
88,97,23
88,97,24
88,98,21
88,98,22
88,98,23
88,98,24
88,99,20
88,99,21
88,99,22
88,99,23
88,99,24
88,100,20
88,100,21
88,100,22
88,100,23
88,101,21
88,101,22
88,102,21
89,93,22
89,93,23
89,94,22
89,94,23
89,95,22
89,95,23
89,95,24
89,96,21
89,96,22
89,96,23
89,96,24
89,97,21
89,97,22
89,97,23
89,97,24
89,98,21
89,98,22
89,98,23
89,98,24
89,99,21
89,99,22
89,99,23
89,99,24
89,99,25
89,100,21
89,100,22
90,91,22
90,92,23
90,93,23
90,93,24
90,94,23
90,95,22
90,95,23
90,95,24
90,95,25
90,96,22
90,96,23
90,96,24
90,97,22
90,97,23
90,97,24
90,97,25
90,98,21
90,98,22
90,98,23
90,98,24
90,98,25
90,99,21
90,99,22
90,99,23
90,99,24
90,99,25
91,91,23
91,92,23
91,92,24
91,93,23
91,93,24
91,94,23
91,94,24
91,95,23
91,95,24
91,95,25
91,95,26
91,96,23
91,96,24
91,96,25
91,97,22
91,97,23
91,97,24
91,97,25
91,98,22
91,98,23
91,98,24
91,98,25
91,99,22
91,99,23
91,99,24
92,87,23
92,89,23
92,90,23
92,91,24
92,92,24
92,92,25
92,93,24
92,93,25
92,94,24
92,95,23
92,95,24
92,95,25
92,95,26
92,96,23
92,96,24
92,96,25
92,96,26
92,97,23
92,97,24
92,97,25
92,97,26
92,98,23
92,98,24
92,98,25
93,87,23
93,87,24
93,88,23
93,89,24
93,89,25
93,90,24
93,91,24
93,91,25
93,92,24
93,92,25
93,93,24
93,93,25
93,93,26
93,94,24
93,94,25
93,95,24
93,95,25
93,95,26
93,95,27
93,96,24
93,96,25
93,96,26
93,96,27
93,97,24
93,97,25
93,97,26
93,98,24
93,98,25
94,83,40
94,83,41
94,86,24
94,87,24
94,88,24
94,89,24
94,89,25
94,89,26
94,90,25
94,91,25
94,91,26
94,92,25
94,92,26
94,93,25
94,93,26
94,93,27
94,94,24
94,94,25
94,94,26
94,95,24
94,95,25
94,95,26
94,95,27
94,96,24
94,96,25
94,96,26
94,97,24
94,97,25
95,83,39
95,83,40
95,83,41
95,86,24
95,86,25
95,87,24
95,87,25
95,88,25
95,88,26
95,89,25
95,89,26
95,89,27
95,90,25
95,90,26
95,91,25
95,91,26
95,91,27
95,92,25
95,92,26
95,92,27
95,93,25
95,93,26
95,93,27
95,94,25
95,94,26
95,95,25
95,95,26
95,95,27
95,96,25
95,96,26
95,96,27
96,83,39
96,83,40
96,83,41
96,83,42
96,86,25
96,86,26
96,87,25
96,87,26
96,88,25
96,88,26
96,88,27
96,89,26
96,89,27
96,89,28
96,90,26
96,90,27
96,91,26
96,91,27
96,91,28
96,92,26
96,92,27
96,92,28
96,93,26
96,93,27
96,94,25
96,94,26
96,94,27
96,95,25
96,95,26
96,95,27
96,95,28
96,96,26
96,96,27
96,96,28
97,83,37
97,83,38
97,83,39
97,83,40
97,83,41
97,83,42
97,84,26
97,85,25
97,85,26
97,86,26
97,86,27
97,87,26
97,87,27
97,88,26
97,88,27
97,88,28
97,89,26
97,89,27
97,89,28
97,90,27
97,90,28
97,91,27
97,91,28
97,92,27
97,92,28
97,92,29
97,93,26
97,93,27
97,93,28
97,94,26
97,94,27
97,94,28
97,95,25
97,95,26
97,95,27
97,95,28
97,95,29
97,96,26
97,96,27
97,96,28
98,83,26
98,83,27
98,83,36
98,83,37
98,83,38
98,83,39
98,83,40
98,83,41
98,83,42
98,84,26
98,84,27
98,84,28
98,85,26
98,85,27
98,86,26
98,86,27
98,86,28
98,87,26
98,87,27
98,87,28
98,87,29
98,88,27
98,88,28
98,88,29
98,89,27
98,89,28
98,89,29
98,90,27
98,90,28
98,90,29
98,91,27
98,91,28
98,91,29
98,92,27
98,92,28
98,92,29
98,93,27
98,93,28
98,93,29
98,94,26
98,94,27
98,94,28
98,94,29
98,95,26
98,95,27
98,95,28
98,95,29
98,96,27
99,83,27
99,83,28
99,83,29
99,83,34
99,83,35
99,83,36
99,83,37
99,83,38
99,83,39
99,83,40
99,83,41
99,84,27
99,84,28
99,84,29
99,84,30
99,85,27
99,85,28
99,85,29
99,86,27
99,86,28
99,86,29
99,87,27
99,87,28
99,87,29
99,87,30
99,88,28
99,88,29
99,88,30
99,89,28
99,89,29
99,90,28
99,90,29
99,90,30
99,91,28
99,91,29
99,91,30
99,92,27
99,92,28
99,92,29
99,92,30
99,92,31
99,92,32
99,93,26
99,93,27
99,93,28
99,93,29
99,93,30
99,94,26
99,94,27
99,94,28
99,94,29
99,95,27
99,95,28
100,83,28
100,83,29
100,83,30
100,83,31
100,83,33
100,83,34
100,83,35
100,83,36
100,83,37
100,83,38
100,83,39
100,83,40
100,84,28
100,84,29
100,84,30
100,84,31
100,85,28
100,85,29
100,85,30
100,85,31
100,86,28
100,86,29
100,87,28
100,87,29
100,87,30
100,87,31
100,88,28
100,88,29
100,88,30
100,88,31
100,89,28
100,89,29
100,89,30
100,90,29
100,90,30
100,90,31
100,91,28
100,91,29
100,91,30
100,91,31
100,92,27
100,92,28
100,92,29
100,92,30
100,92,31
100,92,32
100,92,33
100,93,27
100,93,28
100,93,29
100,93,30
100,94,27
100,94,28
101,83,29
101,83,30
101,83,31
101,83,32
101,83,33
101,83,34
101,83,35
101,83,36
101,83,37
101,83,38
101,84,29
101,84,30
101,84,31
101,84,32
101,84,33
101,85,29
101,85,30
101,85,31
101,85,32
101,86,29
101,86,30
101,87,30
101,87,31
101,87,32
101,88,29
101,88,30
101,88,31
101,88,32
101,89,29
101,89,30
101,89,31
101,90,29
101,90,30
101,90,31
101,91,28
101,91,29
101,91,30
101,91,31
101,92,27
101,92,28
101,92,29
101,92,30
101,92,31
101,92,32
101,92,33
101,93,27
101,93,28
102,83,30
102,83,31
102,83,32
102,83,33
102,83,34
102,83,35
102,83,36
102,83,37
102,84,30
102,84,31
102,84,32
102,84,33
102,84,34
102,85,30
102,85,31
102,85,32
102,85,33
102,86,30
102,86,31
102,86,32
102,87,31
102,87,32
102,87,33
102,88,29
102,88,30
102,88,31
102,88,32
102,89,30
102,89,31
102,90,29
102,90,30
102,90,31
102,91,29
102,91,30
103,83,31
103,83,32
103,83,33
103,83,34
103,83,35
103,84,31
103,84,32
103,84,33
103,84,34
103,85,31
103,85,32
103,85,33
103,85,34
103,86,30
103,86,31
103,86,32
103,86,33
103,87,31
103,87,32
103,88,31
103,88,32
103,89,30
103,90,30
104,83,32
104,83,33
104,83,34
104,83,35
104,84,32
104,84,33
104,85,31
104,85,32
104,85,33
104,85,34
104,86,31
104,86,32
104,86,33
104,86,34
104,88,31
105,83,33
105,83,34
105,85,32
105,85,33
105,86,31
105,86,32
105,86,33
105,86,34
106,86,32
106,86,33
