"x","y","z"
38,105,52
41,85,20
42,85,19
43,116,55
49,76,36
49,76,37
49,76,38
50,76,35
50,76,36
50,76,37
50,76,38
50,76,39
50,82,30
51,61,27
51,76,38
51,76,39
51,76,40
51,82,29
51,82,30
51,82,31
51,82,32
51,82,33
51,82,34
51,82,35
51,82,36
51,82,37
51,84,34
51,84,35
51,84,36
51,84,37
51,90,32
52,50,33
52,76,37
52,76,38
52,76,39
52,76,40
52,76,41
52,76,42
52,82,28
52,82,29
52,82,31
52,82,32
52,82,33
52,82,34
52,82,35
52,82,36
52,82,37
52,82,38
52,83,30
52,83,31
52,83,32
52,83,33
52,83,34
52,84,34
52,84,35
52,84,36
52,84,37
53,47,50
53,61,29
53,75,40
53,76,37
53,76,38
53,76,39
53,76,40
53,76,41
53,76,42
53,76,43
53,76,44
53,82,30
53,82,31
53,82,32
53,82,33
53,82,34
53,82,35
53,82,36
53,82,37
53,82,38
53,82,39
53,83,29
53,83,30
53,83,31
53,83,32
53,83,33
53,83,34
53,84,34
53,84,35
53,84,36
53,84,37
54,75,35
54,75,40
54,75,41
54,75,42
54,76,34
54,76,35
54,76,36
54,76,38
54,76,39
54,76,40
54,76,41
54,76,42
54,76,43
54,76,44
54,76,46
54,82,30
54,82,31
54,82,32
54,82,33
54,82,36
54,82,37
54,82,38
54,82,39
54,82,40
54,83,30
54,83,31
54,83,32
54,83,33
54,84,33
54,84,37
54,84,38
54,85,35
54,85,37
55,75,35
55,75,36
55,76,35
55,76,36
55,76,37
55,76,39
55,76,40
55,76,41
55,82,30
55,82,31
55,82,37
55,82,38
55,82,39
55,82,40
55,82,41
55,83,30
55,83,31
55,84,32
55,84,38
55,84,39
55,88,38
55,88,39
55,89,37
55,89,38
55,89,39
55,90,39
55,96,42
55,97,26
56,75,36
56,76,36
56,76,37
56,80,47
56,82,30
56,82,31
56,82,38
56,82,39
56,82,40
56,82,41
56,83,30
56,83,31
56,84,31
56,84,39
56,84,40
56,84,41
56,96,42
56,97,25
56,97,26
56,106,28
56,106,29
57,64,23
57,82,30
57,82,39
57,82,40
57,83,30
57,84,40
57,95,27
57,97,25
57,97,26
57,98,25
57,99,25
57,105,31
57,105,32
57,106,28
57,106,29
57,106,30
57,106,31
57,107,27
57,107,28
57,107,29
57,107,30
57,108,27
57,108,28
57,108,29
58,63,21
58,64,22
58,64,23
58,76,22
58,77,29
58,82,29
58,82,30
58,82,40
58,83,29
58,83,30
58,84,30
58,86,30
58,87,30
58,91,42
58,91,43
58,92,41
58,92,42
58,92,43
58,92,44
58,97,25
58,97,26
58,98,26
58,99,25
58,105,31
58,106,30
58,106,31
58,106,32
58,106,33
58,107,27
58,107,28
58,107,29
58,107,30
58,107,31
58,107,32
58,108,27
58,108,28
58,108,29
58,108,30
58,109,27
58,109,28
58,109,29
58,110,27
58,128,26
59,76,21
59,82,29
59,82,30
59,83,28
59,83,29
59,83,30
59,84,29
59,84,30
59,85,30
59,86,29
59,86,30
59,87,29
59,87,30
59,89,43
59,90,43
59,91,42
59,91,43
59,91,44
59,92,41
59,92,42
59,92,43
59,92,44
59,92,45
59,92,46
59,96,27
59,97,26
59,97,27
59,98,27
59,99,25
59,99,26
59,99,27
59,100,26
59,106,27
59,106,31
59,106,32
59,107,27
59,107,28
59,107,29
59,107,30
59,107,31
59,107,32
59,107,33
59,108,27
59,108,28
59,108,29
59,108,30
59,108,31
59,109,26
59,109,27
59,109,28
59,109,29
59,110,26
59,110,27
59,111,26
60,69,22
60,69,23
60,82,28
60,82,29
60,82,30
60,83,28
60,83,29
60,83,30
60,84,28
60,84,29
60,84,30
60,85,29
60,85,30
60,86,28
60,86,29
60,86,30
60,87,29
60,87,30
60,89,44
60,89,45
60,91,43
60,91,44
60,91,45
60,91,46
60,91,47
60,92,42
60,92,43
60,92,44
60,92,45
60,92,46
60,92,47
60,96,27
60,97,26
60,97,27
60,98,27
60,99,23
60,99,24
60,99,25
60,99,26
60,99,27
60,100,25
60,100,26
60,100,27
60,105,27
60,106,27
60,106,28
60,107,27
60,107,28
60,107,31
60,108,26
60,108,27
60,108,28
60,108,29
60,109,26
60,109,27
60,109,28
60,110,25
60,110,26
60,110,27
60,110,28
60,110,29
60,111,26
61,72,20
61,82,27
61,82,28
61,82,29
61,82,30
61,83,28
61,83,29
61,83,30
61,84,28
61,84,29
61,84,30
61,85,29
61,85,30
61,86,28
61,86,29
61,86,30
61,87,28
61,87,29
61,87,30
61,89,44
61,89,45
61,89,46
61,90,44
61,91,44
61,91,45
61,91,46
61,91,47
61,91,48
61,92,43
61,92,44
61,92,45
61,92,46
61,92,47
61,97,26
61,98,26
61,99,24
61,99,25
61,99,26
61,99,27
61,100,25
61,100,26
61,100,27
61,106,27
61,106,28
61,107,27
61,107,28
61,107,29
61,108,26
61,108,27
61,108,28
61,108,29
61,109,26
61,109,27
61,109,28
61,110,25
61,110,26
61,110,27
61,110,28
61,110,29
61,111,26
62,69,20
62,82,26
62,82,27
62,83,27
62,84,27
62,84,28
62,84,29
62,84,30
62,85,28
62,85,29
62,85,30
62,86,27
62,86,28
62,86,29
62,86,30
62,87,27
62,87,28
62,87,29
62,87,30
62,90,44
62,90,45
62,90,46
62,91,44
62,91,45
62,91,46
62,91,47
62,91,48
62,92,44
62,92,45
62,92,46
62,92,47
62,92,48
62,97,25
62,98,25
62,99,25
62,99,26
62,100,26
62,100,27
62,106,26
62,106,27
62,106,28
62,107,26
62,107,27
62,107,28
62,108,26
62,108,27
62,108,28
62,109,26
62,109,27
62,110,25
62,110,26
62,110,27
62,110,28
62,111,25
62,111,26
63,69,19
63,84,26
63,85,27
63,85,28
63,85,29
63,85,30
63,86,26
63,86,27
63,86,28
63,86,29
63,86,30
63,87,27
63,87,28
63,87,29
63,87,30
63,88,52
63,92,44
63,96,25
63,96,50
63,97,25
63,98,25
63,99,25
63,99,26
63,100,26
63,106,27
63,107,27
63,108,26
63,108,27
63,108,28
63,109,26
63,109,27
63,110,25
63,110,26
63,110,27
63,110,28
63,111,25
63,111,26
63,111,27
63,111,28
63,112,25
63,112,28
64,63,35
64,69,19
64,72,49
64,82,26
64,83,26
64,84,26
64,85,27
64,85,29
64,85,30
64,86,26
64,86,27
64,86,28
64,86,29
64,86,30
64,87,26
64,87,27
64,87,28
64,87,29
64,87,30
64,88,52
64,91,28
64,92,28
64,96,24
64,97,24
64,97,25
64,98,24
64,98,25
64,99,25
64,99,26
64,100,26
64,101,37
64,101,38
64,103,37
64,106,27
64,107,27
64,108,27
64,108,28
64,109,26
64,109,27
64,110,25
64,110,26
64,110,27
64,110,28
64,111,24
64,111,25
64,111,26
64,111,27
64,111,28
64,112,24
64,112,25
64,112,26
64,112,27
64,112,28
64,112,29
64,113,24
64,113,27
65,63,35
65,67,19
65,68,24
65,72,22
65,82,26
65,84,25
65,84,26
65,85,26
65,85,29
65,85,30
65,86,25
65,86,26
65,86,27
65,86,29
65,86,30
65,87,25
65,87,26
65,87,27
65,87,28
65,87,29
65,87,30
65,88,26
65,88,52
65,89,27
65,90,26
65,90,27
65,90,49
65,91,27
65,91,28
65,92,28
65,96,23
65,97,24
65,98,23
65,98,24
65,98,25
65,99,24
65,99,25
65,99,26
65,101,36
65,101,37
65,101,38
65,101,39
65,102,37
65,102,38
65,103,36
65,103,37
65,108,28
65,109,26
65,109,27
65,110,25
65,110,26
65,110,27
65,110,28
65,111,24
65,111,25
65,111,26
65,111,27
65,111,28
65,112,24
65,112,25
65,112,26
65,112,27
65,113,24
65,113,25
65,113,26
65,131,25
65,131,26
66,67,18
66,83,25
66,84,25
66,84,26
66,85,26
66,85,29
66,85,30
66,86,25
66,86,26
66,86,27
66,86,29
66,86,30
66,87,24
66,87,25
66,87,26
66,87,27
66,87,28
66,87,29
66,87,30
66,88,25
66,88,26
66,88,27
66,89,26
66,89,27
66,90,25
66,90,26
66,90,27
66,91,26
66,91,27
66,91,28
66,92,27
66,92,28
66,93,28
66,96,23
66,97,23
66,97,24
66,98,23
66,98,24
66,98,25
66,99,23
66,99,24
66,101,35
66,101,36
66,101,37
66,101,38
66,101,39
66,102,36
66,102,37
66,102,38
66,103,37
66,104,36
66,105,35
66,110,25
66,110,26
66,110,27
66,110,28
66,111,24
66,111,25
66,111,26
66,111,27
66,112,24
66,112,25
66,112,26
66,113,24
66,113,25
66,113,26
66,114,24
66,131,25
66,131,26
67,82,22
67,82,26
67,83,24
67,83,25
67,83,26
67,84,24
67,84,25
67,84,26
67,85,25
67,85,26
67,85,29
67,85,30
67,86,24
67,86,25
67,86,26
67,86,27
67,86,29
67,86,30
67,87,24
67,87,25
67,87,26
67,87,27
67,87,28
67,87,29
67,87,30
67,88,25
67,88,26
67,88,27
67,88,49
67,89,25
67,89,26
67,89,27
67,90,24
67,90,25
67,90,26
67,90,27
67,91,25
67,91,26
67,91,27
67,91,28
67,91,54
67,92,26
67,92,27
67,92,28
67,93,27
67,93,28
67,94,50
67,96,22
67,96,23
67,97,22
67,97,23
67,97,24
67,98,22
67,98,23
67,99,23
67,99,46
67,101,34
67,101,35
67,101,36
67,101,37
67,101,38
67,101,39
67,102,36
67,102,37
67,102,38
67,103,37
67,110,27
67,111,24
67,111,25
67,111,26
67,111,27
67,112,24
67,112,25
67,112,26
67,113,24
67,113,25
67,113,26
67,114,24
67,114,25
68,82,22
68,82,26
68,83,22
68,83,23
68,83,24
68,83,25
68,83,26
68,84,23
68,84,24
68,84,25
68,84,26
68,85,24
68,85,25
68,85,26
68,85,29
68,85,30
68,86,23
68,86,24
68,86,25
68,86,26
68,86,27
68,86,28
68,86,29
68,86,30
68,87,22
68,87,23
68,87,24
68,87,25
68,87,26
68,87,27
68,87,28
68,87,29
68,87,30
68,88,24
68,88,25
68,88,26
68,88,27
68,88,28
68,89,24
68,89,25
68,89,26
68,89,27
68,89,28
68,90,24
68,90,25
68,90,26
68,90,27
68,91,25
68,91,26
68,91,27
68,91,28
68,92,26
68,92,27
68,92,28
68,93,28
68,101,37
68,101,38
68,101,39
68,101,40
68,102,36
68,102,37
68,102,38
68,103,37
68,104,36
68,111,25
68,111,27
68,112,24
68,112,25
68,113,24
68,113,25
68,113,26
68,114,24
68,114,25
69,82,26
69,83,22
69,83,23
69,83,24
69,83,25
69,83,26
69,84,22
69,84,23
69,84,24
69,84,25
69,84,26
69,85,23
69,85,24
69,85,25
69,85,26
69,85,27
69,86,22
69,86,23
69,86,24
69,86,25
69,86,26
69,86,27
69,86,28
69,86,30
69,87,21
69,87,22
69,87,23
69,87,24
69,87,25
69,87,26
69,87,27
69,87,28
69,87,29
69,87,30
69,88,22
69,88,23
69,88,24
69,88,25
69,88,26
69,88,27
69,88,28
69,88,29
69,89,23
69,89,24
69,89,26
69,89,27
69,89,28
69,90,24
69,90,26
69,90,27
69,91,24
69,92,24
69,101,39
69,101,40
69,101,41
69,102,34
69,102,35
69,102,36
69,102,37
69,102,38
69,102,48
69,103,36
69,103,37
69,104,36
70,82,22
70,82,26
70,83,22
70,83,23
70,83,24
70,83,25
70,83,26
70,84,21
70,84,22
70,84,23
70,84,24
70,84,25
70,84,26
70,84,27
70,85,22
70,85,23
70,85,24
70,85,25
70,85,26
70,85,27
70,86,21
70,86,22
70,86,23
70,86,24
70,86,25
70,86,26
70,86,27
70,86,28
70,87,21
70,87,22
70,87,23
70,87,26
70,87,27
70,87,28
70,88,22
70,88,23
70,88,26
70,88,27
70,88,28
70,89,23
70,89,27
70,89,28
70,101,40
70,101,41
70,102,33
70,102,34
70,102,35
70,102,36
70,102,37
70,102,38
70,102,39
71,75,50
71,82,22
71,83,22
71,83,23
71,83,24
71,83,25
71,84,22
71,84,23
71,84,24
71,84,25
71,85,24
71,85,25
71,86,25
71,87,22
71,87,27
71,87,49
71,88,23
71,88,27
71,88,28
71,89,27
71,89,28
71,89,29
71,101,40
71,101,41
71,102,34
71,102,35
71,102,36
71,102,37
71,102,38
71,102,39
71,102,48
71,103,35
71,105,31
72,82,23
72,83,23
72,83,24
72,83,25
72,84,24
72,84,25
72,87,48
72,88,27
72,89,28
72,89,29
72,101,41
72,102,35
72,102,36
72,102,37
72,102,38
72,102,39
72,102,47
72,105,31
72,105,32
73,83,24
73,83,25
73,86,47
73,86,48
73,87,46
73,87,47
73,87,48
73,89,29
73,101,41
73,103,32
73,103,33
73,105,31
73,105,32
73,105,33
73,105,34
73,115,38
73,115,39
74,71,50
74,87,46
74,87,48
74,101,41
74,102,47
74,103,32
74,103,33
74,103,34
74,105,31
74,105,32
74,105,33
74,105,34
74,115,38
74,115,39
74,115,40
74,115,41
74,116,38
74,116,39
75,101,41
75,103,31
75,103,32
75,103,33
75,103,34
75,103,35
75,103,36
75,105,31
75,105,32
75,105,33
75,105,34
76,29,49
76,29,50
76,65,54
76,66,53
76,66,54
76,101,41
76,102,31
76,102,32
76,102,33
76,103,31
76,103,32
76,103,33
76,103,34
76,103,35
76,105,31
76,105,32
76,105,33
76,105,34
77,87,47
77,103,32
77,103,33
77,103,34
77,105,31
77,105,32
77,105,33
77,105,34
78,67,22
78,83,24
78,96,51
78,101,41
78,103,32
78,103,33
78,103,34
78,105,31
78,105,32
78,105,33
78,115,38
78,115,39
79,82,23
79,83,24
79,83,25
79,84,24
79,89,28
79,89,29
79,103,32
79,105,30
79,105,31
79,105,32
79,105,33
80,23,31
80,82,22
80,82,23
80,83,22
80,83,23
80,83,24
80,83,25
80,84,23
80,84,24
80,84,25
80,85,24
80,85,25
80,87,27
80,88,27
80,88,28
80,89,27
80,89,28
80,89,29
80,105,31
80,105,32
81,82,22
81,82,23
81,83,22
81,83,23
81,83,24
81,83,25
81,83,26
81,84,21
81,84,22
81,84,23
81,84,24
81,84,25
81,84,26
81,84,27
81,85,21
81,85,22
81,85,23
81,85,24
81,85,25
81,85,26
81,85,27
81,86,21
81,86,22
81,86,25
81,86,26
81,86,27
81,87,21
81,87,22
81,87,23
81,87,26
81,87,27
81,87,28
81,88,21
81,88,22
81,88,23
81,88,27
81,88,28
81,89,22
81,89,23
81,89,27
81,89,28
81,89,29
81,90,22
81,90,23
81,91,22
81,92,22
81,100,48
81,102,34
81,102,35
81,105,31
81,121,45
82,34,16
82,82,21
82,82,22
82,82,23
82,83,22
82,83,23
82,83,24
82,83,25
82,83,26
82,84,21
82,84,22
82,84,23
82,84,24
82,84,25
82,84,26
82,84,27
82,84,28
82,85,21
82,85,22
82,85,23
82,85,24
82,85,25
82,85,26
82,85,27
82,85,28
82,86,21
82,86,22
82,86,23
82,86,24
82,86,25
82,86,26
82,86,27
82,86,28
82,86,30
82,87,21
82,87,22
82,87,23
82,87,24
82,87,25
82,87,26
82,87,27
82,87,28
82,87,29
82,87,30
82,88,21
82,88,22
82,88,23
82,88,24
82,88,26
82,88,27
82,88,28
82,88,29
82,89,21
82,89,22
82,89,23
82,89,24
82,89,26
82,89,27
82,89,28
82,89,29
82,90,21
82,90,22
82,90,23
82,90,27
82,91,21
82,91,57
82,93,22
82,102,32
82,102,33
82,102,34
82,102,35
82,102,36
82,102,37
82,102,38
82,102,39
82,102,41
82,102,42
82,144,34
83,82,21
83,82,22
83,83,22
83,83,23
83,83,24
83,83,25
83,83,26
83,84,22
83,84,23
83,84,24
83,84,25
83,84,26
83,84,53
83,85,21
83,85,22
83,85,23
83,85,24
83,85,25
83,85,26
83,85,27
83,85,30
83,86,21
83,86,22
83,86,23
83,86,24
83,86,25
83,86,26
83,86,27
83,86,28
83,86,29
83,86,30
83,86,51
83,86,52
83,86,53
83,87,23
83,87,24
83,87,25
83,87,26
83,87,27
83,87,28
83,87,29
83,87,30
83,88,22
83,88,23
83,88,24
83,88,25
83,88,26
83,88,27
83,88,28
83,89,22
83,89,23
83,89,24
83,89,25
83,89,26
83,89,27
83,89,28
83,90,24
83,90,25
83,90,26
83,90,27
83,91,22
83,91,24
83,91,26
83,91,27
83,91,28
83,92,21
83,92,22
83,92,24
83,92,28
83,93,22
83,93,23
83,93,24
83,100,49
83,101,41
83,102,32
83,102,33
83,102,34
83,102,35
83,102,36
83,102,37
83,102,38
83,103,37
83,104,36
84,67,31
84,83,22
84,83,23
84,83,24
84,83,25
84,83,26
84,84,21
84,84,22
84,84,23
84,84,24
84,84,25
84,84,26
84,85,23
84,85,24
84,85,25
84,85,26
84,85,29
84,85,30
84,86,23
84,86,24
84,86,25
84,86,26
84,86,27
84,86,28
84,86,29
84,86,30
84,86,51
84,87,24
84,87,25
84,87,26
84,87,27
84,87,28
84,87,29
84,87,30
84,88,23
84,88,24
84,88,25
84,88,26
84,88,27
84,88,28
84,89,24
84,89,25
84,89,26
84,89,27
84,89,28
84,90,25
84,90,26
84,90,27
84,91,24
84,91,25
84,91,26
84,91,27
84,91,28
84,92,24
84,92,25
84,92,26
84,92,27
84,92,28
84,93,24
84,93,25
84,93,26
84,93,28
84,94,25
84,98,22
84,101,40
84,102,33
84,102,37
84,102,38
84,111,27
85,79,20
85,83,23
85,83,24
85,83,25
85,84,25
85,84,26
85,85,25
85,85,26
85,85,29
85,85,30
85,86,24
85,86,25
85,86,26
85,86,27
85,86,28
85,86,29
85,86,30
85,87,25
85,87,26
85,87,27
85,87,28
85,87,29
85,87,30
85,88,24
85,88,25
85,88,26
85,88,27
85,89,25
85,89,26
85,89,27
85,89,28
85,90,26
85,90,27
85,91,25
85,91,26
85,91,27
85,91,28
85,92,27
85,92,28
85,93,25
85,93,26
85,93,27
85,93,28
85,94,26
85,98,23
85,98,24
85,99,22
85,99,23
85,99,24
85,101,38
85,101,39
85,102,37
85,102,38
85,110,27
85,111,24
85,111,25
85,111,26
85,111,27
85,112,24
85,112,25
85,112,26
85,130,30
86,53,20
86,83,25
86,84,26
86,85,26
86,85,29
86,85,30
86,86,25
86,86,26
86,86,27
86,86,28
86,86,29
86,86,30
86,87,25
86,87,26
86,87,27
86,87,28
86,87,29
86,87,30
86,88,24
86,88,25
86,88,26
86,88,27
86,88,53
86,89,25
86,89,26
86,89,27
86,89,28
86,90,26
86,90,27
86,91,27
86,91,28
86,92,28
86,93,27
86,93,28
86,94,27
86,98,23
86,98,24
86,98,25
86,99,23
86,99,24
86,101,36
86,101,37
86,101,38
86,101,39
86,102,37
86,109,28
86,109,29
86,110,25
86,110,26
86,110,27
86,110,28
86,111,24
86,111,25
86,111,26
86,111,27
86,111,28
86,112,24
86,112,25
86,112,26
86,128,25
86,129,25
86,130,25
86,130,26
87,53,20
87,83,26
87,85,27
87,85,29
87,85,30
87,86,26
87,86,27
87,86,28
87,86,29
87,86,30
87,87,26
87,87,27
87,87,28
87,87,29
87,87,30
87,87,53
87,88,25
87,88,26
87,88,53
87,89,26
87,89,27
87,89,28
87,90,27
87,90,49
87,91,28
87,93,28
87,97,24
87,98,24
87,98,25
87,98,26
87,99,24
87,99,26
87,101,36
87,101,37
87,101,38
87,102,37
87,107,28
87,108,27
87,108,28
87,109,26
87,109,27
87,109,28
87,110,25
87,110,26
87,110,27
87,110,28
87,110,29
87,111,24
87,111,25
87,111,26
87,111,27
87,111,28
87,112,24
87,112,25
87,112,26
87,112,27
87,128,25
87,129,25
87,130,25
87,130,26
88,82,26
88,84,30
88,85,27
88,85,28
88,85,29
88,85,30
88,86,26
88,86,27
88,86,28
88,86,29
88,86,30
88,86,53
88,87,27
88,87,28
88,87,29
88,87,30
88,87,53
88,88,26
88,89,27
88,96,24
88,97,25
88,97,26
88,98,25
88,98,26
88,99,25
88,99,26
88,99,27
88,100,26
88,101,37
88,101,38
88,102,37
88,105,27
88,106,27
88,107,27
88,107,28
88,108,26
88,108,27
88,108,28
88,109,26
88,109,27
88,109,28
88,110,25
88,110,26
88,110,27
88,110,28
88,111,24
88,111,25
88,111,26
88,111,27
88,112,25
88,112,27
88,112,28
88,128,25
88,129,25
88,130,26
88,130,27
89,80,26
89,82,26
89,82,27
89,83,27
89,83,29
89,83,30
89,84,28
89,84,29
89,84,30
89,85,27
89,85,28
89,85,29
89,85,30
89,86,27
89,86,28
89,86,29
89,86,30
89,87,27
89,87,28
89,87,29
89,87,30
89,91,46
89,92,44
89,92,45
89,92,46
89,92,47
89,97,26
89,97,27
89,98,26
89,99,26
89,99,27
89,100,26
89,101,38
89,106,27
89,106,28
89,107,27
89,107,28
89,107,29
89,108,26
89,108,27
89,108,28
89,109,26
89,109,27
89,109,28
89,110,25
89,110,26
89,110,27
89,110,28
89,111,25
89,117,29
90,80,27
90,82,27
90,82,28
90,82,29
90,82,30
90,83,28
90,83,29
90,83,30
90,84,29
90,84,30
90,85,28
90,85,29
90,85,30
90,86,28
90,86,29
90,86,30
90,87,28
90,87,29
90,87,30
90,89,45
90,89,46
90,89,47
90,89,48
90,90,45
90,90,46
90,90,47
90,91,44
90,91,45
90,91,46
90,91,47
90,92,44
90,92,45
90,92,46
90,92,47
90,99,27
90,100,26
90,106,27
90,107,26
90,107,27
90,108,26
90,108,27
90,109,26
90,109,27
90,109,28
90,117,30
91,68,22
91,72,21
91,72,27
91,80,28
91,82,28
91,82,29
91,82,30
91,83,29
91,83,30
91,84,29
91,84,30
91,85,28
91,85,29
91,85,30
91,86,29
91,86,30
91,87,30
91,88,45
91,88,46
91,88,47
91,89,45
91,89,46
91,89,47
91,90,44
91,90,45
91,90,46
91,91,44
91,91,45
91,91,46
91,91,47
91,92,43
91,92,44
91,92,45
91,92,46
91,92,47
91,100,27
91,123,29
92,72,22
92,77,21
92,80,28
92,80,29
92,82,28
92,82,29
92,82,30
92,83,29
92,83,30
92,83,48
92,84,30
92,85,29
92,85,30
92,86,30
92,88,45
92,88,46
92,89,44
92,89,45
92,89,46
92,90,44
92,90,45
92,90,46
92,91,43
92,91,44
92,91,45
92,91,46
92,92,42
92,92,43
92,92,44
92,92,45
92,92,46
93,72,24
93,80,29
93,82,29
93,82,30
93,83,30
93,83,47
93,84,30
93,85,30
93,88,44
93,88,45
93,88,46
93,89,43
93,89,44
93,89,45
93,90,43
93,90,44
93,90,45
93,91,42
93,91,43
93,91,44
93,91,45
93,92,41
93,92,42
93,92,43
93,92,44
93,92,45
93,92,46
94,80,30
94,82,29
94,82,30
94,82,39
94,82,40
94,83,30
94,83,45
94,83,46
94,84,30
94,84,40
94,88,44
94,88,45
94,89,45
94,91,45
94,98,31
95,75,36
95,76,36
95,76,37
95,80,30
95,82,30
95,82,31
95,82,39
95,82,40
95,83,30
95,83,31
95,83,44
95,83,45
95,84,31
95,84,40
95,84,41
95,85,31
95,97,40
96,74,36
96,75,36
96,75,37
96,76,35
96,76,36
96,76,37
96,80,30
96,80,31
96,82,30
96,82,31
96,82,38
96,82,39
96,82,40
96,82,41
96,83,31
96,83,38
96,83,44
96,84,31
96,84,39
96,84,40
96,84,41
96,85,32
96,99,33
97,75,35
97,75,36
97,76,34
97,76,35
97,76,36
97,76,39
97,76,40
97,82,30
97,82,31
97,82,32
97,82,37
97,82,38
97,82,39
97,82,40
97,82,41
97,82,42
97,83,31
97,83,32
97,83,43
97,83,44
97,84,32
97,84,33
97,84,38
97,84,39
97,84,40
97,84,41
97,84,44
97,85,33
97,85,34
97,86,35
97,88,35
98,75,39
98,75,40
98,75,41
98,76,34
98,76,35
98,76,37
98,76,38
98,76,39
98,76,40
98,76,41
98,76,42
98,82,30
98,82,31
98,82,32
98,82,33
98,82,34
98,82,35
98,82,36
98,82,37
98,82,38
98,82,39
98,82,40
98,82,41
98,83,31
98,83,32
98,83,33
98,83,34
98,83,35
98,84,32
98,84,33
98,84,34
98,84,35
98,84,36
98,85,34
98,111,17
99,75,39
99,75,40
99,75,41
99,76,37
99,76,38
99,76,39
99,76,40
99,76,41
99,76,42
99,82,27
99,82,28
99,82,31
99,82,32
99,82,33
99,82,34
99,82,35
99,82,36
99,82,37
99,82,38
99,83,30
99,83,31
99,83,32
99,83,33
99,84,31
99,84,32
99,84,33
99,84,34
100,76,37
100,76,38
100,76,39
100,76,40
100,76,41
100,76,42
100,82,31
100,82,32
100,82,33
100,82,34
100,82,35
100,82,36
100,83,32
100,84,32
100,84,33
100,110,25
101,76,39
101,76,40
101,76,41
101,82,33
101,82,34
102,47,32
102,47,33
102,76,35
102,76,36
102,76,37
102,76,38
102,76,39
102,76,40
102,76,41
103,76,37
103,76,38
103,76,39
103,76,40
