"x","y","z"
62,118,26
62,118,27
62,119,27
62,120,26
62,120,27
62,121,26
62,121,27
62,122,26
62,122,27
62,122,28
62,123,26
62,123,27
62,123,28
63,114,27
63,114,28
63,114,29
63,115,27
63,115,28
63,115,29
63,116,26
63,116,27
63,116,28
63,116,29
63,117,26
63,117,27
63,117,28
63,117,29
63,118,26
63,118,27
63,118,28
63,118,29
63,118,30
63,119,26
63,119,27
63,119,28
63,119,29
63,119,30
63,120,25
63,120,26
63,120,27
63,120,28
63,120,29
63,121,25
63,121,26
63,121,27
63,121,28
63,122,25
63,122,26
63,122,27
63,122,28
63,122,29
63,123,25
63,123,26
63,123,27
63,123,28
63,123,29
63,124,26
63,124,27
63,124,28
63,125,26
63,125,27
63,126,27
63,126,28
63,127,26
63,127,27
63,128,26
63,128,27
63,130,27
63,130,28
64,113,28
64,113,29
64,113,30
64,114,27
64,114,28
64,114,29
64,114,30
64,115,26
64,115,27
64,115,28
64,115,29
64,115,30
64,116,26
64,116,27
64,116,28
64,116,29
64,116,30
64,117,26
64,117,27
64,117,28
64,117,29
64,117,30
64,118,26
64,118,27
64,118,28
64,118,29
64,118,30
64,119,26
64,119,27
64,119,28
64,119,29
64,119,30
64,120,26
64,120,27
64,120,28
64,120,29
64,121,25
64,121,26
64,121,27
64,121,28
64,121,29
64,121,30
64,122,25
64,122,26
64,122,27
64,122,28
64,122,29
64,123,25
64,123,26
64,123,27
64,123,28
64,123,29
64,124,25
64,124,26
64,124,27
64,124,28
64,124,29
64,125,25
64,125,26
64,125,27
64,125,28
64,126,26
64,126,27
64,126,28
64,126,29
64,127,25
64,127,26
64,127,27
64,127,28
64,128,25
64,128,26
64,128,27
64,128,28
64,129,27
64,129,28
64,130,26
64,130,27
64,130,28
64,130,29
65,111,29
65,111,30
65,112,28
65,112,29
65,112,30
65,113,27
65,113,28
65,113,29
65,113,30
65,114,27
65,114,28
65,114,29
65,114,30
65,115,26
65,115,27
65,115,28
65,115,29
65,115,30
65,116,26
65,116,27
65,116,28
65,116,29
65,116,30
65,117,26
65,117,27
65,117,28
65,117,29
65,118,26
65,118,27
65,118,28
65,118,29
65,119,26
65,119,27
65,119,28
65,119,29
65,120,26
65,120,27
65,120,28
65,120,29
65,121,26
65,121,27
65,121,28
65,121,29
65,122,26
65,122,27
65,122,28
65,123,25
65,123,26
65,123,27
65,123,28
65,124,25
65,124,26
65,124,27
65,124,28
65,125,25
65,125,26
65,125,27
65,125,28
65,126,26
65,126,27
65,126,28
65,126,29
65,127,25
65,127,26
65,127,27
65,127,28
65,128,25
65,128,26
65,128,27
65,128,28
65,129,26
65,129,27
65,129,28
65,129,29
65,130,26
65,130,27
65,130,28
65,130,29
66,109,29
66,109,30
66,109,31
66,110,29
66,110,30
66,111,28
66,111,29
66,111,30
66,112,27
66,112,28
66,112,29
66,112,30
66,113,27
66,113,28
66,113,29
66,113,30
66,114,27
66,114,28
66,114,29
66,114,30
66,115,27
66,115,28
66,115,29
66,115,30
66,116,27
66,116,28
66,116,29
66,117,27
66,117,28
66,117,29
66,118,27
66,118,28
66,119,27
66,119,28
66,127,26
66,128,26
66,128,27
66,129,26
66,129,27
66,129,28
66,129,29
66,130,27
66,130,28
67,108,30
67,108,31
67,109,29
67,109,30
67,109,31
67,110,28
67,110,29
67,110,30
67,110,31
67,111,28
67,111,29
67,111,30
67,111,31
67,112,27
67,112,28
67,112,29
67,112,30
67,112,31
67,113,27
67,113,28
67,113,29
67,113,30
67,114,29
67,114,30
68,107,31
68,108,30
68,108,31
68,108,32
68,109,29
68,109,30
68,109,31
68,110,28
68,110,29
68,110,30
68,110,31
68,111,28
68,111,29
68,111,30
68,111,31
68,112,27
68,112,29
68,112,30
68,112,31
68,113,30
69,107,30
69,107,31
69,107,32
69,108,29
69,108,30
69,108,31
69,108,32
69,108,33
69,109,29
69,109,30
69,109,31
69,109,32
69,109,33
69,110,29
69,110,30
69,110,31
69,110,32
69,111,29
69,111,30
69,111,31
69,112,30
69,112,31
70,106,31
70,106,32
70,107,30
70,107,31
70,107,32
70,107,33
70,108,29
70,108,30
70,108,31
70,108,32
70,108,33
70,109,29
70,109,30
70,109,31
70,109,32
70,109,33
70,110,30
70,110,31
71,106,30
71,106,31
71,106,32
71,106,33
71,107,30
71,107,31
71,107,32
71,107,33
71,108,30
71,108,31
71,108,32
71,108,33
71,109,30
71,109,31
71,109,32
72,106,30
72,106,31
72,106,32
72,107,30
72,107,31
72,107,32
72,107,33
72,108,30
72,108,31
72,108,32
73,106,30
73,106,31
73,106,32
73,106,33
73,107,30
73,107,31
73,107,32
73,107,33
73,108,30
73,108,31
74,106,30
74,106,31
74,106,32
74,106,33
74,107,30
74,107,31
74,107,32
74,107,33
74,108,31
75,106,30
75,106,31
75,106,32
75,106,33
75,107,30
75,107,31
75,107,32
75,107,33
76,106,30
76,106,31
76,106,32
76,106,33
76,107,30
76,107,31
76,107,32
76,107,33
77,106,30
77,106,31
77,106,32
77,106,33
77,107,30
77,107,31
77,107,32
77,107,33
77,107,34
78,106,30
78,106,31
78,106,32
78,106,33
78,107,30
78,107,31
78,107,32
78,107,33
79,106,30
79,106,31
79,106,32
79,106,33
79,107,30
79,107,31
79,107,32
79,107,33
79,108,30
79,108,31
80,106,30
80,106,31
80,106,32
80,107,29
80,107,30
80,107,31
80,107,32
80,107,33
80,108,30
80,108,31
80,108,32
81,106,30
81,106,31
81,106,32
81,107,29
81,107,30
81,107,31
81,107,32
81,108,29
81,108,30
81,108,31
81,109,30
81,109,31
82,106,31
82,106,32
82,107,30
82,107,31
82,107,32
82,108,29
82,108,30
82,108,31
82,108,32
82,108,33
82,109,29
82,109,30
82,109,31
82,109,32
82,110,30
82,110,31
82,111,31
83,107,30
83,107,31
83,107,32
83,108,29
83,108,30
83,108,31
83,108,32
83,109,29
83,109,30
83,109,31
83,109,32
83,110,29
83,110,30
83,110,31
83,110,32
83,111,29
83,111,30
83,111,31
83,112,30
84,107,31
84,108,29
84,108,30
84,108,31
84,109,29
84,109,30
84,109,31
84,110,28
84,110,29
84,110,30
84,110,31
84,111,28
84,111,29
84,111,30
84,111,31
84,112,27
84,112,28
84,112,29
84,112,30
84,113,29
85,108,30
85,108,31
85,109,29
85,109,30
85,109,31
85,110,28
85,110,29
85,110,30
85,111,28
85,111,29
85,111,30
85,112,27
85,112,28
85,112,29
85,112,30
85,113,26
85,113,27
85,113,28
85,113,29
85,113,30
85,114,28
85,114,29
85,114,30
85,115,28
85,115,29
85,130,29
86,110,29
86,110,30
86,111,29
86,111,30
86,112,27
86,112,28
86,112,29
86,112,30
86,113,27
86,113,28
86,113,29
86,113,30
86,114,27
86,114,28
86,114,29
86,114,30
86,115,27
86,115,28
86,115,29
86,116,27
86,116,28
86,116,29
86,117,27
86,117,28
86,117,29
86,118,27
86,118,28
86,119,27
86,119,28
86,120,27
86,120,28
86,125,27
86,126,26
86,126,27
86,127,26
86,127,27
86,128,26
86,128,27
86,128,28
86,128,29
86,129,26
86,129,27
86,129,28
86,129,29
86,130,27
86,130,28
86,130,29
86,130,30
87,112,28
87,112,29
87,112,30
87,113,27
87,113,28
87,113,29
87,113,30
87,114,27
87,114,28
87,114,29
87,114,30
87,115,26
87,115,27
87,115,28
87,115,29
87,116,26
87,116,27
87,116,28
87,116,29
87,117,26
87,117,27
87,117,28
87,117,29
87,118,26
87,118,27
87,118,28
87,118,29
87,119,26
87,119,27
87,119,28
87,119,29
87,120,26
87,120,27
87,120,28
87,120,29
87,121,26
87,121,27
87,121,28
87,121,29
87,122,26
87,122,27
87,122,28
87,123,25
87,123,26
87,123,27
87,123,28
87,124,25
87,124,26
87,124,27
87,124,28
87,124,29
87,125,25
87,125,26
87,125,27
87,125,28
87,126,25
87,126,26
87,126,27
87,126,28
87,127,25
87,127,26
87,127,27
87,127,28
87,128,26
87,128,27
87,128,28
87,128,29
87,129,26
87,129,27
87,129,28
87,129,29
87,130,27
87,130,28
87,130,29
87,130,30
88,113,27
88,113,28
88,113,29
88,114,27
88,114,28
88,114,29
88,114,30
88,114,31
88,115,26
88,115,27
88,115,28
88,115,29
88,115,30
88,116,26
88,116,27
88,116,28
88,116,29
88,116,30
88,117,26
88,117,27
88,117,28
88,117,29
88,118,26
88,118,27
88,118,28
88,118,29
88,119,26
88,119,27
88,119,28
88,119,29
88,119,30
88,120,26
88,120,27
88,120,28
88,120,29
88,120,30
88,121,25
88,121,26
88,121,27
88,121,28
88,121,29
88,122,25
88,122,26
88,122,27
88,122,28
88,122,29
88,123,25
88,123,26
88,123,27
88,123,28
88,123,29
88,124,25
88,124,26
88,124,27
88,124,28
88,124,29
88,125,25
88,125,26
88,125,27
88,125,28
88,126,25
88,126,26
88,126,27
88,126,28
88,127,25
88,127,26
88,127,27
88,127,28
88,128,27
88,128,28
88,129,26
88,129,27
88,129,28
88,129,29
88,130,28
88,130,29
89,114,28
89,114,29
89,114,30
89,115,27
89,115,28
89,115,29
89,116,27
89,116,28
89,116,29
89,117,26
89,117,27
89,117,28
89,118,26
89,118,27
89,118,28
89,118,29
89,119,27
89,119,28
89,120,27
89,120,28
89,121,25
89,121,26
89,121,27
89,121,28
89,122,25
89,122,26
89,122,27
89,122,28
89,123,26
89,123,27
89,123,28
89,124,26
89,124,27
89,124,28
89,125,26
89,125,27
89,126,26
89,126,27
89,127,26
89,127,27
89,129,27
89,129,28
90,121,26
90,121,27
90,122,26
90,122,27
90,122,28
