"x","y","z"
52,56,28
52,57,26
52,57,27
52,57,28
52,57,29
52,58,26
52,58,27
52,58,28
52,59,26
52,59,27
52,59,28
52,60,26
52,60,27
52,61,25
52,61,26
52,61,27
52,61,28
52,62,26
52,62,27
53,51,26
53,51,27
53,51,28
53,51,29
53,52,26
53,52,27
53,52,28
53,52,29
53,52,30
53,53,27
53,53,28
53,53,29
53,54,26
53,54,27
53,54,28
53,55,26
53,55,27
53,55,28
53,56,25
53,56,26
53,56,27
53,56,28
53,57,25
53,57,26
53,57,27
53,57,28
53,57,29
53,58,25
53,58,26
53,58,27
53,58,28
53,59,24
53,59,25
53,59,26
53,59,27
53,59,28
53,60,24
53,60,25
53,60,26
53,60,27
53,60,28
53,61,25
53,61,26
53,61,27
53,61,28
53,62,25
53,62,26
53,62,27
53,62,28
53,63,25
53,63,26
53,63,27
53,64,26
54,44,23
54,44,24
54,45,22
54,45,23
54,45,24
54,46,23
54,46,24
54,46,25
54,47,23
54,47,24
54,47,25
54,48,23
54,48,24
54,48,25
54,49,24
54,49,25
54,50,24
54,50,25
54,51,24
54,51,25
54,51,26
54,51,27
54,51,28
54,51,29
54,51,30
54,52,24
54,52,25
54,52,26
54,52,27
54,52,28
54,52,29
54,52,30
54,52,31
54,52,32
54,52,33
54,52,34
54,53,25
54,53,26
54,53,27
54,53,28
54,53,29
54,53,30
54,53,31
54,53,32
54,53,33
54,54,24
54,54,25
54,54,26
54,54,27
54,54,28
54,54,29
54,54,30
54,54,31
54,54,32
54,55,24
54,55,25
54,55,26
54,55,27
54,55,28
54,55,29
54,55,30
54,56,24
54,56,25
54,56,26
54,56,27
54,56,28
54,56,29
54,57,24
54,57,25
54,57,26
54,57,27
54,57,28
54,57,29
54,58,23
54,58,24
54,58,25
54,58,26
54,58,27
54,58,28
54,59,23
54,59,24
54,59,25
54,59,26
54,59,27
54,60,23
54,60,24
54,60,25
54,60,26
54,60,27
54,60,28
54,61,23
54,61,24
54,61,25
54,61,26
54,61,27
54,62,24
54,62,25
54,62,26
54,62,27
54,63,24
54,63,25
54,63,26
54,63,27
54,63,28
54,64,25
54,64,26
54,64,27
55,43,23
55,43,24
55,44,23
55,44,24
55,45,23
55,45,24
55,45,25
55,46,23
55,46,24
55,46,25
55,46,26
55,47,23
55,47,24
55,47,25
55,47,26
55,47,27
55,48,23
55,48,24
55,48,25
55,48,26
55,49,23
55,49,24
55,49,25
55,49,26
55,50,23
55,50,24
55,50,25
55,50,26
55,51,23
55,51,24
55,51,25
55,51,26
55,51,27
55,51,28
55,51,29
55,51,30
55,51,32
55,51,33
55,51,34
55,51,35
55,52,23
55,52,24
55,52,25
55,52,26
55,52,27
55,52,28
55,52,29
55,52,30
55,52,31
55,52,32
55,52,33
55,52,34
55,53,23
55,53,24
55,53,25
55,53,26
55,53,27
55,53,28
55,53,29
55,53,30
55,53,31
55,53,32
55,53,33
55,53,34
55,54,23
55,54,24
55,54,25
55,54,26
55,54,27
55,54,28
55,54,29
55,54,30
55,54,31
55,54,32
55,54,33
55,55,23
55,55,24
55,55,25
55,55,26
55,55,27
55,55,28
55,55,29
55,55,30
55,55,31
55,55,32
55,56,23
55,56,24
55,56,25
55,56,26
55,56,27
55,56,28
55,56,29
55,56,30
55,57,22
55,57,23
55,57,24
55,57,25
55,57,26
55,57,27
55,57,28
55,57,29
55,57,30
55,58,22
55,58,23
55,58,24
55,58,25
55,58,26
55,58,27
55,58,28
55,59,22
55,59,23
55,59,24
55,59,25
55,59,26
55,59,27
55,60,22
55,60,23
55,60,24
55,60,25
55,60,26
55,60,27
55,61,22
55,61,23
55,61,24
55,61,25
55,61,26
55,62,22
55,62,23
55,62,24
55,62,25
55,62,26
55,63,23
55,63,24
55,63,25
55,63,26
55,63,27
55,64,25
55,64,26
55,65,25
56,36,25
56,37,25
56,44,23
56,44,24
56,44,25
56,44,26
56,44,27
56,45,23
56,45,24
56,45,25
56,45,26
56,45,27
56,45,28
56,46,22
56,46,23
56,46,24
56,46,25
56,46,26
56,46,27
56,46,28
56,46,29
56,47,22
56,47,23
56,47,24
56,47,25
56,47,26
56,47,27
56,47,28
56,47,29
56,48,23
56,48,24
56,48,25
56,48,26
56,48,27
56,48,28
56,49,22
56,49,23
56,49,24
56,49,25
56,49,26
56,49,27
56,49,28
56,50,21
56,50,22
56,50,23
56,50,24
56,50,25
56,50,26
56,50,27
56,51,21
56,51,22
56,51,23
56,51,24
56,51,25
56,51,26
56,51,27
56,51,28
56,51,29
56,51,30
56,51,31
56,51,32
56,51,33
56,51,34
56,51,35
56,52,22
56,52,23
56,52,24
56,52,25
56,52,26
56,52,27
56,52,28
56,52,29
56,52,30
56,52,31
56,52,32
56,52,33
56,52,34
56,53,22
56,53,23
56,53,24
56,53,25
56,53,26
56,53,27
56,53,28
56,53,29
56,53,30
56,53,31
56,53,32
56,53,33
56,53,34
56,54,22
56,54,23
56,54,24
56,54,25
56,54,26
56,54,27
56,54,28
56,54,29
56,54,30
56,54,31
56,54,32
56,54,33
56,55,22
56,55,23
56,55,24
56,55,25
56,55,26
56,55,27
56,55,28
56,55,29
56,55,30
56,55,31
56,55,32
56,56,21
56,56,22
56,56,23
56,56,24
56,56,25
56,56,26
56,56,27
56,56,28
56,56,29
56,56,30
56,56,31
56,57,21
56,57,22
56,57,23
56,57,24
56,57,25
56,57,26
56,57,27
56,57,28
56,57,29
56,57,30
56,58,21
56,58,22
56,58,23
56,58,24
56,58,25
56,58,26
56,58,27
56,58,28
56,58,29
56,59,20
56,59,21
56,59,22
56,59,23
56,59,24
56,59,25
56,59,26
56,59,27
56,60,20
56,60,21
56,60,22
56,60,23
56,60,24
56,60,25
56,60,26
56,61,20
56,61,21
56,61,22
56,61,23
56,61,24
56,61,25
56,61,26
56,62,21
56,62,22
56,62,23
56,62,24
56,62,25
56,62,26
56,63,22
56,63,23
56,63,24
56,63,25
56,63,26
56,63,27
56,64,24
56,64,25
56,64,26
57,33,26
57,34,24
57,35,23
57,35,24
57,35,25
57,35,26
57,35,28
57,36,24
57,36,25
57,36,26
57,36,28
57,37,23
57,37,24
57,37,25
57,37,26
57,37,27
57,38,24
57,38,25
57,38,26
57,38,30
57,38,31
57,38,32
57,39,23
57,39,26
57,39,27
57,39,28
57,39,29
57,39,30
57,39,31
57,39,32
57,39,33
57,40,23
57,40,26
57,40,27
57,40,28
57,40,29
57,40,30
57,40,31
57,40,32
57,40,33
57,41,25
57,41,26
57,41,27
57,41,29
57,41,30
57,42,22
57,42,25
57,42,26
57,42,27
57,43,22
57,43,23
57,43,24
57,43,25
57,43,26
57,43,27
57,43,28
57,44,22
57,44,23
57,44,24
57,44,25
57,44,26
57,44,27
57,44,28
57,44,29
57,44,30
57,45,22
57,45,23
57,45,24
57,45,25
57,45,26
57,45,27
57,45,28
57,45,29
57,45,30
57,46,22
57,46,23
57,46,24
57,46,25
57,46,26
57,46,27
57,46,28
57,46,29
57,46,30
57,47,22
57,47,23
57,47,24
57,47,25
57,47,26
57,47,27
57,47,28
57,47,29
57,47,30
57,48,22
57,48,23
57,48,24
57,48,25
57,48,26
57,48,27
57,48,28
57,48,29
57,49,21
57,49,22
57,49,23
57,49,24
57,49,25
57,49,26
57,49,27
57,49,28
57,49,29
57,50,21
57,50,22
57,50,23
57,50,24
57,50,25
57,50,26
57,50,27
57,50,28
57,51,21
57,51,22
57,51,23
57,51,24
57,51,25
57,51,26
57,51,27
57,51,28
57,51,29
57,51,30
57,51,31
57,51,32
57,51,33
57,51,34
57,51,35
57,52,21
57,52,22
57,52,23
57,52,24
57,52,25
57,52,26
57,52,27
57,52,28
57,52,29
57,52,30
57,52,31
57,52,32
57,52,33
57,52,34
57,53,21
57,53,22
57,53,23
57,53,24
57,53,25
57,53,26
57,53,27
57,53,28
57,53,29
57,53,30
57,53,31
57,53,32
57,53,33
57,53,34
57,54,20
57,54,21
57,54,22
57,54,23
57,54,24
57,54,25
57,54,26
57,54,27
57,54,28
57,54,29
57,54,30
57,54,31
57,54,32
57,54,33
57,55,20
57,55,21
57,55,22
57,55,23
57,55,24
57,55,25
57,55,26
57,55,27
57,55,28
57,55,29
57,55,30
57,55,31
57,55,32
57,56,21
57,56,22
57,56,23
57,56,24
57,56,25
57,56,26
57,56,27
57,56,28
57,56,29
57,56,30
57,56,31
57,57,20
57,57,21
57,57,22
57,57,23
57,57,24
57,57,25
57,57,26
57,57,27
57,57,28
57,57,29
57,57,30
57,57,31
57,58,20
57,58,21
57,58,22
57,58,23
57,58,24
57,58,25
57,58,26
57,58,27
57,58,28
57,58,29
57,59,20
57,59,21
57,59,22
57,59,23
57,59,24
57,59,25
57,59,26
57,59,27
57,59,28
57,60,20
57,60,21
57,60,22
57,60,23
57,60,24
57,60,25
57,60,26
57,60,27
57,61,20
57,61,21
57,61,22
57,61,23
57,61,24
57,61,25
57,62,20
57,62,21
57,62,22
57,62,23
57,62,24
57,62,25
57,63,22
57,63,23
57,63,24
58,31,25
58,32,25
58,32,26
58,33,24
58,33,25
58,33,26
58,33,27
58,34,23
58,34,24
58,34,25
58,34,26
58,34,27
58,34,28
58,34,29
58,35,23
58,35,24
58,35,25
58,35,26
58,35,27
58,35,28
58,36,23
58,36,24
58,36,25
58,36,26
58,36,27
58,36,28
58,36,29
58,37,23
58,37,24
58,37,25
58,37,26
58,37,27
58,37,28
58,37,29
58,37,31
58,37,32
58,38,22
58,38,23
58,38,24
58,38,25
58,38,26
58,38,27
58,38,28
58,38,29
58,38,30
58,38,31
58,38,32
58,38,33
58,39,23
58,39,24
58,39,25
58,39,26
58,39,27
58,39,28
58,39,29
58,39,30
58,39,31
58,39,32
58,39,33
58,40,23
58,40,24
58,40,25
58,40,26
58,40,27
58,40,28
58,40,29
58,40,30
58,40,31
58,40,32
58,40,33
58,41,22
58,41,23
58,41,24
58,41,25
58,41,26
58,41,27
58,41,28
58,41,29
58,41,30
58,41,31
58,41,32
58,42,21
58,42,22
58,42,23
58,42,24
58,42,25
58,42,26
58,42,27
58,42,28
58,42,29
58,42,30
58,42,31
58,42,32
58,43,21
58,43,22
58,43,23
58,43,24
58,43,25
58,43,26
58,43,27
58,43,28
58,43,29
58,43,30
58,43,31
58,44,21
58,44,22
58,44,23
58,44,24
58,44,25
58,44,26
58,44,27
58,44,28
58,44,29
58,44,30
58,44,31
58,45,21
58,45,22
58,45,23
58,45,24
58,45,25
58,45,26
58,45,27
58,45,28
58,45,29
58,45,30
58,45,31
58,46,21
58,46,22
58,46,23
58,46,24
58,46,25
58,46,26
58,46,27
58,46,28
58,46,29
58,46,30
58,46,31
58,47,21
58,47,22
58,47,23
58,47,24
58,47,25
58,47,26
58,47,27
58,47,28
58,47,29
58,47,30
58,48,21
58,48,22
58,48,23
58,48,24
58,48,25
58,48,26
58,48,27
58,48,28
58,48,29
58,48,30
58,49,20
58,49,21
58,49,22
58,49,23
58,49,24
58,49,25
58,49,26
58,49,27
58,49,28
58,49,29
58,50,20
58,50,21
58,50,22
58,50,23
58,50,24
58,50,25
58,50,26
58,50,27
58,50,28
58,50,29
58,51,20
58,51,21
58,51,22
58,51,23
58,51,24
58,51,25
58,51,26
58,51,27
58,51,28
58,51,29
58,51,30
58,51,31
58,51,32
58,51,33
58,51,34
58,51,35
58,52,20
58,52,21
58,52,22
58,52,23
58,52,24
58,52,25
58,52,26
58,52,27
58,52,28
58,52,29
58,52,30
58,52,31
58,52,32
58,52,33
58,52,34
58,53,20
58,53,21
58,53,22
58,53,23
58,53,24
58,53,25
58,53,26
58,53,27
58,53,28
58,53,29
58,53,30
58,53,31
58,53,32
58,53,33
58,54,20
58,54,21
58,54,22
58,54,23
58,54,24
58,54,25
58,54,26
58,54,27
58,54,28
58,54,29
58,54,30
58,54,31
58,54,32
58,55,20
58,55,21
58,55,22
58,55,23
58,55,24
58,55,25
58,55,26
58,55,27
58,55,28
58,55,29
58,55,30
58,55,31
58,55,32
58,56,20
58,56,21
58,56,22
58,56,23
58,56,24
58,56,25
58,56,26
58,56,27
58,56,28
58,56,29
58,56,30
58,56,31
58,57,20
58,57,21
58,57,22
58,57,23
58,57,24
58,57,25
58,57,26
58,57,27
58,57,28
58,57,29
58,57,30
58,58,20
58,58,21
58,58,22
58,58,23
58,58,24
58,58,25
58,58,26
58,58,27
58,58,28
58,58,29
58,58,30
58,59,19
58,59,20
58,59,21
58,59,22
58,59,23
58,59,24
58,59,25
58,59,26
58,59,27
58,59,28
58,59,29
58,60,19
58,60,20
58,60,21
58,60,22
58,60,23
58,60,24
58,60,25
58,60,26
58,60,27
58,61,20
58,61,21
58,61,22
58,61,23
58,61,24
58,61,25
58,61,26
58,62,20
58,62,21
58,62,22
58,62,23
58,62,24
58,62,25
58,63,22
58,63,23
58,63,24
59,29,25
59,29,26
59,30,24
59,30,25
59,30,26
59,30,27
59,31,24
59,31,25
59,31,26
59,31,27
59,32,23
59,32,24
59,32,25
59,32,26
59,32,27
59,32,28
59,33,23
59,33,24
59,33,25
59,33,26
59,33,27
59,33,28
59,33,29
59,34,22
59,34,23
59,34,24
59,34,25
59,34,26
59,34,27
59,34,28
59,34,29
59,34,30
59,35,22
59,35,23
59,35,24
59,35,25
59,35,26
59,35,27
59,35,28
59,35,29
59,35,30
59,35,31
59,36,22
59,36,23
59,36,24
59,36,25
59,36,26
59,36,27
59,36,28
59,36,29
59,36,30
59,36,31
59,36,32
59,37,21
59,37,22
59,37,23
59,37,24
59,37,25
59,37,26
59,37,27
59,37,28
59,37,29
59,37,30
59,37,31
59,37,32
59,37,33
59,38,21
59,38,22
59,38,23
59,38,24
59,38,25
59,38,26
59,38,27
59,38,28
59,38,29
59,38,30
59,38,31
59,38,32
59,38,33
59,39,22
59,39,23
59,39,24
59,39,25
59,39,26
59,39,27
59,39,28
59,39,29
59,39,30
59,39,31
59,39,32
59,40,22
59,40,23
59,40,24
59,40,25
59,40,26
59,40,27
59,40,28
59,40,29
59,40,30
59,40,31
59,40,32
59,41,22
59,41,23
59,41,24
59,41,25
59,41,26
59,41,27
59,41,28
59,41,29
59,41,30
59,41,31
59,41,32
59,42,21
59,42,22
59,42,23
59,42,24
59,42,25
59,42,26
59,42,27
59,42,28
59,42,29
59,42,30
59,42,31
59,43,21
59,43,22
59,43,23
59,43,24
59,43,25
59,43,26
59,43,27
59,43,28
59,43,29
59,43,30
59,43,31
59,44,21
59,44,22
59,44,23
59,44,24
59,44,25
59,44,26
59,44,27
59,44,28
59,44,29
59,44,30
59,44,31
59,45,21
59,45,22
59,45,23
59,45,24
59,45,25
59,45,26
59,45,27
59,45,28
59,45,29
59,45,30
59,45,31
59,46,21
59,46,22
59,46,23
59,46,24
59,46,25
59,46,26
59,46,27
59,46,28
59,46,29
59,46,30
59,46,31
59,47,21
59,47,22
59,47,23
59,47,24
59,47,25
59,47,26
59,47,27
59,47,28
59,47,29
59,47,30
59,48,20
59,48,21
59,48,22
59,48,23
59,48,24
59,48,25
59,48,26
59,48,27
59,48,28
59,48,29
59,48,30
59,49,21
59,49,22
59,49,23
59,49,24
59,49,25
59,49,26
59,49,27
59,49,28
59,49,29
59,50,21
59,50,22
59,50,23
59,50,24
59,50,25
59,50,26
59,50,27
59,50,28
59,50,29
59,51,20
59,51,21
59,51,22
59,51,23
59,51,24
59,51,25
59,51,26
59,51,27
59,51,28
59,51,29
59,51,30
59,51,31
59,51,32
59,51,33
59,51,34
59,52,19
59,52,20
59,52,21
59,52,22
59,52,23
59,52,24
59,52,25
59,52,26
59,52,27
59,52,28
59,52,29
59,52,30
59,52,31
59,52,32
59,52,33
59,53,19
59,53,20
59,53,21
59,53,22
59,53,23
59,53,24
59,53,25
59,53,26
59,53,27
59,53,28
59,53,29
59,53,30
59,53,31
59,53,32
59,53,33
59,54,19
59,54,20
59,54,21
59,54,22
59,54,23
59,54,24
59,54,25
59,54,26
59,54,27
59,54,28
59,54,29
59,54,30
59,54,31
59,54,32
59,55,19
59,55,20
59,55,21
59,55,22
59,55,23
59,55,24
59,55,25
59,55,26
59,55,27
59,55,28
59,55,29
59,55,30
59,55,31
59,56,19
59,56,20
59,56,21
59,56,22
59,56,23
59,56,24
59,56,25
59,56,26
59,56,27
59,56,28
59,56,29
59,56,30
59,57,19
59,57,20
59,57,21
59,57,22
59,57,23
59,57,24
59,57,25
59,57,26
59,57,27
59,57,28
59,57,29
59,57,30
59,58,19
59,58,20
59,58,21
59,58,22
59,58,23
59,58,24
59,58,25
59,58,26
59,58,27
59,58,28
59,58,29
59,59,19
59,59,20
59,59,21
59,59,22
59,59,23
59,59,24
59,59,25
59,59,26
59,59,27
59,59,28
59,59,29
59,60,18
59,60,19
59,60,20
59,60,21
59,60,22
59,60,23
59,60,24
59,60,25
59,60,26
59,60,27
59,60,28
59,61,19
59,61,20
59,61,21
59,61,22
59,61,23
59,61,24
59,61,25
59,61,26
59,62,19
59,62,20
59,62,21
59,62,22
59,62,23
59,62,24
59,63,20
59,63,21
59,63,22
59,77,29
60,27,25
60,27,26
60,27,27
60,27,28
60,28,24
60,28,25
60,28,26
60,28,27
60,28,28
60,29,24
60,29,25
60,29,26
60,29,27
60,29,28
60,30,23
60,30,24
60,30,25
60,30,26
60,30,27
60,30,28
60,30,29
60,31,23
60,31,24
60,31,25
60,31,26
60,31,27
60,31,28
60,31,29
60,31,31
60,32,22
60,32,23
60,32,24
60,32,25
60,32,26
60,32,27
60,32,28
60,32,29
60,32,30
60,33,22
60,33,23
60,33,24
60,33,25
60,33,26
60,33,27
60,33,28
60,33,29
60,33,30
60,34,22
60,34,23
60,34,24
60,34,25
60,34,26
60,34,27
60,34,28
60,34,29
60,34,30
60,34,31
60,35,21
60,35,22
60,35,23
60,35,24
60,35,25
60,35,26
60,35,27
60,35,28
60,35,29
60,35,30
60,35,31
60,36,21
60,36,22
60,36,23
60,36,24
60,36,25
60,36,26
60,36,27
60,36,28
60,36,29
60,36,30
60,36,31
60,36,32
60,36,33
60,36,34
60,37,21
60,37,22
60,37,23
60,37,24
60,37,25
60,37,26
60,37,27
60,37,28
60,37,29
60,37,30
60,37,31
60,37,32
60,37,33
60,37,34
60,38,22
60,38,23
60,38,24
60,38,25
60,38,26
60,38,27
60,38,28
60,38,29
60,38,30
60,38,31
60,38,32
60,38,33
60,38,34
60,39,22
60,39,23
60,39,24
60,39,25
60,39,26
60,39,27
60,39,28
60,39,29
60,39,30
60,39,31
60,39,32
60,39,33
60,40,22
60,40,23
60,40,24
60,40,25
60,40,26
60,40,27
60,40,28
60,40,29
60,40,30
60,40,31
60,40,32
60,40,33
60,41,22
60,41,23
60,41,24
60,41,25
60,41,26
60,41,27
60,41,28
60,41,29
60,41,30
60,41,31
60,41,32
60,41,33
60,42,20
60,42,21
60,42,22
60,42,23
60,42,24
60,42,25
60,42,26
60,42,27
60,42,28
60,42,29
60,42,30
60,42,31
60,42,32
60,43,20
60,43,21
60,43,22
60,43,23
60,43,26
60,43,27
60,43,28
60,43,29
60,43,30
60,43,31
60,43,32
60,44,20
60,44,21
60,44,22
60,44,23
60,44,26
60,44,27
60,44,28
60,44,29
60,44,30
60,44,31
60,45,21
60,45,22
60,45,23
60,45,27
60,45,28
60,45,29
60,45,30
60,45,31
60,46,22
60,46,23
60,46,27
60,46,28
60,46,29
60,46,30
60,46,31
60,47,21
60,47,22
60,47,23
60,47,28
60,47,29
60,47,30
60,48,21
60,48,22
60,48,23
60,49,21
60,49,22
60,49,23
60,49,24
60,50,22
60,50,23
60,50,24
60,51,20
60,51,21
60,51,22
60,51,23
60,51,24
60,51,25
60,51,26
60,51,27
60,51,28
60,51,29
60,51,30
60,51,31
60,51,32
60,51,33
60,52,19
60,52,20
60,52,21
60,52,22
60,52,23
60,52,24
60,52,25
60,52,26
60,52,27
60,52,28
60,52,29
60,52,30
60,52,31
60,52,32
60,52,33
60,53,19
60,53,20
60,53,21
60,53,22
60,53,23
60,53,24
60,53,25
60,53,26
60,53,27
60,53,28
60,53,29
60,53,30
60,53,31
60,53,32
60,54,18
60,54,19
60,54,20
60,54,21
60,54,22
60,54,23
60,54,24
60,54,25
60,54,26
60,54,27
60,54,28
60,54,29
60,54,30
60,54,31
60,55,18
60,55,19
60,55,20
60,55,21
60,55,22
60,55,23
60,55,24
60,55,25
60,55,26
60,55,27
60,55,28
60,55,29
60,55,30
60,56,18
60,56,19
60,56,20
60,56,21
60,56,22
60,56,23
60,56,24
60,56,25
60,56,26
60,56,27
60,56,28
60,56,29
60,56,30
60,57,18
60,57,19
60,57,20
60,57,21
60,57,22
60,57,23
60,57,24
60,57,25
60,57,26
60,57,27
60,57,28
60,57,29
60,58,19
60,58,20
60,58,21
60,58,22
60,58,23
60,58,24
60,58,25
60,58,26
60,58,27
60,58,28
60,59,19
60,59,20
60,59,21
60,59,22
60,59,23
60,59,24
60,59,25
60,59,26
60,59,27
60,59,28
60,60,18
60,60,19
60,60,20
60,60,21
60,60,22
60,60,23
60,60,24
60,60,25
60,60,26
60,60,27
60,60,28
60,61,18
60,61,19
60,61,20
60,61,21
60,61,22
60,61,23
60,61,24
60,61,25
60,61,26
60,61,27
60,61,28
60,62,19
60,62,20
60,62,21
60,62,22
60,62,23
60,62,24
60,62,27
60,63,19
60,63,20
60,63,21
60,63,22
60,76,28
61,25,25
61,25,26
61,25,27
61,26,24
61,26,25
61,26,26
61,26,27
61,26,28
61,27,24
61,27,25
61,27,26
61,27,27
61,27,28
61,27,29
61,28,23
61,28,24
61,28,25
61,28,26
61,28,27
61,28,28
61,28,29
61,29,23
61,29,24
61,29,25
61,29,26
61,29,27
61,29,28
61,29,29
61,29,30
61,30,22
61,30,23
61,30,24
61,30,25
61,30,26
61,30,27
61,30,28
61,30,29
61,30,30
61,31,22
61,31,23
61,31,24
61,31,25
61,31,26
61,31,27
61,31,28
61,31,29
61,31,30
61,31,31
61,32,22
61,32,23
61,32,24
61,32,25
61,32,26
61,32,27
61,32,28
61,32,29
61,32,30
61,32,31
61,32,32
61,32,33
61,33,21
61,33,22
61,33,23
61,33,24
61,33,25
61,33,26
61,33,27
61,33,28
61,33,29
61,33,30
61,33,31
61,33,32
61,34,21
61,34,22
61,34,23
61,34,24
61,34,25
61,34,26
61,34,27
61,34,28
61,34,29
61,34,30
61,34,31
61,34,32
61,35,21
61,35,22
61,35,23
61,35,24
61,35,25
61,35,26
61,35,27
61,35,28
61,35,29
61,35,30
61,35,31
61,35,32
61,36,21
61,36,22
61,36,23
61,36,24
61,36,25
61,36,26
61,36,27
61,36,28
61,36,29
61,36,30
61,36,31
61,36,32
61,36,33
61,36,34
61,37,22
61,37,25
61,37,26
61,37,27
61,37,28
61,37,29
61,37,30
61,37,31
61,37,32
61,37,33
61,37,34
61,37,35
61,38,22
61,38,25
61,38,26
61,38,27
61,38,28
61,38,29
61,38,30
61,38,31
61,38,32
61,38,33
61,38,34
61,39,26
61,39,27
61,39,28
61,39,29
61,39,30
61,39,31
61,39,32
61,39,33
61,39,34
61,40,21
61,40,22
61,40,26
61,40,27
61,40,28
61,40,29
61,40,30
61,40,31
61,40,32
61,40,33
61,40,34
61,41,21
61,41,22
61,41,27
61,41,28
61,41,29
61,41,30
61,41,31
61,41,32
61,41,33
61,42,19
61,42,20
61,42,21
61,42,22
61,42,27
61,42,28
61,42,29
61,42,30
61,42,31
61,42,32
61,42,33
61,43,19
61,43,20
61,43,21
61,43,22
61,43,27
61,43,28
61,43,29
61,43,30
61,43,31
61,43,32
61,44,20
61,44,21
61,44,22
61,44,23
61,44,28
61,44,29
61,44,30
61,44,31
61,44,32
61,45,20
61,45,21
61,45,22
61,45,23
61,45,28
61,45,29
61,45,30
61,45,31
61,46,21
61,46,22
61,46,23
61,46,29
61,46,30
61,47,21
61,47,22
61,47,23
61,48,21
61,48,22
61,48,23
61,49,22
61,49,23
61,50,22
61,50,23
61,50,24
61,51,19
61,51,21
61,51,22
61,51,23
61,51,24
61,51,25
61,52,18
61,52,19
61,52,20
61,52,21
61,52,22
61,52,23
61,52,24
61,52,25
61,52,26
61,52,27
61,52,28
61,52,32
61,52,33
61,53,18
61,53,19
61,53,20
61,53,21
61,53,22
61,53,23
61,53,24
61,53,25
61,53,26
61,53,27
61,53,28
61,53,29
61,54,18
61,54,19
61,54,20
61,54,21
61,54,22
61,54,23
61,54,24
61,54,25
61,54,26
61,54,27
61,54,28
61,55,17
61,55,18
61,55,19
61,55,20
61,55,21
61,55,22
61,55,23
61,55,24
61,55,25
61,55,26
61,55,27
61,55,28
61,55,29
61,56,18
61,56,19
61,56,20
61,56,21
61,56,22
61,56,23
61,56,24
61,56,25
61,56,26
61,56,27
61,56,28
61,56,29
61,57,18
61,57,19
61,57,20
61,57,21
61,57,22
61,57,23
61,57,24
61,57,25
61,57,26
61,57,27
61,57,28
61,58,18
61,58,19
61,58,20
61,58,21
61,58,22
61,58,23
61,58,24
61,58,25
61,58,26
61,58,27
61,59,18
61,59,19
61,59,20
61,59,21
61,59,22
61,59,23
61,59,24
61,59,25
61,59,26
61,59,27
61,60,18
61,60,19
61,60,20
61,60,21
61,60,22
61,60,23
61,60,24
61,60,25
61,60,26
61,60,27
61,60,28
61,61,18
61,61,19
61,61,20
61,61,21
61,61,22
61,61,23
61,61,24
61,61,25
61,61,26
61,61,27
61,61,28
61,62,19
61,62,20
61,62,21
61,62,22
61,62,23
61,62,24
61,62,25
61,62,27
61,63,19
61,63,20
61,63,21
61,63,22
61,76,27
62,24,26
62,25,24
62,25,25
62,25,26
62,25,27
62,25,28
62,25,29
62,26,23
62,26,24
62,26,25
62,26,26
62,26,27
62,26,28
62,26,29
62,27,23
62,27,24
62,27,25
62,27,26
62,27,27
62,27,28
62,27,29
62,27,30
62,28,22
62,28,23
62,28,24
62,28,25
62,28,26
62,28,27
62,28,28
62,28,29
62,28,30
62,29,22
62,29,23
62,29,24
62,29,25
62,29,26
62,29,27
62,29,28
62,29,29
62,29,30
62,29,31
62,30,21
62,30,22
62,30,23
62,30,24
62,30,25
62,30,26
62,30,27
62,30,28
62,30,29
62,30,30
62,30,31
62,31,21
62,31,22
62,31,23
62,31,24
62,31,25
62,31,26
62,31,27
62,31,28
62,31,29
62,31,30
62,31,31
62,31,32
62,32,21
62,32,22
62,32,23
62,32,24
62,32,27
62,32,28
62,32,29
62,32,30
62,32,31
62,32,32
62,32,33
62,33,21
62,33,22
62,33,23
62,33,27
62,33,28
62,33,29
62,33,30
62,33,31
62,33,32
62,33,33
62,34,21
62,34,22
62,34,23
62,34,27
62,34,28
62,34,29
62,34,30
62,34,31
62,34,32
62,34,33
62,35,22
62,35,27
62,35,28
62,35,29
62,35,30
62,35,31
62,35,32
62,35,33
62,36,27
62,36,28
62,36,29
62,36,30
62,36,31
62,36,32
62,36,33
62,37,27
62,37,28
62,37,29
62,37,30
62,37,31
62,37,32
62,37,33
62,37,34
62,37,35
62,38,27
62,38,28
62,38,29
62,38,30
62,38,31
62,38,32
62,38,33
62,38,34
62,39,28
62,39,29
62,39,30
62,39,31
62,39,32
62,39,33
62,39,34
62,40,21
62,40,28
62,40,29
62,40,30
62,40,31
62,40,32
62,40,33
62,40,34
62,41,20
62,41,21
62,41,22
62,41,28
62,41,29
62,41,30
62,41,31
62,41,32
62,41,33
62,42,19
62,42,20
62,42,21
62,42,22
62,42,28
62,42,29
62,42,30
62,42,31
62,42,32
62,42,33
62,43,20
62,43,21
62,43,22
62,43,28
62,43,29
62,43,30
62,43,31
62,43,32
62,44,20
62,44,21
62,44,22
62,44,23
62,44,28
62,44,29
62,44,30
62,44,31
62,45,20
62,45,21
62,45,22
62,45,23
62,45,28
62,45,29
62,45,30
62,46,21
62,46,22
62,46,23
62,46,29
62,47,21
62,47,22
62,47,23
62,48,21
62,48,22
62,49,21
62,49,22
62,50,18
62,50,19
62,50,20
62,50,21
62,50,22
62,50,23
62,50,24
62,50,25
62,51,18
62,51,19
62,51,20
62,51,21
62,51,22
62,51,23
62,51,24
62,51,25
62,52,18
62,52,19
62,52,20
62,52,21
62,52,22
62,52,23
62,52,24
62,52,25
62,53,17
62,53,18
62,53,19
62,53,20
62,53,21
62,53,22
62,53,23
62,53,24
62,53,25
62,53,26
62,53,32
62,54,17
62,54,18
62,54,19
62,54,20
62,54,21
62,54,22
62,54,23
62,54,24
62,54,25
62,54,26
62,54,27
62,54,32
62,55,17
62,55,18
62,55,19
62,55,20
62,55,21
62,55,22
62,55,23
62,55,24
62,55,25
62,55,26
62,55,27
62,55,28
62,55,32
62,56,17
62,56,18
62,56,19
62,56,20
62,56,21
62,56,22
62,56,23
62,56,24
62,56,25
62,56,26
62,56,27
62,56,28
62,57,17
62,57,18
62,57,19
62,57,20
62,57,21
62,57,22
62,57,23
62,57,24
62,57,25
62,57,26
62,57,27
62,57,28
62,57,29
62,58,17
62,58,18
62,58,19
62,58,20
62,58,21
62,58,22
62,58,23
62,58,24
62,58,25
62,58,26
62,58,27
62,58,28
62,58,29
62,58,30
62,59,17
62,59,18
62,59,19
62,59,20
62,59,21
62,59,22
62,59,23
62,59,24
62,59,25
62,59,26
62,59,27
62,59,28
62,59,29
62,59,30
62,60,17
62,60,18
62,60,19
62,60,20
62,60,21
62,60,22
62,60,23
62,60,24
62,60,25
62,60,26
62,60,27
62,60,28
62,60,29
62,60,30
62,61,17
62,61,18
62,61,19
62,61,20
62,61,21
62,61,22
62,61,23
62,61,24
62,61,25
62,61,26
62,61,27
62,61,28
62,62,18
62,62,19
62,62,20
62,62,21
62,62,22
62,62,23
62,62,24
62,62,25
62,62,26
62,62,27
62,63,18
62,63,19
62,63,20
62,63,21
62,63,22
62,64,18
62,64,25
62,65,24
62,76,26
62,77,27
62,80,26
63,24,26
63,24,27
63,24,28
63,25,24
63,25,25
63,25,26
63,25,27
63,25,28
63,25,29
63,26,23
63,26,24
63,26,25
63,26,26
63,26,27
63,26,28
63,26,29
63,26,30
63,27,22
63,27,23
63,27,24
63,27,25
63,27,26
63,27,27
63,27,28
63,27,29
63,27,30
63,27,31
63,28,22
63,28,23
63,28,24
63,28,25
63,28,26
63,28,27
63,28,28
63,28,29
63,28,30
63,28,31
63,28,32
63,29,21
63,29,22
63,29,23
63,29,24
63,29,25
63,29,26
63,29,27
63,29,28
63,29,29
63,29,30
63,29,31
63,29,32
63,30,21
63,30,22
63,30,23
63,30,24
63,30,27
63,30,28
63,30,29
63,30,30
63,30,31
63,30,32
63,31,21
63,31,22
63,31,23
63,31,24
63,31,28
63,31,29
63,31,30
63,31,31
63,31,32
63,31,33
63,32,21
63,32,22
63,32,23
63,32,28
63,32,29
63,32,30
63,32,31
63,32,32
63,32,33
63,33,21
63,33,22
63,33,23
63,33,28
63,33,29
63,33,30
63,33,31
63,33,32
63,33,33
63,34,28
63,34,29
63,34,30
63,34,31
63,34,32
63,34,33
63,35,28
63,35,29
63,35,30
63,35,31
63,35,32
63,35,33
63,36,28
63,36,29
63,36,30
63,36,31
63,36,32
63,36,33
63,37,28
63,37,29
63,37,30
63,37,31
63,37,32
63,37,33
63,37,34
63,37,35
63,38,28
63,38,30
63,38,31
63,38,32
63,38,33
63,38,34
63,39,28
63,39,30
63,39,31
63,39,32
63,39,33
63,39,34
63,40,28
63,40,30
63,40,31
63,40,32
63,40,33
63,40,34
63,41,20
63,41,28
63,41,29
63,41,30
63,41,31
63,42,20
63,42,28
63,42,29
63,42,30
63,43,20
63,43,28
63,43,29
63,44,22
63,44,28
63,44,29
63,46,22
63,46,23
63,47,22
63,47,23
63,49,20
63,49,21
63,49,22
63,50,18
63,50,19
63,50,20
63,50,21
63,50,22
63,50,23
63,51,17
63,51,18
63,51,19
63,51,20
63,51,21
63,51,22
63,51,23
63,51,24
63,52,17
63,52,18
63,52,19
63,52,20
63,52,21
63,52,22
63,52,23
63,52,24
63,52,25
63,53,17
63,53,18
63,53,19
63,53,20
63,53,21
63,53,22
63,53,23
63,53,24
63,53,25
63,53,26
63,54,16
63,54,17
63,54,18
63,54,19
63,54,20
63,54,21
63,54,22
63,54,23
63,54,24
63,54,25
63,54,26
63,54,27
63,55,16
63,55,17
63,55,18
63,55,20
63,55,21
63,55,22
63,55,23
63,55,24
63,55,25
63,55,26
63,55,27
63,56,16
63,56,17
63,56,18
63,56,20
63,56,21
63,56,22
63,56,23
63,56,24
63,56,25
63,56,26
63,56,27
63,56,28
63,56,31
63,57,16
63,57,17
63,57,18
63,57,21
63,57,22
63,57,23
63,57,24
63,57,25
63,57,26
63,57,27
63,57,28
63,57,29
63,57,30
63,57,31
63,58,16
63,58,17
63,58,18
63,58,21
63,58,22
63,58,23
63,58,24
63,58,25
63,58,26
63,58,27
63,58,28
63,58,29
63,58,30
63,58,31
63,59,16
63,59,17
63,59,18
63,59,19
63,59,20
63,59,21
63,59,22
63,59,23
63,59,24
63,59,25
63,59,26
63,59,27
63,59,28
63,59,29
63,59,30
63,59,31
63,60,16
63,60,17
63,60,18
63,60,19
63,60,20
63,60,21
63,60,22
63,60,23
63,60,24
63,60,25
63,60,26
63,60,27
63,60,28
63,60,29
63,60,30
63,61,16
63,61,17
63,61,18
63,61,19
63,61,20
63,61,21
63,61,22
63,61,23
63,61,24
63,61,25
63,61,26
63,61,27
63,61,28
63,61,29
63,61,30
63,62,17
63,62,18
63,62,19
63,62,20
63,62,21
63,62,22
63,62,25
63,62,26
63,63,17
63,63,18
63,63,19
63,63,20
63,63,21
63,63,26
63,64,17
63,82,26
64,24,25
64,24,26
64,24,29
64,24,30
64,25,24
64,25,25
64,25,26
64,25,27
64,25,28
64,25,29
64,25,30
64,26,23
64,26,24
64,26,25
64,26,26
64,26,27
64,26,28
64,26,29
64,26,30
64,26,31
64,27,21
64,27,22
64,27,23
64,27,24
64,27,25
64,27,26
64,27,27
64,27,28
64,27,29
64,27,30
64,27,31
64,28,20
64,28,21
64,28,22
64,28,23
64,28,24
64,28,25
64,28,26
64,28,27
64,28,28
64,28,29
64,28,30
64,28,31
64,29,21
64,29,22
64,29,23
64,29,24
64,29,25
64,29,26
64,29,27
64,29,28
64,29,29
64,29,30
64,29,31
64,29,32
64,30,20
64,30,21
64,30,22
64,30,23
64,30,24
64,30,27
64,30,28
64,30,29
64,30,30
64,30,31
64,31,20
64,31,21
64,31,22
64,31,23
64,31,29
64,31,30
64,32,20
64,32,21
64,32,22
64,32,29
64,32,30
64,32,32
64,32,33
64,33,21
64,33,29
64,33,30
64,33,31
64,33,32
64,33,33
64,34,29
64,34,30
64,34,31
64,34,32
64,34,33
64,35,29
64,35,30
64,35,31
64,35,32
64,35,33
64,36,31
64,36,32
64,37,31
64,37,32
64,38,31
64,38,32
64,38,34
64,41,29
64,49,31
64,50,30
64,50,31
64,51,17
64,51,18
64,51,19
64,51,21
64,51,22
64,51,23
64,51,24
64,51,25
64,51,30
64,51,31
64,52,16
64,52,17
64,52,18
64,52,19
64,52,20
64,52,22
64,52,23
64,52,24
64,52,25
64,52,31
64,53,16
64,53,17
64,53,19
64,53,20
64,53,21
64,53,22
64,53,23
64,53,24
64,53,25
64,53,26
64,54,16
64,54,17
64,54,19
64,54,20
64,54,21
64,54,22
64,54,23
64,54,24
64,54,25
64,54,26
64,54,27
64,55,16
64,55,17
64,55,20
64,55,21
64,55,22
64,55,23
64,55,24
64,55,25
64,55,26
64,55,27
64,56,16
64,56,17
64,56,21
64,56,22
64,56,23
64,56,24
64,56,25
64,56,26
64,56,27
64,56,28
64,56,31
64,57,16
64,57,17
64,57,21
64,57,22
64,57,23
64,57,24
64,57,25
64,57,26
64,57,27
64,57,28
64,57,29
64,57,30
64,57,31
64,58,16
64,58,17
64,58,22
64,58,23
64,58,24
64,58,25
64,58,26
64,58,27
64,58,28
64,58,29
64,58,30
64,59,16
64,59,17
64,59,18
64,59,22
64,59,23
64,59,24
64,59,25
64,59,26
64,59,27
64,59,28
64,59,29
64,59,30
64,60,16
64,60,17
64,60,18
64,60,19
64,60,20
64,60,21
64,60,22
64,60,23
64,60,24
64,60,25
64,60,26
64,60,27
64,60,28
64,60,29
64,60,30
64,61,16
64,61,17
64,61,18
64,61,19
64,61,20
64,61,21
64,61,22
64,61,23
64,61,24
64,61,25
64,61,26
64,61,27
64,61,28
64,61,29
64,62,16
64,62,17
64,62,18
64,62,19
64,62,20
64,62,21
64,62,25
64,62,26
64,62,27
64,62,28
64,63,16
64,63,17
64,63,18
64,63,19
64,63,26
64,64,17
65,24,24
65,24,25
65,24,26
65,24,29
65,24,30
65,25,24
65,25,25
65,25,26
65,25,27
65,25,28
65,25,29
65,25,30
65,25,31
65,26,22
65,26,23
65,26,24
65,26,25
65,26,26
65,26,27
65,26,28
65,26,29
65,26,30
65,26,31
65,27,21
65,27,22
65,27,23
65,27,24
65,27,25
65,27,26
65,27,27
65,27,28
65,27,29
65,27,30
65,27,31
65,28,20
65,28,21
65,28,22
65,28,23
65,28,24
65,28,25
65,28,28
65,28,29
65,28,30
65,28,31
65,29,20
65,29,21
65,29,22
65,29,23
65,29,29
65,29,30
65,29,31
65,30,20
65,30,21
65,30,22
65,30,29
65,30,30
65,31,21
65,31,29
65,31,30
65,32,29
65,32,30
65,33,30
65,33,32
65,33,33
65,34,32
65,49,31
65,49,32
65,50,23
65,50,24
65,50,25
65,50,31
65,50,32
65,51,17
65,51,18
65,51,23
65,51,24
65,51,25
65,51,30
65,51,31
65,51,32
65,52,16
65,52,17
65,52,18
65,52,19
65,52,23
65,52,24
65,52,25
65,52,26
65,52,30
65,52,31
65,52,32
65,53,15
65,53,19
65,53,20
65,53,21
65,53,22
65,53,23
65,53,24
65,53,25
65,53,26
65,53,31
65,53,32
65,54,15
65,54,16
65,54,20
65,54,21
65,54,22
65,54,23
65,54,24
65,54,25
65,54,26
65,54,32
65,55,15
65,55,16
65,55,21
65,55,22
65,55,23
65,55,24
65,55,25
65,55,26
65,55,27
65,55,32
65,56,15
65,56,16
65,56,21
65,56,22
65,56,23
65,56,24
65,56,25
65,56,26
65,56,27
65,56,28
65,56,31
65,56,32
65,57,15
65,57,16
65,57,17
65,57,21
65,57,22
65,57,23
65,57,24
65,57,25
65,57,26
65,57,27
65,57,28
65,57,29
65,57,30
65,57,31
65,58,15
65,58,16
65,58,17
65,58,21
65,58,22
65,58,23
65,58,24
65,58,25
65,58,26
65,58,27
65,58,28
65,58,29
65,58,30
65,58,31
65,59,15
65,59,16
65,59,17
65,59,18
65,59,19
65,59,20
65,59,21
65,59,22
65,59,23
65,59,24
65,59,25
65,59,26
65,59,27
65,59,28
65,59,29
65,59,30
65,60,16
65,60,17
65,60,18
65,60,19
65,60,22
65,60,23
65,60,24
65,60,25
65,60,26
65,60,27
65,60,28
65,60,29
65,60,30
65,61,15
65,61,16
65,61,17
65,61,18
65,61,19
65,61,20
65,61,21
65,61,22
65,61,23
65,61,24
65,61,25
65,61,26
65,61,27
65,61,28
65,61,29
65,62,16
65,62,17
65,62,18
65,62,19
65,62,25
65,62,26
65,62,27
65,62,28
65,63,16
65,63,17
65,63,18
65,63,26
65,64,16
65,64,17
66,24,29
66,24,30
66,25,25
66,25,26
66,25,29
66,25,30
66,25,31
66,26,23
66,26,24
66,26,29
66,26,30
66,26,31
66,26,32
66,27,22
66,27,23
66,27,29
66,27,30
66,27,31
66,28,21
66,28,22
66,28,29
66,28,30
66,28,31
66,29,30
66,30,30
66,39,33
66,46,29
66,46,30
66,49,24
66,49,25
66,49,31
66,49,32
66,50,24
66,50,25
66,50,31
66,50,32
66,51,17
66,51,18
66,51,24
66,51,25
66,51,26
66,51,31
66,51,32
66,52,15
66,52,18
66,52,19
66,52,24
66,52,25
66,52,26
66,52,31
66,52,32
66,53,15
66,53,19
66,53,20
66,53,21
66,53,25
66,53,26
66,53,31
66,53,32
66,54,15
66,54,20
66,54,21
66,54,22
66,54,23
66,54,31
66,54,32
66,55,14
66,55,15
66,55,16
66,55,20
66,55,21
66,55,22
66,55,23
66,55,24
66,55,31
66,55,32
66,56,14
66,56,15
66,56,16
66,56,21
66,56,22
66,56,23
66,56,24
66,56,28
66,56,29
66,56,30
66,56,31
66,56,32
66,57,15
66,57,16
66,57,17
66,57,19
66,57,20
66,57,21
66,57,22
66,57,23
66,57,24
66,57,25
66,57,27
66,57,28
66,57,29
66,57,30
66,57,31
66,58,15
66,58,16
66,58,17
66,58,18
66,58,19
66,58,20
66,58,21
66,58,22
66,58,23
66,58,24
66,58,25
66,58,27
66,58,28
66,58,29
66,58,30
66,58,31
66,59,14
66,59,15
66,59,16
66,59,17
66,59,22
66,59,23
66,59,24
66,59,25
66,59,27
66,59,28
66,59,29
66,59,30
66,60,15
66,60,16
66,60,17
66,60,18
66,60,23
66,60,24
66,60,25
66,60,26
66,60,27
66,60,28
66,60,29
66,60,30
66,61,15
66,61,16
66,61,17
66,61,18
66,61,22
66,61,23
66,61,24
66,61,25
66,61,26
66,61,27
66,61,28
66,61,29
66,62,15
66,62,16
66,62,17
66,62,18
66,62,19
66,62,24
66,62,25
66,62,26
66,62,27
66,62,28
66,63,15
66,63,16
66,63,17
66,63,18
66,63,25
66,63,26
66,64,15
66,64,16
66,76,22
67,24,30
67,24,31
67,24,32
67,25,30
67,25,31
67,25,32
67,26,30
67,26,31
67,26,32
67,27,30
67,27,31
67,28,30
67,28,31
67,36,17
67,37,17
67,37,18
67,38,17
67,38,18
67,44,32
67,46,29
67,46,30
67,46,31
67,46,32
67,49,25
67,49,30
67,49,31
67,49,32
67,50,17
67,50,24
67,50,25
67,50,26
67,50,31
67,50,32
67,51,15
67,51,17
67,51,18
67,51,19
67,51,25
67,51,26
67,51,31
67,51,32
67,52,15
67,52,18
67,52,19
67,52,20
67,52,25
67,52,26
67,52,31
67,52,32
67,53,14
67,53,15
67,53,19
67,53,20
67,53,21
67,53,31
67,53,32
67,54,15
67,54,18
67,54,19
67,54,20
67,54,21
67,54,22
67,54,30
67,54,31
67,54,32
67,55,14
67,55,15
67,55,16
67,55,17
67,55,18
67,55,19
67,55,20
67,55,21
67,55,22
67,55,23
67,55,29
67,55,30
67,55,31
67,55,32
67,56,14
67,56,15
67,56,16
67,56,17
67,56,18
67,56,19
67,56,20
67,56,21
67,56,22
67,56,23
67,56,24
67,56,29
67,56,30
67,56,31
67,56,32
67,57,14
67,57,15
67,57,16
67,57,17
67,57,20
67,57,21
67,57,22
67,57,23
67,57,24
67,57,28
67,57,29
67,57,30
67,57,31
67,58,14
67,58,15
67,58,16
67,58,17
67,58,22
67,58,23
67,58,24
67,58,28
67,58,29
67,58,30
67,58,31
67,59,14
67,59,15
67,59,16
67,59,22
67,59,23
67,59,24
67,59,28
67,59,29
67,59,30
67,60,14
67,60,15
67,60,16
67,60,17
67,60,23
67,60,24
67,60,25
67,60,28
67,60,29
67,60,30
67,61,15
67,61,16
67,61,17
67,61,22
67,61,23
67,61,24
67,61,25
67,61,26
67,61,27
67,61,28
67,61,29
67,62,15
67,62,16
67,62,17
67,62,18
67,62,22
67,62,23
67,62,24
67,62,25
67,62,26
67,62,27
67,62,28
67,63,15
67,63,16
67,63,17
67,63,24
67,63,25
67,63,26
67,64,15
67,64,16
67,65,15
68,24,31
68,25,30
68,25,31
68,26,30
68,26,31
68,27,30
68,27,31
68,35,17
68,36,17
68,36,18
68,37,16
68,37,17
68,37,18
68,38,17
68,38,18
68,39,16
68,39,17
68,39,18
68,40,17
68,40,19
68,41,19
68,41,20
68,42,20
68,42,21
68,43,20
68,43,21
68,43,32
68,44,32
68,44,33
68,46,15
68,46,29
68,46,30
68,46,31
68,46,32
68,47,15
68,47,17
68,47,18
68,48,15
68,48,16
68,48,17
68,48,18
68,48,19
68,49,15
68,49,16
68,49,17
68,49,18
68,49,19
68,49,30
68,49,31
68,49,32
68,49,33
68,50,15
68,50,16
68,50,17
68,50,18
68,50,19
68,50,20
68,50,21
68,50,30
68,50,31
68,50,32
68,50,33
68,51,14
68,51,15
68,51,16
68,51,17
68,51,18
68,51,19
68,51,20
68,51,21
68,51,31
68,51,32
68,51,33
68,52,14
68,52,15
68,52,16
68,52,17
68,52,18
68,52,21
68,52,31
68,52,32
68,52,33
68,53,14
68,53,15
68,53,16
68,53,19
68,53,20
68,53,21
68,53,22
68,53,29
68,53,30
68,53,31
68,53,32
68,53,33
68,54,14
68,54,15
68,54,16
68,54,19
68,54,20
68,54,21
68,54,22
68,54,29
68,54,30
68,54,31
68,54,32
68,54,33
68,55,14
68,55,15
68,55,16
68,55,19
68,55,20
68,55,21
68,55,22
68,55,29
68,55,30
68,55,31
68,55,32
68,56,14
68,56,15
68,56,16
68,56,17
68,56,20
68,56,21
68,56,22
68,56,29
68,56,30
68,56,31
68,57,14
68,57,15
68,57,16
68,57,22
68,57,23
68,57,29
68,57,30
68,57,31
68,58,14
68,58,15
68,58,16
68,58,17
68,58,23
68,58,29
68,58,30
68,59,14
68,59,15
68,59,16
68,59,22
68,59,23
68,59,29
68,59,30
68,60,14
68,60,15
68,60,16
68,60,17
68,60,23
68,60,24
68,60,28
68,60,29
68,61,14
68,61,15
68,61,16
68,61,22
68,61,23
68,61,24
68,61,25
68,61,28
68,62,15
68,62,16
68,62,17
68,62,22
68,62,23
68,62,24
68,62,25
68,63,14
68,63,15
68,63,16
68,63,17
68,63,23
68,63,24
68,63,25
68,64,15
68,64,16
68,64,24
68,65,15
69,25,31
69,26,30
69,26,31
69,34,16
69,35,16
69,35,17
69,36,16
69,36,17
69,37,16
69,37,17
69,37,18
69,38,16
69,38,17
69,38,18
69,39,16
69,39,17
69,39,18
69,40,16
69,40,17
69,40,18
69,40,19
69,40,20
69,41,16
69,41,17
69,41,18
69,41,19
69,41,20
69,41,21
69,42,14
69,42,15
69,42,16
69,42,17
69,42,18
69,42,19
69,42,20
69,42,21
69,43,15
69,43,16
69,43,17
69,43,19
69,43,20
69,43,21
69,44,15
69,44,16
69,44,20
69,45,15
69,45,16
69,46,15
69,46,16
69,46,17
69,46,29
69,46,30
69,46,31
69,47,15
69,47,16
69,47,17
69,48,15
69,48,16
69,48,17
69,48,18
69,48,19
69,49,14
69,49,15
69,49,16
69,49,17
69,49,18
69,49,19
69,49,20
69,49,21
69,49,30
69,49,31
69,50,14
69,50,15
69,50,16
69,50,17
69,50,18
69,50,19
69,50,20
69,50,21
69,50,30
69,50,31
69,50,32
69,51,14
69,51,15
69,51,16
69,51,17
69,51,18
69,51,21
69,51,29
69,51,30
69,51,31
69,51,32
69,52,14
69,52,15
69,52,30
69,52,31
69,52,32
69,52,33
69,53,13
69,53,14
69,53,15
69,53,21
69,53,22
69,53,29
69,53,30
69,53,31
69,53,32
69,53,33
69,54,13
69,54,14
69,54,15
69,54,20
69,54,21
69,54,22
69,54,29
69,54,30
69,54,31
69,54,32
69,54,33
69,55,13
69,55,14
69,55,15
69,55,20
69,55,21
69,55,22
69,55,29
69,55,30
69,55,31
69,56,14
69,56,15
69,56,16
69,56,21
69,56,22
69,56,29
69,56,30
69,56,31
69,57,13
69,57,14
69,57,15
69,57,16
69,57,22
69,57,29
69,57,30
69,58,14
69,58,15
69,58,16
69,58,29
69,59,13
69,59,14
69,59,15
69,59,16
69,59,22
69,59,23
69,59,29
69,60,14
69,60,15
69,60,16
69,60,23
69,60,24
69,61,14
69,61,15
69,61,16
69,61,22
69,61,23
69,61,24
69,62,14
69,62,15
69,62,16
69,62,17
69,62,21
69,62,22
69,62,23
69,62,24
69,63,14
69,63,15
69,63,16
69,63,17
69,63,22
69,63,23
69,63,24
69,64,14
69,64,15
69,64,16
69,64,23
69,65,15
70,33,16
70,34,16
70,35,16
70,35,17
70,36,15
70,36,16
70,36,17
70,37,16
70,37,17
70,37,18
70,38,15
70,38,16
70,38,17
70,38,18
70,39,15
70,39,16
70,39,17
70,39,18
70,40,15
70,40,16
70,40,17
70,40,18
70,40,19
70,41,15
70,41,16
70,41,17
70,41,18
70,41,19
70,42,14
70,42,15
70,42,16
70,42,17
70,42,18
70,42,19
70,42,20
70,43,14
70,43,15
70,43,16
70,43,17
70,43,18
70,43,19
70,43,20
70,44,14
70,44,15
70,44,16
70,44,17
70,44,18
70,44,19
70,44,20
70,45,14
70,45,15
70,45,16
70,45,17
70,45,18
70,45,19
70,46,14
70,46,15
70,46,16
70,46,17
70,46,18
70,46,19
70,46,30
70,47,14
70,47,15
70,47,16
70,47,17
70,47,18
70,47,19
70,48,14
70,48,15
70,48,16
70,48,17
70,48,18
70,48,19
70,48,20
70,49,14
70,49,15
70,49,16
70,49,17
70,49,20
70,49,21
70,49,30
70,49,31
70,50,14
70,50,15
70,50,16
70,50,17
70,50,20
70,50,21
70,50,30
70,50,31
70,51,14
70,51,15
70,51,18
70,51,21
70,51,30
70,51,31
70,52,13
70,52,14
70,52,30
70,52,31
70,52,32
70,53,13
70,53,14
70,53,15
70,53,21
70,53,30
70,53,31
70,53,32
70,54,13
70,54,14
70,54,15
70,54,20
70,54,21
70,54,30
70,54,31
70,55,13
70,55,14
70,55,15
70,55,20
70,55,21
70,55,30
70,55,31
70,56,13
70,56,14
70,56,15
70,56,16
70,56,21
70,57,13
70,57,14
70,57,15
70,57,21
70,58,13
70,58,14
70,58,15
70,58,16
70,58,22
70,59,13
70,59,14
70,59,15
70,59,21
70,59,22
70,59,23
70,60,13
70,60,14
70,60,15
70,60,16
70,60,22
70,60,23
70,60,24
70,61,14
70,61,15
70,61,16
70,61,21
70,61,22
70,61,23
70,61,24
70,62,14
70,62,15
70,62,16
70,62,17
70,62,21
70,62,22
70,62,23
70,62,24
70,63,14
70,63,15
70,63,16
70,63,17
70,63,22
70,63,23
70,63,24
70,64,14
70,64,15
70,64,22
71,28,16
71,29,16
71,30,15
71,30,16
71,31,15
71,31,16
71,32,15
71,32,16
71,33,15
71,33,16
71,34,15
71,34,16
71,35,15
71,35,16
71,35,17
71,36,15
71,36,16
71,36,17
71,37,15
71,37,16
71,37,17
71,38,15
71,38,16
71,38,17
71,38,18
71,39,15
71,39,16
71,39,17
71,39,18
71,40,15
71,40,16
71,40,17
71,40,18
71,41,14
71,41,15
71,41,16
71,41,17
71,41,18
71,41,19
71,42,14
71,42,15
71,42,16
71,42,17
71,42,18
71,42,19
71,43,14
71,43,15
71,43,16
71,43,17
71,43,18
71,43,19
71,43,20
71,44,14
71,44,15
71,44,16
71,44,19
71,44,20
71,45,14
71,45,15
71,45,16
71,45,19
71,45,20
71,46,14
71,46,15
71,46,16
71,46,19
71,46,20
71,47,14
71,47,15
71,47,16
71,47,19
71,47,20
71,48,14
71,48,15
71,48,16
71,48,20
71,49,14
71,49,15
71,49,16
71,49,21
71,49,30
71,50,14
71,50,15
71,50,16
71,50,21
71,50,30
71,50,31
71,51,14
71,51,15
71,51,20
71,51,21
71,51,30
71,51,31
71,52,14
71,52,21
71,52,30
71,52,31
71,53,13
71,53,14
71,53,15
71,53,19
71,53,20
71,53,30
71,53,31
71,54,13
71,54,14
71,54,15
71,54,16
71,54,19
71,54,20
71,54,30
71,54,31
71,55,13
71,55,14
71,55,15
71,55,16
71,55,19
71,55,20
71,56,13
71,56,14
71,56,15
71,56,16
71,56,20
71,56,21
71,57,13
71,57,14
71,57,15
71,57,21
71,58,13
71,58,14
71,58,15
71,58,16
71,58,21
71,58,22
71,59,13
71,59,14
71,59,15
71,59,21
71,59,22
71,59,23
71,60,13
71,60,14
71,60,15
71,60,16
71,60,21
71,60,22
71,60,23
71,60,24
71,60,25
71,61,13
71,61,14
71,61,15
71,61,16
71,61,21
71,61,22
71,61,23
71,61,24
71,61,25
71,62,13
71,62,14
71,62,15
71,62,16
71,62,17
71,62,21
71,62,22
71,62,23
71,62,24
71,63,14
71,63,15
71,63,16
71,63,17
71,63,22
71,63,23
71,63,24
71,64,14
71,64,15
71,64,21
71,64,22
72,27,16
72,28,15
72,28,16
72,28,17
72,29,16
72,30,15
72,30,16
72,31,15
72,31,16
72,32,15
72,32,16
72,33,15
72,33,16
72,33,17
72,34,15
72,34,16
72,34,17
72,35,15
72,35,16
72,35,17
72,36,15
72,36,16
72,36,17
72,37,15
72,37,16
72,37,17
72,38,15
72,38,16
72,38,17
72,38,18
72,39,15
72,39,16
72,39,17
72,39,18
72,40,14
72,40,15
72,40,16
72,40,17
72,40,18
72,41,14
72,41,15
72,41,16
72,41,17
72,41,18
72,42,14
72,42,15
72,42,16
72,42,17
72,42,18
72,42,19
72,43,14
72,43,15
72,43,16
72,43,17
72,43,18
72,43,19
72,44,14
72,44,15
72,45,14
72,45,15
72,45,20
72,46,14
72,46,15
72,46,20
72,47,14
72,47,15
72,47,20
72,48,14
72,48,15
72,48,20
72,49,14
72,49,15
72,49,16
72,49,21
72,50,14
72,50,15
72,50,16
72,50,21
72,51,13
72,51,14
72,51,15
72,51,16
72,51,17
72,51,20
72,51,21
72,51,31
72,52,14
72,52,15
72,52,20
72,52,30
72,52,31
72,53,13
72,53,14
72,53,15
72,53,16
72,53,17
72,53,18
72,53,19
72,53,20
72,53,30
72,53,31
72,54,13
72,54,14
72,54,15
72,54,16
72,54,17
72,54,18
72,54,19
72,54,20
72,55,13
72,55,14
72,55,15
72,55,16
72,55,17
72,55,18
72,55,19
72,55,20
72,55,21
72,56,13
72,56,14
72,56,15
72,56,16
72,56,17
72,56,18
72,56,19
72,56,20
72,56,21
72,57,13
72,57,14
72,57,15
72,57,16
72,57,20
72,57,21
72,58,13
72,58,14
72,58,15
72,58,16
72,58,20
72,58,21
72,58,22
72,59,13
72,59,14
72,59,15
72,59,20
72,59,21
72,59,22
72,59,23
72,59,24
72,60,14
72,60,15
72,60,16
72,60,20
72,60,21
72,60,22
72,60,23
72,60,24
72,60,25
72,61,13
72,61,14
72,61,15
72,61,16
72,61,17
72,61,20
72,61,21
72,61,22
72,61,23
72,61,24
72,61,25
72,62,13
72,62,14
72,62,15
72,62,16
72,62,17
72,62,21
72,62,22
72,62,23
72,62,24
72,62,25
72,63,14
72,63,15
72,63,16
72,63,17
72,63,18
72,63,21
72,63,22
72,63,23
72,63,24
72,63,25
72,64,15
72,64,21
73,27,16
73,27,17
73,27,18
73,28,15
73,28,16
73,28,17
73,29,15
73,29,16
73,29,17
73,30,15
73,30,16
73,30,17
73,31,15
73,31,16
73,31,17
73,32,15
73,32,16
73,32,17
73,33,15
73,33,16
73,33,17
73,34,15
73,34,16
73,34,17
73,35,15
73,35,16
73,35,17
73,36,15
73,36,16
73,36,17
73,36,18
73,37,15
73,37,16
73,37,17
73,37,18
73,38,15
73,38,16
73,38,17
73,38,18
73,39,14
73,39,15
73,39,16
73,39,17
73,39,18
73,40,14
73,40,15
73,40,16
73,40,17
73,40,18
73,41,14
73,41,15
73,41,16
73,41,17
73,41,18
73,42,14
73,42,15
73,42,16
73,42,17
73,42,18
73,42,19
73,43,14
73,43,15
73,43,16
73,43,17
73,43,18
73,43,19
73,44,14
73,44,15
73,44,20
73,45,14
73,45,15
73,45,20
73,46,14
73,46,15
73,46,20
73,47,14
73,47,15
73,47,20
73,48,14
73,48,15
73,48,20
73,48,21
73,49,15
73,49,16
73,49,20
73,49,21
73,50,14
73,50,15
73,50,16
73,50,17
73,50,20
73,50,21
73,51,14
73,51,15
73,51,16
73,51,20
73,51,21
73,52,16
73,52,17
73,52,20
73,53,14
73,53,16
73,53,17
73,53,20
73,53,21
73,54,13
73,54,14
73,54,17
73,54,20
73,54,21
73,55,13
73,55,14
73,55,15
73,55,19
73,55,20
73,55,21
73,56,13
73,56,14
73,56,15
73,56,19
73,56,20
73,56,21
73,57,13
73,57,14
73,57,15
73,57,19
73,57,20
73,57,21
73,57,22
73,58,13
73,58,14
73,58,15
73,58,19
73,58,20
73,58,21
73,58,22
73,59,14
73,59,15
73,59,16
73,59,20
73,59,21
73,59,22
73,59,23
73,59,24
73,60,13
73,60,14
73,60,15
73,60,16
73,60,20
73,60,21
73,60,22
73,60,23
73,60,24
73,60,25
73,61,14
73,61,15
73,61,16
73,61,17
73,61,20
73,61,21
73,61,22
73,61,23
73,61,24
73,61,25
73,62,14
73,62,15
73,62,16
73,62,17
73,62,21
73,62,22
73,62,23
73,62,24
73,62,25
73,63,15
73,63,16
73,63,17
73,63,21
73,63,22
73,63,23
73,63,24
73,63,25
73,64,15
73,64,21
74,26,17
74,26,18
74,27,16
74,27,17
74,27,18
74,28,16
74,28,17
74,28,18
74,29,15
74,29,16
74,29,17
74,29,18
74,30,15
74,30,16
74,30,17
74,30,18
74,31,15
74,31,16
74,31,17
74,31,18
74,32,15
74,32,16
74,32,17
74,32,18
74,33,15
74,33,16
74,33,17
74,33,18
74,34,15
74,34,16
74,34,17
74,34,18
74,35,15
74,35,16
74,35,17
74,35,18
74,36,15
74,36,16
74,36,17
74,36,18
74,37,15
74,37,16
74,37,17
74,37,18
74,38,15
74,38,16
74,38,17
74,38,18
74,39,15
74,39,16
74,39,17
74,39,18
74,40,15
74,40,16
74,40,17
74,40,18
74,41,15
74,41,16
74,41,17
74,41,18
74,42,14
74,42,15
74,42,16
74,42,17
74,42,18
74,42,19
74,43,14
74,43,15
74,43,16
74,43,17
74,43,18
74,43,19
74,44,14
74,44,15
74,44,16
74,44,19
74,44,20
74,45,14
74,45,15
74,45,16
74,45,19
74,45,20
74,46,15
74,46,16
74,46,19
74,46,20
74,47,15
74,47,16
74,47,19
74,47,20
74,48,15
74,48,16
74,48,19
74,48,20
74,48,21
74,49,16
74,49,17
74,49,18
74,49,19
74,49,20
74,49,21
74,50,18
74,50,19
74,50,20
74,50,21
74,51,20
74,52,20
74,52,21
74,53,14
74,53,20
74,53,21
74,54,13
74,54,14
74,54,20
74,54,21
74,55,13
74,55,14
74,55,15
74,55,20
74,55,21
74,56,14
74,56,15
74,56,20
74,56,21
74,56,22
74,57,13
74,57,14
74,57,15
74,57,20
74,57,21
74,57,22
74,57,23
74,58,14
74,58,15
74,58,16
74,58,20
74,58,21
74,58,22
74,58,23
74,58,24
74,59,14
74,59,15
74,59,16
74,59,20
74,59,21
74,59,22
74,59,23
74,59,24
74,60,14
74,60,15
74,60,16
74,60,20
74,60,21
74,60,22
74,60,23
74,60,24
74,60,25
74,60,26
74,61,14
74,61,15
74,61,16
74,61,17
74,61,21
74,61,22
74,61,23
74,61,24
74,61,25
74,61,26
74,61,27
74,62,14
74,62,15
74,62,16
74,62,17
74,62,21
74,62,22
74,62,23
74,62,24
74,62,25
74,62,26
74,62,27
74,63,15
74,63,16
74,63,17
74,63,22
74,63,23
74,63,24
74,63,25
74,63,26
74,64,15
74,64,25
75,26,16
75,26,17
75,26,18
75,27,15
75,27,16
75,27,17
75,27,18
75,28,16
75,28,17
75,28,18
75,29,15
75,29,16
75,29,17
75,29,18
75,30,15
75,30,16
75,30,17
75,30,18
75,31,15
75,31,16
75,31,17
75,31,18
75,32,15
75,32,16
75,32,17
75,32,18
75,33,15
75,33,16
75,33,17
75,33,18
75,34,15
75,34,16
75,34,17
75,34,18
75,35,15
75,35,16
75,35,17
75,36,15
75,36,16
75,36,17
75,37,16
75,37,17
75,37,18
75,38,15
75,38,16
75,38,17
75,38,18
75,39,16
75,39,17
75,39,18
75,40,16
75,40,17
75,41,16
75,41,17
75,42,16
75,43,15
75,43,16
75,43,17
75,43,18
75,43,19
75,44,15
75,44,16
75,44,17
75,44,18
75,44,19
75,45,15
75,45,16
75,45,17
75,45,18
75,45,19
75,46,15
75,46,16
75,46,17
75,46,18
75,46,19
75,47,15
75,47,17
75,47,18
75,47,19
75,48,17
75,48,18
75,49,17
75,49,18
75,50,18
75,53,20
75,53,21
75,54,14
75,54,15
75,54,20
75,54,21
75,54,22
75,55,14
75,55,15
75,55,20
75,55,21
75,55,22
75,55,23
75,56,14
75,56,15
75,56,20
75,56,21
75,56,22
75,56,23
75,56,24
75,57,14
75,57,15
75,57,20
75,57,21
75,57,22
75,57,23
75,57,24
75,57,25
75,58,14
75,58,15
75,58,20
75,58,21
75,58,22
75,58,23
75,58,24
75,58,25
75,58,26
75,59,14
75,59,15
75,59,16
75,59,21
75,59,22
75,59,23
75,59,24
75,59,25
75,59,26
75,59,27
75,59,28
75,60,14
75,60,15
75,60,16
75,60,21
75,60,22
75,60,23
75,60,24
75,60,25
75,60,26
75,60,27
75,60,28
75,61,15
75,61,16
75,61,21
75,61,22
75,61,23
75,61,24
75,61,25
75,61,26
75,61,27
75,61,28
75,61,29
75,62,15
75,62,16
75,62,17
75,62,23
75,62,24
75,62,25
75,62,26
75,62,27
75,62,28
75,62,29
75,63,15
75,63,16
75,63,17
75,63,23
75,63,24
75,63,25
75,63,26
75,63,27
75,63,28
75,64,15
75,64,25
76,27,17
76,27,18
76,28,15
76,28,16
76,28,17
76,28,18
76,29,15
76,29,16
76,29,17
76,29,18
76,30,15
76,30,16
76,30,17
76,31,15
76,31,16
76,31,17
76,32,15
76,32,16
76,32,17
76,33,15
76,33,16
76,33,17
76,34,15
76,34,16
76,34,17
76,35,16
76,35,17
76,36,15
76,36,16
76,36,17
76,37,15
76,37,16
76,37,17
76,38,16
76,38,17
76,39,16
76,39,17
76,40,16
76,40,17
76,41,16
76,41,17
76,42,16
76,43,16
76,43,17
76,44,16
76,44,17
76,44,18
76,45,17
76,45,18
76,46,17
76,46,18
76,47,17
76,47,18
76,48,17
76,48,18
76,49,17
76,49,18
76,51,14
76,52,14
76,52,15
76,53,15
76,54,15
76,54,20
76,54,21
76,54,22
76,55,14
76,55,15
76,55,20
76,55,21
76,55,22
76,55,23
76,55,24
76,56,14
76,56,15
76,56,20
76,56,21
76,56,22
76,56,23
76,56,24
76,56,25
76,57,14
76,57,15
76,57,20
76,57,21
76,57,22
76,57,23
76,57,24
76,57,25
76,57,26
76,57,27
76,58,14
76,58,15
76,58,20
76,58,21
76,58,22
76,58,23
76,58,24
76,58,25
76,58,26
76,58,27
76,58,28
76,59,14
76,59,15
76,59,16
76,59,20
76,59,21
76,59,22
76,59,23
76,59,24
76,59,25
76,59,26
76,59,27
76,59,28
76,60,14
76,60,15
76,60,16
76,60,20
76,60,21
76,60,22
76,60,23
76,60,24
76,60,25
76,60,26
76,60,27
76,60,28
76,60,29
76,61,14
76,61,15
76,61,16
76,61,21
76,61,22
76,61,23
76,61,24
76,61,25
76,61,26
76,61,27
76,61,28
76,61,29
76,62,14
76,62,15
76,62,16
76,62,17
76,62,23
76,62,24
76,62,25
76,62,26
76,62,27
76,62,28
76,62,29
76,63,15
76,63,16
76,63,17
76,63,23
76,63,24
76,63,25
76,63,26
76,63,27
76,63,28
77,27,17
77,27,18
77,28,15
77,28,16
77,28,17
77,28,18
77,29,15
77,29,16
77,29,17
77,29,18
77,30,15
77,30,16
77,30,17
77,30,18
77,31,15
77,31,16
77,31,17
77,31,18
77,32,15
77,32,16
77,32,17
77,32,18
77,33,15
77,33,16
77,33,17
77,33,18
77,34,15
77,34,16
77,34,17
77,34,18
77,35,15
77,35,16
77,35,17
77,35,18
77,36,15
77,36,16
77,36,17
77,36,18
77,37,15
77,37,16
77,37,17
77,37,18
77,38,15
77,38,16
77,38,17
77,38,18
77,39,15
77,39,16
77,39,17
77,39,18
77,40,15
77,40,16
77,40,17
77,40,18
77,41,15
77,41,16
77,41,17
77,41,18
77,42,15
77,42,16
77,42,17
77,42,18
77,43,15
77,43,16
77,43,17
77,43,18
77,43,19
77,44,15
77,44,16
77,44,17
77,44,18
77,44,19
77,45,15
77,45,16
77,45,17
77,45,18
77,45,19
77,46,15
77,46,16
77,46,17
77,46,18
77,46,19
77,47,15
77,47,16
77,47,17
77,47,18
77,47,19
77,48,15
77,48,16
77,48,17
77,48,18
77,48,19
77,49,15
77,49,16
77,49,17
77,49,18
77,49,19
77,50,14
77,50,15
77,50,18
77,51,14
77,51,15
77,52,14
77,52,15
77,52,20
77,53,14
77,53,15
77,53,20
77,53,21
77,54,14
77,54,15
77,54,20
77,54,21
77,54,22
77,55,14
77,55,15
77,55,20
77,55,21
77,55,22
77,56,14
77,56,15
77,56,20
77,56,21
77,56,22
77,56,23
77,57,14
77,57,15
77,57,20
77,57,21
77,57,22
77,57,23
77,57,24
77,58,14
77,58,15
77,58,20
77,58,21
77,58,22
77,58,23
77,58,24
77,58,25
77,59,14
77,59,15
77,59,16
77,59,21
77,59,22
77,59,23
77,59,24
77,59,25
77,59,26
77,59,27
77,60,14
77,60,15
77,60,16
77,60,21
77,60,22
77,60,23
77,60,24
77,60,25
77,60,26
77,60,27
77,61,14
77,61,15
77,61,16
77,61,17
77,61,21
77,61,22
77,61,23
77,61,24
77,61,25
77,61,26
77,61,27
77,61,28
77,62,14
77,62,15
77,62,16
77,62,17
77,62,22
77,62,23
77,62,24
77,62,25
77,62,26
77,62,27
77,62,28
77,63,15
77,63,16
77,63,17
77,63,23
77,63,24
77,63,25
77,63,26
77,63,27
77,63,28
78,27,16
78,27,17
78,27,18
78,28,15
78,28,16
78,28,17
78,28,18
78,29,15
78,29,16
78,29,17
78,30,15
78,30,16
78,30,17
78,30,18
78,31,15
78,31,16
78,31,17
78,31,18
78,32,14
78,32,15
78,32,16
78,32,17
78,32,18
78,33,14
78,33,15
78,33,16
78,33,17
78,33,18
78,34,14
78,34,15
78,34,16
78,34,17
78,34,18
78,35,14
78,35,15
78,35,16
78,35,17
78,35,18
78,36,14
78,36,15
78,36,16
78,36,17
78,36,18
78,37,14
78,37,15
78,37,16
78,37,17
78,37,18
78,38,14
78,38,15
78,38,16
78,38,17
78,38,18
78,39,14
78,39,15
78,39,16
78,39,17
78,39,18
78,40,14
78,40,15
78,40,16
78,40,17
78,40,18
78,41,14
78,41,15
78,41,16
78,41,17
78,41,18
78,42,14
78,42,15
78,42,16
78,42,17
78,42,18
78,42,19
78,43,14
78,43,15
78,43,16
78,43,17
78,43,18
78,43,19
78,44,14
78,44,15
78,44,16
78,44,19
78,45,14
78,45,15
78,45,16
78,45,19
78,45,20
78,46,14
78,46,15
78,46,16
78,46,19
78,46,20
78,47,14
78,47,15
78,47,16
78,47,19
78,47,20
78,48,14
78,48,15
78,48,16
78,48,19
78,48,20
78,48,21
78,49,14
78,49,15
78,49,16
78,49,17
78,49,18
78,49,19
78,49,20
78,49,21
78,50,14
78,50,15
78,50,16
78,50,17
78,50,18
78,50,19
78,50,20
78,50,21
78,51,13
78,51,14
78,51,15
78,51,16
78,51,20
78,51,21
78,52,13
78,52,14
78,52,15
78,52,16
78,52,20
78,52,21
78,53,13
78,53,14
78,53,15
78,53,16
78,53,20
78,53,21
78,54,13
78,54,14
78,54,15
78,54,19
78,54,20
78,54,21
78,55,13
78,55,14
78,55,15
78,55,19
78,55,20
78,55,21
78,56,13
78,56,14
78,56,15
78,56,19
78,56,20
78,56,21
78,56,22
78,57,14
78,57,15
78,57,20
78,57,21
78,57,22
78,57,23
78,58,14
78,58,15
78,58,20
78,58,21
78,58,22
78,58,23
78,58,24
78,59,14
78,59,15
78,59,16
78,59,20
78,59,21
78,59,22
78,59,23
78,59,24
78,60,14
78,60,15
78,60,16
78,60,20
78,60,21
78,60,22
78,60,23
78,60,24
78,60,25
78,60,26
78,61,14
78,61,15
78,61,16
78,61,17
78,61,21
78,61,22
78,61,23
78,61,24
78,61,25
78,61,26
78,62,15
78,62,16
78,62,17
78,62,21
78,62,22
78,62,23
78,62,24
78,62,25
78,62,26
78,63,15
78,63,16
78,63,17
78,63,21
78,63,22
78,63,23
78,63,24
78,63,25
78,63,26
78,64,21
79,27,16
79,27,17
79,28,15
79,28,16
79,28,17
79,29,15
79,29,16
79,29,17
79,30,15
79,30,16
79,31,15
79,31,16
79,31,17
79,32,14
79,32,15
79,32,16
79,32,17
79,33,14
79,33,15
79,33,16
79,33,17
79,34,14
79,34,15
79,34,16
79,34,17
79,35,14
79,35,15
79,35,16
79,35,17
79,36,14
79,36,15
79,36,16
79,36,17
79,37,14
79,37,15
79,37,16
79,37,17
79,38,14
79,38,15
79,38,16
79,38,17
79,38,18
79,39,14
79,39,15
79,39,16
79,39,17
79,39,18
79,40,14
79,40,15
79,40,16
79,40,17
79,40,18
79,41,14
79,41,15
79,41,16
79,41,17
79,41,18
79,42,14
79,42,15
79,42,16
79,42,17
79,42,18
79,42,19
79,43,14
79,43,15
79,43,16
79,43,17
79,43,18
79,43,19
79,44,14
79,44,15
79,45,14
79,45,15
79,45,20
79,46,14
79,46,15
79,46,20
79,47,14
79,47,15
79,47,20
79,48,14
79,48,15
79,48,20
79,48,21
79,49,14
79,49,15
79,49,16
79,49,20
79,49,21
79,50,13
79,50,14
79,50,15
79,50,16
79,50,17
79,50,20
79,50,21
79,51,13
79,51,14
79,51,15
79,51,16
79,51,17
79,51,19
79,51,20
79,51,21
79,52,13
79,52,14
79,52,15
79,52,16
79,52,17
79,52,20
79,52,21
79,52,31
79,53,13
79,53,14
79,53,15
79,53,16
79,53,17
79,53,20
79,53,21
79,54,13
79,54,14
79,54,15
79,54,16
79,54,17
79,54,19
79,54,20
79,54,21
79,55,13
79,55,14
79,55,15
79,55,16
79,55,17
79,55,19
79,55,20
79,55,21
79,56,13
79,56,14
79,56,15
79,56,16
79,56,17
79,56,19
79,56,20
79,56,21
79,57,13
79,57,14
79,57,15
79,57,16
79,57,17
79,57,19
79,57,20
79,57,21
79,57,22
79,58,13
79,58,14
79,58,15
79,58,16
79,58,17
79,58,19
79,58,20
79,58,21
79,58,22
79,59,13
79,59,14
79,59,15
79,59,16
79,59,20
79,59,21
79,59,22
79,59,23
79,59,24
79,59,25
79,60,13
79,60,14
79,60,15
79,60,16
79,60,20
79,60,21
79,60,22
79,60,23
79,60,24
79,60,25
79,61,14
79,61,15
79,61,16
79,61,17
79,61,20
79,61,21
79,61,22
79,61,23
79,61,24
79,61,25
79,62,14
79,62,15
79,62,16
79,62,17
79,62,21
79,62,22
79,62,23
79,62,24
79,62,25
79,63,14
79,63,15
79,63,16
79,63,17
79,63,21
79,63,22
79,63,23
79,63,24
79,63,25
79,64,21
80,27,16
80,28,15
80,28,16
80,29,15
80,29,16
80,30,15
80,30,16
80,31,15
80,31,16
80,32,14
80,32,15
80,32,16
80,33,14
80,33,15
80,33,16
80,34,15
80,34,16
80,34,17
80,35,15
80,35,16
80,35,17
80,36,15
80,36,16
80,36,17
80,37,14
80,37,15
80,37,16
80,37,17
80,38,14
80,38,15
80,38,16
80,38,17
80,39,14
80,39,15
80,39,16
80,39,17
80,39,18
80,40,14
80,40,15
80,40,16
80,40,17
80,40,18
80,41,14
80,41,15
80,41,16
80,41,17
80,41,18
80,42,14
80,42,15
80,42,16
80,42,17
80,42,18
80,42,19
80,43,14
80,43,15
80,43,16
80,43,17
80,43,18
80,43,19
80,44,14
80,44,15
80,45,14
80,45,15
80,45,20
80,46,14
80,46,15
80,46,20
80,47,14
80,47,15
80,47,20
80,48,14
80,48,15
80,48,20
80,49,13
80,49,14
80,49,15
80,49,16
80,49,21
80,50,13
80,50,14
80,50,15
80,50,16
80,50,21
80,50,31
80,51,13
80,51,14
80,51,15
80,51,16
80,51,17
80,51,20
80,51,21
80,51,30
80,51,31
80,52,13
80,52,14
80,52,15
80,52,18
80,52,19
80,52,20
80,52,21
80,52,30
80,52,31
80,53,13
80,53,14
80,53,15
80,53,16
80,53,17
80,53,18
80,53,19
80,53,20
80,53,30
80,53,31
80,54,13
80,54,14
80,54,15
80,54,16
80,54,17
80,54,18
80,54,19
80,54,20
80,54,31
80,55,13
80,55,14
80,55,15
80,55,16
80,55,17
80,55,18
80,55,19
80,55,20
80,55,21
80,56,13
80,56,14
80,56,15
80,56,16
80,56,17
80,56,18
80,56,19
80,56,20
80,56,21
80,57,13
80,57,14
80,57,15
80,57,16
80,57,17
80,57,18
80,57,19
80,57,20
80,57,21
80,57,22
80,58,13
80,58,14
80,58,15
80,58,16
80,58,17
80,58,20
80,58,21
80,58,22
80,58,25
80,59,13
80,59,14
80,59,15
80,59,16
80,59,17
80,59,20
80,59,21
80,59,22
80,59,23
80,59,24
80,59,25
80,60,13
80,60,14
80,60,15
80,60,16
80,60,17
80,60,20
80,60,21
80,60,22
80,60,23
80,60,24
80,60,25
80,61,13
80,61,14
80,61,15
80,61,16
80,61,17
80,61,18
80,61,21
80,61,22
80,61,23
80,61,24
80,61,25
80,62,14
80,62,15
80,62,16
80,62,17
80,62,18
80,62,19
80,62,20
80,62,21
80,62,22
80,62,23
80,62,24
80,62,25
80,63,14
80,63,15
80,63,16
80,63,17
80,63,18
80,63,20
80,63,21
80,63,22
80,63,23
80,63,24
80,63,25
80,64,21
80,64,25
81,30,15
81,31,15
81,32,15
81,32,16
81,33,15
81,33,16
81,34,15
81,34,16
81,35,15
81,35,16
81,35,17
81,36,15
81,36,16
81,36,17
81,37,15
81,37,16
81,37,17
81,38,15
81,38,16
81,38,17
81,39,15
81,39,16
81,39,17
81,39,18
81,40,15
81,40,16
81,40,17
81,40,18
81,41,14
81,41,15
81,41,16
81,41,17
81,41,18
81,42,14
81,42,15
81,42,16
81,42,17
81,42,18
81,42,19
81,43,14
81,43,15
81,43,16
81,43,17
81,43,18
81,43,19
81,44,14
81,44,15
81,44,16
81,44,19
81,44,20
81,45,14
81,45,15
81,45,16
81,45,19
81,45,20
81,46,14
81,46,15
81,46,16
81,46,19
81,46,20
81,47,14
81,47,15
81,47,16
81,47,19
81,47,20
81,48,14
81,48,15
81,48,16
81,48,20
81,49,14
81,49,15
81,49,16
81,49,21
81,49,30
81,49,31
81,50,14
81,50,15
81,50,16
81,50,21
81,50,30
81,50,31
81,51,13
81,51,14
81,51,15
81,51,20
81,51,21
81,51,30
81,51,31
81,52,13
81,52,14
81,52,21
81,52,30
81,52,31
81,52,32
81,53,13
81,53,14
81,53,15
81,53,18
81,53,19
81,53,20
81,53,21
81,53,30
81,53,31
81,53,32
81,54,13
81,54,14
81,54,15
81,54,16
81,54,19
81,54,20
81,54,31
81,55,13
81,55,14
81,55,15
81,55,16
81,55,17
81,55,18
81,55,19
81,55,20
81,56,13
81,56,14
81,56,15
81,56,16
81,56,17
81,56,20
81,56,21
81,57,13
81,57,14
81,57,15
81,57,16
81,57,20
81,57,21
81,58,13
81,58,14
81,58,15
81,58,16
81,58,21
81,58,22
81,58,24
81,58,25
81,59,13
81,59,14
81,59,15
81,59,16
81,59,21
81,59,22
81,59,23
81,59,24
81,59,25
81,59,26
81,60,13
81,60,14
81,60,15
81,60,16
81,60,21
81,60,22
81,60,23
81,60,24
81,60,25
81,60,26
81,61,14
81,61,15
81,61,16
81,61,17
81,61,22
81,61,23
81,61,24
81,61,25
81,62,14
81,62,15
81,62,16
81,62,17
81,62,21
81,62,22
81,62,23
81,62,24
81,63,14
81,63,15
81,63,16
81,63,17
81,63,21
81,63,22
81,63,23
81,63,24
81,64,14
81,64,15
81,64,19
81,64,22
81,64,24
81,82,26
82,35,15
82,35,16
82,36,15
82,36,16
82,36,17
82,37,16
82,37,17
82,38,15
82,38,16
82,38,17
82,38,18
82,39,15
82,39,16
82,39,17
82,39,18
82,40,15
82,40,16
82,40,17
82,40,18
82,41,15
82,41,16
82,41,17
82,41,18
82,41,19
82,42,14
82,42,15
82,42,16
82,42,17
82,42,18
82,42,19
82,43,14
82,43,15
82,43,16
82,43,17
82,43,18
82,43,19
82,44,14
82,44,15
82,44,16
82,44,17
82,44,18
82,44,19
82,45,14
82,45,15
82,45,16
82,45,17
82,45,18
82,46,14
82,46,15
82,46,16
82,46,17
82,46,18
82,47,14
82,47,15
82,47,16
82,47,17
82,47,18
82,47,20
82,48,14
82,48,15
82,48,16
82,48,17
82,48,18
82,48,19
82,48,20
82,48,21
82,49,14
82,49,15
82,49,16
82,49,17
82,49,20
82,49,21
82,49,30
82,49,31
82,50,14
82,50,15
82,50,16
82,50,17
82,50,20
82,50,21
82,50,30
82,50,31
82,51,14
82,51,15
82,51,18
82,51,21
82,51,30
82,51,31
82,51,32
82,52,14
82,52,22
82,52,30
82,52,31
82,52,32
82,53,13
82,53,14
82,53,21
82,53,22
82,53,30
82,53,31
82,53,32
82,53,33
82,54,13
82,54,14
82,54,15
82,54,20
82,54,21
82,54,30
82,54,31
82,54,32
82,55,14
82,55,15
82,55,16
82,55,20
82,55,21
82,55,31
82,56,14
82,56,15
82,56,16
82,56,21
82,57,14
82,57,15
82,57,21
82,57,22
82,58,13
82,58,14
82,58,15
82,58,16
82,58,21
82,58,22
82,59,13
82,59,14
82,59,15
82,59,16
82,59,22
82,59,23
82,59,24
82,59,25
82,60,14
82,60,15
82,60,16
82,60,21
82,60,22
82,60,23
82,60,24
82,60,25
82,61,14
82,61,15
82,61,16
82,61,17
82,61,22
82,61,23
82,61,24
82,61,25
82,62,14
82,62,15
82,62,16
82,62,22
82,62,23
82,62,24
82,63,14
82,63,15
82,63,16
82,63,22
82,63,23
82,63,24
82,64,15
82,64,23
82,64,24
82,65,24
82,71,20
83,35,16
83,36,16
83,36,17
83,37,16
83,37,17
83,38,16
83,38,17
83,38,18
83,39,16
83,39,17
83,39,18
83,40,16
83,40,17
83,40,18
83,41,15
83,41,16
83,41,17
83,41,18
83,41,19
83,42,15
83,43,14
83,43,15
83,44,14
83,44,15
83,45,15
83,45,16
83,46,15
83,46,16
83,47,15
83,47,16
83,48,14
83,48,15
83,48,16
83,48,17
83,49,14
83,49,15
83,49,16
83,49,17
83,49,18
83,49,19
83,49,20
83,49,21
83,50,14
83,50,15
83,50,16
83,50,17
83,50,18
83,50,19
83,50,20
83,50,21
83,50,22
83,51,14
83,51,15
83,51,16
83,51,17
83,51,18
83,51,21
83,51,22
83,52,14
83,52,15
83,52,22
83,53,14
83,53,21
83,53,22
83,54,14
83,54,15
83,54,20
83,54,21
83,54,22
83,55,14
83,55,15
83,55,16
83,55,21
83,55,22
83,56,14
83,56,15
83,56,16
83,56,21
83,56,22
83,57,13
83,57,14
83,57,15
83,57,21
83,57,22
83,58,14
83,58,15
83,58,16
83,58,22
83,59,14
83,59,15
83,59,16
83,59,22
83,59,23
83,60,14
83,60,15
83,60,16
83,60,22
83,60,23
83,60,24
83,61,14
83,61,15
83,61,16
83,61,17
83,61,22
83,61,23
83,61,24
83,62,14
83,62,15
83,62,16
83,62,22
83,62,23
83,62,24
83,63,15
83,63,16
83,63,23
83,63,24
83,64,15
83,64,16
83,64,24
83,65,15
83,65,24
83,71,20
84,36,16
84,36,17
84,37,17
84,37,18
84,38,16
84,38,17
84,38,18
84,39,17
84,39,18
84,47,15
84,48,15
84,49,15
84,49,16
84,49,17
84,49,19
84,50,15
84,50,16
84,50,17
84,50,18
84,50,19
84,50,20
84,50,21
84,51,14
84,51,15
84,51,16
84,51,17
84,51,18
84,51,19
84,51,20
84,51,21
84,52,14
84,52,15
84,52,16
84,52,17
84,52,18
84,52,21
84,53,14
84,53,15
84,53,18
84,53,19
84,53,20
84,53,21
84,53,22
84,54,14
84,54,15
84,54,16
84,54,20
84,54,21
84,54,22
84,55,14
84,55,15
84,55,16
84,55,21
84,55,22
84,55,23
84,56,14
84,56,15
84,56,16
84,56,17
84,56,20
84,56,21
84,56,22
84,56,23
84,57,14
84,57,15
84,57,16
84,57,21
84,57,22
84,57,23
84,58,14
84,58,15
84,58,16
84,58,22
84,58,23
84,59,14
84,59,15
84,59,16
84,59,17
84,59,23
84,60,14
84,60,15
84,60,16
84,60,23
84,60,24
84,61,15
84,61,16
84,61,17
84,61,23
84,61,24
84,61,25
84,62,15
84,62,16
84,62,17
84,62,23
84,62,24
84,62,25
84,63,15
84,63,16
84,63,17
84,63,24
84,64,15
84,64,16
84,64,24
84,65,15
85,36,17
85,37,16
85,37,17
85,37,18
85,38,17
85,38,18
85,39,17
85,50,15
85,50,16
85,50,17
85,50,25
85,51,15
85,51,16
85,51,17
85,51,18
85,51,25
85,51,26
85,52,14
85,52,15
85,52,16
85,52,17
85,52,18
85,52,19
85,52,20
85,52,25
85,52,26
85,53,14
85,53,15
85,53,16
85,53,19
85,53,20
85,53,21
85,54,14
85,54,15
85,54,19
85,54,20
85,54,21
85,54,22
85,54,23
85,55,14
85,55,15
85,55,16
85,55,20
85,55,21
85,55,22
85,55,23
85,55,24
85,56,14
85,56,15
85,56,16
85,56,17
85,56,18
85,56,19
85,56,20
85,56,21
85,56,22
85,56,23
85,56,24
85,57,14
85,57,15
85,57,16
85,57,17
85,57,21
85,57,22
85,57,23
85,57,24
85,58,14
85,58,15
85,58,16
85,58,17
85,58,22
85,58,23
85,58,24
85,59,14
85,59,15
85,59,16
85,59,17
85,59,23
85,59,24
85,60,15
85,60,16
85,60,17
85,60,23
85,60,24
85,60,25
85,61,15
85,61,16
85,61,17
85,61,23
85,61,24
85,61,25
85,62,15
85,62,16
85,62,17
85,62,24
85,63,15
85,63,16
85,63,17
85,63,18
85,64,15
85,64,16
85,64,17
85,65,16
85,69,18
85,76,27
86,37,17
86,38,17
86,50,16
86,50,24
86,50,25
86,51,15
86,51,16
86,51,17
86,51,18
86,51,24
86,51,25
86,51,26
86,52,15
86,52,16
86,52,17
86,52,18
86,52,19
86,52,24
86,52,25
86,52,26
86,53,15
86,53,16
86,53,19
86,53,21
86,53,23
86,53,24
86,53,25
86,53,26
86,54,15
86,54,20
86,54,21
86,54,22
86,54,23
86,54,24
86,54,25
86,54,26
86,55,15
86,55,16
86,55,20
86,55,21
86,55,22
86,55,23
86,55,24
86,55,25
86,55,26
86,56,15
86,56,16
86,56,20
86,56,21
86,56,22
86,56,23
86,56,24
86,56,25
86,56,26
86,56,27
86,56,28
86,57,15
86,57,16
86,57,17
86,57,21
86,57,22
86,57,23
86,57,24
86,57,25
86,57,26
86,57,27
86,58,15
86,58,16
86,58,17
86,58,18
86,58,21
86,58,22
86,58,23
86,58,24
86,58,25
86,58,26
86,59,15
86,59,16
86,59,17
86,59,18
86,59,22
86,59,23
86,59,24
86,59,25
86,59,26
86,60,15
86,60,16
86,60,17
86,60,18
86,60,22
86,60,23
86,60,24
86,60,25
86,61,15
86,61,16
86,61,17
86,61,18
86,61,23
86,61,24
86,61,25
86,62,15
86,62,16
86,62,17
86,62,18
86,63,15
86,63,16
86,63,17
86,63,18
86,63,19
86,64,16
86,64,17
86,64,18
86,65,16
86,65,17
86,66,16
86,76,23
87,24,30
87,25,30
87,25,31
87,26,30
87,26,31
87,27,30
87,27,31
87,28,30
87,50,24
87,50,25
87,51,16
87,51,17
87,51,18
87,51,23
87,51,24
87,51,25
87,52,16
87,52,17
87,52,18
87,52,19
87,52,22
87,52,23
87,52,24
87,52,25
87,53,15
87,53,16
87,53,17
87,53,18
87,53,19
87,53,22
87,53,23
87,53,24
87,53,25
87,53,26
87,54,15
87,54,16
87,54,19
87,54,20
87,54,21
87,54,22
87,54,23
87,54,24
87,54,25
87,54,26
87,55,15
87,55,16
87,55,20
87,55,21
87,55,22
87,55,23
87,55,24
87,55,25
87,55,26
87,55,27
87,56,15
87,56,16
87,56,17
87,56,20
87,56,21
87,56,22
87,56,23
87,56,24
87,56,25
87,56,26
87,56,27
87,56,28
87,57,16
87,57,17
87,57,21
87,57,22
87,57,23
87,57,24
87,57,25
87,57,26
87,57,27
87,58,16
87,58,17
87,58,21
87,58,22
87,58,23
87,58,24
87,58,25
87,58,26
87,59,15
87,59,16
87,59,17
87,59,18
87,59,19
87,59,20
87,59,21
87,59,22
87,59,23
87,59,24
87,59,25
87,59,26
87,60,15
87,60,16
87,60,17
87,60,18
87,60,19
87,60,20
87,60,21
87,60,22
87,60,23
87,60,24
87,60,25
87,61,15
87,61,16
87,61,17
87,61,18
87,61,19
87,61,22
87,61,23
87,61,24
87,61,25
87,62,16
87,62,17
87,62,18
87,62,19
87,63,16
87,63,17
87,63,18
87,63,19
87,63,20
87,64,16
87,64,17
87,64,18
87,64,19
87,65,17
87,65,18
88,23,30
88,24,30
88,24,31
88,25,29
88,25,30
88,25,31
88,26,29
88,26,30
88,26,31
88,27,21
88,27,22
88,27,29
88,27,30
88,27,31
88,28,20
88,28,21
88,28,22
88,28,29
88,28,30
88,28,31
88,29,19
88,29,20
88,29,21
88,29,22
88,29,30
88,29,31
88,30,19
88,30,20
88,30,21
88,30,22
88,30,30
88,31,19
88,31,20
88,31,21
88,32,19
88,32,20
88,33,20
88,33,30
88,34,32
88,35,32
88,36,32
88,50,17
88,50,21
88,50,22
88,51,17
88,51,18
88,51,19
88,51,21
88,51,22
88,51,23
88,51,24
88,52,16
88,52,17
88,52,18
88,52,19
88,52,20
88,52,21
88,52,22
88,52,23
88,52,24
88,52,25
88,53,16
88,53,17
88,53,18
88,53,19
88,53,20
88,53,21
88,53,22
88,53,23
88,53,24
88,53,25
88,53,26
88,54,16
88,54,17
88,54,18
88,54,19
88,54,20
88,54,21
88,54,22
88,54,23
88,54,24
88,54,25
88,54,26
88,54,27
88,54,32
88,55,16
88,55,17
88,55,20
88,55,21
88,55,22
88,55,23
88,55,24
88,55,25
88,55,26
88,55,27
88,56,16
88,56,17
88,56,20
88,56,21
88,56,22
88,56,23
88,56,24
88,56,25
88,56,26
88,56,27
88,56,28
88,57,16
88,57,17
88,57,18
88,57,21
88,57,22
88,57,23
88,57,24
88,57,25
88,57,26
88,57,27
88,57,28
88,57,29
88,57,30
88,58,16
88,58,17
88,58,18
88,58,21
88,58,22
88,58,23
88,58,24
88,58,25
88,58,26
88,58,27
88,58,28
88,58,29
88,59,16
88,59,17
88,59,18
88,59,19
88,59,20
88,59,21
88,59,22
88,59,23
88,59,24
88,59,25
88,59,26
88,59,27
88,59,28
88,59,29
88,60,16
88,60,17
88,60,18
88,60,19
88,60,20
88,60,21
88,60,22
88,60,23
88,60,24
88,60,25
88,60,26
88,60,27
88,60,28
88,61,16
88,61,17
88,61,18
88,61,19
88,61,20
88,61,21
88,61,22
88,61,23
88,61,24
88,61,25
88,61,26
88,61,27
88,62,16
88,62,17
88,62,18
88,62,19
88,62,20
88,62,21
88,62,22
88,62,26
88,63,16
88,63,17
88,63,18
88,63,19
88,63,20
88,63,21
88,64,17
88,64,18
88,64,19
88,65,18
89,24,29
89,24,30
89,24,31
89,25,25
89,25,29
89,25,30
89,25,31
89,26,23
89,26,24
89,26,25
89,26,29
89,26,30
89,26,31
89,27,21
89,27,22
89,27,23
89,27,24
89,27,29
89,27,30
89,27,31
89,28,20
89,28,21
89,28,22
89,28,23
89,28,29
89,28,30
89,28,31
89,29,20
89,29,21
89,29,22
89,29,23
89,29,29
89,29,30
89,29,31
89,30,20
89,30,21
89,30,22
89,30,23
89,30,29
89,30,30
89,31,19
89,31,20
89,31,21
89,31,22
89,31,29
89,31,30
89,32,19
89,32,20
89,32,21
89,32,22
89,32,29
89,32,30
89,33,19
89,33,20
89,33,21
89,33,29
89,33,30
89,33,32
89,34,19
89,34,20
89,34,28
89,34,29
89,34,30
89,34,31
89,34,32
89,34,33
89,35,20
89,35,29
89,35,30
89,35,31
89,35,32
89,35,33
89,36,29
89,36,30
89,36,31
89,36,32
89,36,33
89,37,31
89,37,32
89,38,31
89,38,32
89,38,34
89,39,31
89,39,32
89,40,31
89,41,19
89,41,20
89,41,29
89,42,19
89,42,20
89,42,28
89,42,29
89,42,30
89,43,19
89,43,20
89,43,21
89,43,22
89,43,28
89,43,29
89,43,30
89,44,19
89,44,20
89,44,21
89,44,22
89,44,28
89,44,29
89,45,22
89,45,29
89,46,21
89,46,22
89,46,23
89,47,21
89,47,22
89,47,23
89,48,21
89,48,22
89,49,20
89,49,21
89,49,22
89,50,18
89,50,19
89,50,20
89,50,21
89,50,22
89,50,23
89,51,17
89,51,18
89,51,19
89,51,20
89,51,21
89,51,22
89,51,23
89,51,24
89,52,17
89,52,18
89,52,19
89,52,20
89,52,21
89,52,22
89,52,23
89,52,24
89,52,25
89,53,17
89,53,18
89,53,19
89,53,20
89,53,21
89,53,22
89,53,23
89,53,24
89,53,25
89,53,26
89,54,17
89,54,18
89,54,19
89,54,20
89,54,21
89,54,22
89,54,23
89,54,24
89,54,25
89,54,26
89,54,27
89,55,17
89,55,18
89,55,19
89,55,20
89,55,21
89,55,22
89,55,23
89,55,24
89,55,25
89,55,26
89,55,27
89,56,16
89,56,17
89,56,18
89,56,20
89,56,21
89,56,22
89,56,23
89,56,24
89,56,25
89,56,26
89,56,27
89,56,28
89,57,17
89,57,18
89,57,20
89,57,21
89,57,22
89,57,23
89,57,24
89,57,25
89,57,26
89,57,27
89,57,28
89,57,29
89,58,17
89,58,18
89,58,19
89,58,20
89,58,21
89,58,22
89,58,23
89,58,24
89,58,25
89,58,26
89,58,27
89,58,28
89,58,29
89,58,30
89,59,17
89,59,18
89,59,19
89,59,20
89,59,21
89,59,22
89,59,23
89,59,24
89,59,25
89,59,26
89,59,27
89,59,28
89,59,29
89,59,30
89,60,17
89,60,18
89,60,19
89,60,20
89,60,21
89,60,22
89,60,23
89,60,24
89,60,25
89,60,26
89,60,27
89,60,28
89,60,29
89,61,17
89,61,18
89,61,19
89,61,20
89,61,21
89,61,22
89,61,23
89,61,24
89,61,25
89,61,26
89,61,27
89,61,28
89,62,17
89,62,18
89,62,19
89,62,20
89,62,21
89,62,22
89,62,23
89,62,24
89,62,25
89,62,26
89,62,27
89,63,17
89,63,18
89,63,19
89,63,20
89,63,21
89,63,22
89,63,26
89,64,18
89,64,19
89,64,20
90,25,24
90,25,25
90,25,26
90,25,29
90,25,30
90,26,23
90,26,24
90,26,25
90,26,26
90,26,28
90,26,29
90,26,30
90,26,31
90,27,22
90,27,23
90,27,24
90,27,29
90,27,30
90,27,31
90,28,20
90,28,21
90,28,22
90,28,23
90,28,24
90,28,29
90,28,30
90,28,31
90,29,20
90,29,21
90,29,22
90,29,23
90,29,29
90,29,30
90,29,31
90,30,20
90,30,21
90,30,22
90,30,23
90,30,28
90,30,29
90,30,30
90,30,31
90,31,20
90,31,21
90,31,22
90,31,23
90,31,28
90,31,29
90,31,30
90,32,20
90,32,21
90,32,22
90,32,28
90,32,29
90,32,30
90,32,32
90,33,20
90,33,21
90,33,22
90,33,28
90,33,29
90,33,30
90,33,31
90,33,32
90,33,33
90,34,20
90,34,21
90,34,22
90,34,27
90,34,28
90,34,29
90,34,30
90,34,31
90,34,32
90,34,33
90,35,20
90,35,21
90,35,22
90,35,27
90,35,28
90,35,29
90,35,30
90,35,31
90,35,32
90,35,33
90,36,20
90,36,21
90,36,27
90,36,28
90,36,29
90,36,30
90,36,31
90,36,32
90,36,33
90,37,20
90,37,21
90,37,27
90,37,28
90,37,29
90,37,30
90,37,31
90,37,32
90,37,33
90,37,34
90,38,20
90,38,21
90,38,28
90,38,29
90,38,30
90,38,31
90,38,32
90,38,33
90,39,28
90,39,29
90,39,30
90,39,31
90,39,32
90,39,33
90,40,20
90,40,21
90,40,22
90,40,28
90,40,29
90,40,30
90,40,31
90,40,32
90,40,33
90,41,19
90,41,20
90,41,21
90,41,22
90,41,28
90,41,29
90,41,30
90,41,31
90,41,32
90,41,33
90,42,18
90,42,19
90,42,20
90,42,21
90,42,22
90,42,28
90,42,29
90,42,30
90,42,31
90,42,32
90,42,33
90,43,19
90,43,20
90,43,21
90,43,22
90,43,28
90,43,29
90,43,30
90,43,31
90,43,32
90,43,33
90,43,34
90,44,19
90,44,20
90,44,21
90,44,22
90,44,28
90,44,29
90,44,30
90,44,31
90,44,33
90,44,34
90,45,20
90,45,21
90,45,22
90,45,23
90,45,28
90,45,29
90,45,30
90,45,31
90,45,33
90,45,34
90,46,20
90,46,21
90,46,22
90,46,23
90,46,29
90,46,30
90,46,33
90,47,20
90,47,21
90,47,22
90,47,23
90,48,21
90,48,22
90,48,23
90,49,21
90,49,22
90,50,22
90,50,23
90,50,24
90,50,25
90,51,18
90,51,19
90,51,21
90,51,22
90,51,23
90,51,24
90,51,25
90,52,18
90,52,19
90,52,20
90,52,21
90,52,22
90,52,23
90,52,24
90,52,25
90,53,17
90,53,18
90,53,19
90,53,20
90,53,21
90,53,22
90,53,23
90,53,24
90,53,25
90,53,26
90,53,27
90,54,17
90,54,18
90,54,19
90,54,20
90,54,21
90,54,22
90,54,23
90,54,24
90,54,25
90,54,26
90,54,27
90,54,28
90,55,17
90,55,18
90,55,19
90,55,20
90,55,21
90,55,22
90,55,23
90,55,24
90,55,25
90,55,26
90,55,27
90,55,28
90,56,17
90,56,18
90,56,19
90,56,20
90,56,21
90,56,22
90,56,23
90,56,24
90,56,25
90,56,26
90,56,27
90,56,28
90,56,29
90,57,17
90,57,18
90,57,19
90,57,20
90,57,21
90,57,22
90,57,23
90,57,24
90,57,25
90,57,26
90,57,27
90,58,17
90,58,18
90,58,19
90,58,20
90,58,21
90,58,22
90,58,23
90,58,24
90,58,25
90,58,26
90,58,27
90,59,18
90,59,19
90,59,20
90,59,21
90,59,22
90,59,23
90,59,24
90,59,25
90,59,26
90,59,27
90,59,28
90,60,18
90,60,19
90,60,20
90,60,21
90,60,22
90,60,23
90,60,24
90,60,25
90,60,26
90,60,27
90,60,28
90,61,18
90,61,19
90,61,20
90,61,21
90,61,22
90,61,23
90,61,24
90,61,25
90,61,26
90,61,27
90,61,28
90,62,18
90,62,19
90,62,20
90,62,21
90,62,22
90,62,23
90,62,24
90,62,25
90,62,26
90,62,27
90,63,19
90,63,20
90,63,21
90,63,22
91,24,25
91,24,29
91,25,24
91,25,25
91,25,26
91,25,27
91,25,28
91,25,29
91,25,30
91,26,23
91,26,24
91,26,25
91,26,26
91,26,27
91,26,28
91,26,29
91,26,30
91,26,31
91,27,22
91,27,23
91,27,24
91,27,25
91,27,26
91,27,27
91,27,28
91,27,29
91,27,30
91,27,31
91,27,32
91,28,21
91,28,22
91,28,23
91,28,24
91,28,25
91,28,26
91,28,27
91,28,28
91,28,29
91,28,30
91,28,31
91,28,32
91,29,21
91,29,22
91,29,23
91,29,24
91,29,25
91,29,26
91,29,27
91,29,28
91,29,29
91,29,30
91,29,31
91,29,32
91,30,20
91,30,21
91,30,22
91,30,23
91,30,24
91,30,26
91,30,27
91,30,28
91,30,29
91,30,30
91,30,31
91,30,32
91,31,20
91,31,21
91,31,22
91,31,23
91,31,27
91,31,28
91,31,29
91,31,30
91,31,31
91,31,32
91,32,20
91,32,21
91,32,22
91,32,23
91,32,27
91,32,28
91,32,29
91,32,30
91,32,31
91,32,32
91,32,33
91,33,20
91,33,21
91,33,22
91,33,23
91,33,26
91,33,27
91,33,28
91,33,29
91,33,30
91,33,31
91,33,32
91,33,33
91,34,20
91,34,21
91,34,22
91,34,23
91,34,26
91,34,27
91,34,28
91,34,29
91,34,30
91,34,31
91,34,32
91,34,33
91,35,20
91,35,21
91,35,22
91,35,23
91,35,26
91,35,27
91,35,28
91,35,29
91,35,30
91,35,31
91,35,32
91,36,20
91,36,21
91,36,22
91,36,25
91,36,26
91,36,27
91,36,28
91,36,29
91,36,30
91,36,31
91,36,32
91,36,33
91,37,20
91,37,21
91,37,22
91,37,25
91,37,26
91,37,27
91,37,28
91,37,29
91,37,30
91,37,31
91,37,32
91,37,33
91,38,20
91,38,21
91,38,22
91,38,25
91,38,26
91,38,27
91,38,28
91,38,29
91,38,30
91,38,31
91,38,32
91,38,33
91,39,20
91,39,21
91,39,22
91,39,26
91,39,27
91,39,28
91,39,29
91,39,30
91,39,31
91,39,32
91,39,33
91,40,21
91,40,22
91,40,26
91,40,27
91,40,28
91,40,29
91,40,30
91,40,31
91,40,32
91,40,33
91,41,21
91,41,22
91,41,27
91,41,28
91,41,29
91,41,30
91,41,31
91,41,32
91,41,33
91,42,19
91,42,20
91,42,21
91,42,22
91,42,27
91,42,28
91,42,29
91,42,30
91,42,31
91,42,32
91,42,33
91,43,19
91,43,20
91,43,21
91,43,22
91,43,28
91,43,29
91,43,30
91,43,31
91,43,32
91,43,33
91,43,34
91,44,19
91,44,20
91,44,21
91,44,22
91,44,28
91,44,29
91,44,30
91,44,31
91,44,32
91,44,33
91,44,34
91,45,20
91,45,21
91,45,22
91,45,28
91,45,29
91,45,30
91,45,31
91,45,32
91,45,33
91,45,34
91,46,20
91,46,21
91,46,22
91,46,23
91,46,28
91,46,29
91,46,30
91,46,33
91,46,34
91,47,21
91,47,22
91,47,23
91,47,33
91,47,34
91,48,21
91,48,22
91,48,23
91,48,34
91,48,35
91,49,22
91,49,23
91,49,33
91,49,34
91,50,22
91,50,23
91,50,24
91,50,32
91,50,33
91,50,34
91,51,19
91,51,22
91,51,23
91,51,24
91,51,25
91,51,32
91,51,33
91,52,18
91,52,19
91,52,20
91,52,21
91,52,22
91,52,23
91,52,24
91,52,25
91,52,26
91,52,27
91,52,28
91,52,29
91,52,30
91,52,31
91,52,32
91,52,33
91,53,18
91,53,19
91,53,20
91,53,21
91,53,22
91,53,23
91,53,24
91,53,25
91,53,26
91,53,27
91,53,28
91,53,29
91,53,30
91,53,31
91,53,32
91,54,18
91,54,19
91,54,20
91,54,21
91,54,22
91,54,23
91,54,24
91,54,25
91,54,26
91,54,27
91,54,28
91,54,29
91,54,30
91,55,18
91,55,19
91,55,20
91,55,21
91,55,22
91,55,23
91,55,24
91,55,25
91,55,26
91,55,27
91,55,28
91,55,29
91,55,30
91,56,18
91,56,19
91,56,20
91,56,21
91,56,22
91,56,23
91,56,24
91,56,25
91,56,26
91,56,27
91,56,28
91,56,29
91,56,30
91,57,18
91,57,19
91,57,20
91,57,21
91,57,22
91,57,23
91,57,24
91,57,25
91,57,26
91,57,27
91,57,28
91,58,17
91,58,18
91,58,19
91,58,20
91,58,21
91,58,22
91,58,23
91,58,24
91,58,25
91,58,26
91,58,27
91,59,18
91,59,19
91,59,20
91,59,21
91,59,22
91,59,23
91,59,24
91,59,25
91,59,26
91,59,27
91,60,18
91,60,19
91,60,20
91,60,21
91,60,22
91,60,23
91,60,24
91,60,25
91,60,26
91,60,27
91,60,28
91,61,19
91,61,20
91,61,21
91,61,22
91,61,23
91,61,24
91,61,25
91,61,26
91,61,27
91,61,28
91,62,19
91,62,20
91,62,21
91,62,22
91,62,23
91,62,25
91,63,19
91,63,20
91,63,21
91,63,22
91,70,27
91,76,27
92,25,25
92,25,26
92,25,27
92,25,28
92,25,29
92,26,23
92,26,24
92,26,25
92,26,26
92,26,27
92,26,28
92,26,29
92,26,30
92,27,22
92,27,23
92,27,24
92,27,25
92,27,26
92,27,27
92,27,28
92,27,29
92,27,30
92,27,31
92,28,21
92,28,22
92,28,23
92,28,24
92,28,25
92,28,26
92,28,27
92,28,28
92,28,29
92,28,30
92,28,31
92,28,32
92,29,21
92,29,22
92,29,23
92,29,24
92,29,25
92,29,26
92,29,27
92,29,28
92,29,29
92,29,30
92,29,31
92,30,21
92,30,22
92,30,23
92,30,24
92,30,25
92,30,26
92,30,27
92,30,28
92,30,29
92,30,30
92,30,31
92,30,32
92,31,21
92,31,22
92,31,23
92,31,24
92,31,25
92,31,26
92,31,27
92,31,28
92,31,29
92,31,30
92,31,31
92,31,32
92,32,21
92,32,22
92,32,23
92,32,24
92,32,25
92,32,26
92,32,27
92,32,28
92,32,29
92,32,30
92,32,31
92,32,32
92,33,20
92,33,21
92,33,22
92,33,23
92,33,24
92,33,25
92,33,26
92,33,27
92,33,28
92,33,29
92,33,30
92,33,31
92,33,32
92,34,20
92,34,21
92,34,22
92,34,23
92,34,24
92,34,25
92,34,26
92,34,27
92,34,28
92,34,29
92,34,30
92,34,31
92,34,32
92,35,20
92,35,21
92,35,22
92,35,23
92,35,24
92,35,25
92,35,26
92,35,27
92,35,28
92,35,29
92,35,30
92,35,31
92,35,32
92,36,20
92,36,21
92,36,22
92,36,23
92,36,24
92,36,25
92,36,26
92,36,27
92,36,28
92,36,29
92,36,30
92,36,31
92,36,32
92,36,33
92,37,20
92,37,21
92,37,22
92,37,23
92,37,24
92,37,25
92,37,26
92,37,27
92,37,28
92,37,29
92,37,30
92,37,31
92,37,32
92,37,33
92,38,20
92,38,21
92,38,22
92,38,23
92,38,24
92,38,25
92,38,26
92,38,27
92,38,28
92,38,29
92,38,30
92,38,31
92,38,32
92,38,33
92,39,21
92,39,22
92,39,23
92,39,24
92,39,25
92,39,26
92,39,27
92,39,28
92,39,29
92,39,30
92,39,31
92,39,32
92,39,33
92,40,21
92,40,22
92,40,23
92,40,24
92,40,25
92,40,26
92,40,27
92,40,28
92,40,29
92,40,30
92,40,31
92,40,32
92,40,33
92,41,20
92,41,21
92,41,22
92,41,23
92,41,24
92,41,25
92,41,26
92,41,27
92,41,28
92,41,29
92,41,30
92,41,31
92,41,32
92,41,33
92,42,20
92,42,21
92,42,22
92,42,23
92,42,24
92,42,25
92,42,26
92,42,27
92,42,28
92,42,29
92,42,30
92,42,31
92,42,32
92,42,33
92,43,19
92,43,20
92,43,21
92,43,22
92,43,23
92,43,24
92,43,26
92,43,27
92,43,28
92,43,29
92,43,30
92,43,31
92,43,32
92,43,33
92,43,34
92,44,19
92,44,20
92,44,21
92,44,22
92,44,23
92,44,26
92,44,27
92,44,28
92,44,29
92,44,30
92,44,31
92,44,32
92,44,33
92,44,34
92,45,19
92,45,20
92,45,21
92,45,22
92,45,23
92,45,24
92,45,27
92,45,28
92,45,29
92,45,30
92,45,31
92,45,32
92,45,33
92,45,34
92,46,19
92,46,20
92,46,21
92,46,22
92,46,23
92,46,24
92,46,27
92,46,28
92,46,29
92,46,30
92,46,31
92,46,32
92,46,33
92,46,34
92,47,19
92,47,20
92,47,21
92,47,22
92,47,23
92,47,24
92,47,28
92,47,29
92,47,30
92,47,32
92,47,33
92,47,34
92,48,19
92,48,20
92,48,21
92,48,22
92,48,23
92,48,24
92,48,33
92,48,34
92,48,35
92,49,20
92,49,21
92,49,22
92,49,23
92,49,24
92,49,32
92,49,33
92,49,34
92,50,20
92,50,21
92,50,22
92,50,23
92,50,24
92,50,25
92,50,30
92,50,31
92,50,32
92,50,33
92,50,34
92,51,20
92,51,21
92,51,22
92,51,23
92,51,24
92,51,25
92,51,26
92,51,27
92,51,28
92,51,29
92,51,30
92,51,31
92,51,32
92,51,33
92,52,19
92,52,20
92,52,21
92,52,22
92,52,23
92,52,24
92,52,25
92,52,26
92,52,27
92,52,28
92,52,29
92,52,30
92,52,31
92,52,32
92,52,33
92,53,19
92,53,20
92,53,21
92,53,22
92,53,23
92,53,24
92,53,25
92,53,26
92,53,27
92,53,28
92,53,29
92,53,30
92,53,31
92,53,32
92,53,33
92,54,19
92,54,20
92,54,21
92,54,22
92,54,23
92,54,24
92,54,25
92,54,26
92,54,27
92,54,28
92,54,29
92,54,30
92,54,31
92,54,32
92,55,19
92,55,20
92,55,21
92,55,22
92,55,23
92,55,24
92,55,25
92,55,26
92,55,27
92,55,28
92,55,29
92,55,30
92,55,31
92,56,18
92,56,19
92,56,20
92,56,21
92,56,22
92,56,23
92,56,24
92,56,25
92,56,26
92,56,27
92,56,28
92,56,29
92,56,30
92,57,19
92,57,20
92,57,21
92,57,22
92,57,23
92,57,24
92,57,25
92,57,26
92,57,27
92,57,28
92,57,29
92,58,19
92,58,20
92,58,21
92,58,22
92,58,23
92,58,24
92,58,25
92,58,26
92,58,27
92,58,28
92,58,29
92,59,19
92,59,20
92,59,21
92,59,22
92,59,23
92,59,24
92,59,25
92,59,26
92,59,27
92,59,28
92,60,19
92,60,20
92,60,21
92,60,22
92,60,23
92,60,24
92,60,25
92,60,26
92,60,27
92,60,28
92,61,19
92,61,20
92,61,21
92,61,22
92,61,23
92,61,24
92,61,25
92,61,27
92,62,19
92,62,20
92,62,21
92,62,22
92,62,23
92,62,24
92,63,20
92,63,21
92,63,22
92,76,28
92,77,28
93,25,25
93,25,26
93,26,24
93,26,25
93,26,26
93,26,27
93,26,28
93,27,23
93,27,24
93,27,25
93,27,26
93,27,27
93,27,28
93,27,29
93,27,30
93,28,23
93,28,24
93,28,25
93,28,26
93,28,27
93,28,28
93,28,29
93,29,22
93,29,23
93,29,24
93,29,25
93,29,26
93,29,27
93,29,28
93,29,29
93,29,30
93,30,22
93,30,23
93,30,24
93,30,25
93,30,26
93,30,27
93,30,28
93,30,29
93,30,30
93,30,31
93,31,22
93,31,23
93,31,24
93,31,25
93,31,26
93,31,27
93,31,28
93,31,29
93,31,30
93,31,31
93,32,21
93,32,22
93,32,23
93,32,24
93,32,25
93,32,26
93,32,27
93,32,28
93,32,29
93,32,30
93,33,21
93,33,22
93,33,23
93,33,24
93,33,25
93,33,26
93,33,27
93,33,28
93,33,29
93,33,30
93,34,21
93,34,22
93,34,23
93,34,24
93,34,25
93,34,26
93,34,27
93,34,28
93,34,29
93,34,30
93,35,21
93,35,22
93,35,23
93,35,24
93,35,25
93,35,26
93,35,27
93,35,28
93,35,29
93,35,30
93,35,31
93,35,32
93,36,21
93,36,22
93,36,23
93,36,24
93,36,25
93,36,26
93,36,27
93,36,28
93,36,29
93,36,30
93,36,31
93,36,32
93,37,21
93,37,22
93,37,23
93,37,24
93,37,25
93,37,26
93,37,27
93,37,28
93,37,29
93,37,30
93,37,31
93,37,32
93,37,33
93,38,21
93,38,22
93,38,23
93,38,24
93,38,25
93,38,26
93,38,27
93,38,28
93,38,29
93,38,30
93,38,31
93,38,32
93,38,33
93,39,21
93,39,22
93,39,23
93,39,24
93,39,25
93,39,26
93,39,27
93,39,28
93,39,29
93,39,30
93,39,31
93,39,32
93,39,33
93,40,21
93,40,22
93,40,23
93,40,24
93,40,25
93,40,26
93,40,27
93,40,28
93,40,29
93,40,30
93,40,31
93,40,32
93,40,33
93,41,21
93,41,22
93,41,23
93,41,24
93,41,25
93,41,26
93,41,27
93,41,28
93,41,29
93,41,30
93,41,31
93,41,32
93,41,33
93,42,20
93,42,21
93,42,22
93,42,23
93,42,24
93,42,25
93,42,26
93,42,27
93,42,28
93,42,29
93,42,30
93,42,31
93,42,32
93,42,33
93,43,20
93,43,21
93,43,22
93,43,23
93,43,24
93,43,25
93,43,26
93,43,27
93,43,28
93,43,29
93,43,30
93,43,31
93,43,32
93,43,33
93,44,20
93,44,21
93,44,22
93,44,23
93,44,24
93,44,25
93,44,26
93,44,27
93,44,28
93,44,29
93,44,30
93,44,31
93,44,32
93,44,33
93,45,20
93,45,21
93,45,22
93,45,23
93,45,24
93,45,25
93,45,26
93,45,27
93,45,28
93,45,29
93,45,30
93,45,31
93,45,32
93,45,33
93,46,20
93,46,21
93,46,22
93,46,23
93,46,24
93,46,25
93,46,26
93,46,27
93,46,28
93,46,29
93,46,30
93,46,31
93,46,32
93,46,33
93,47,20
93,47,21
93,47,22
93,47,23
93,47,24
93,47,25
93,47,26
93,47,27
93,47,28
93,47,29
93,47,30
93,47,31
93,47,32
93,47,33
93,47,34
93,48,20
93,48,21
93,48,22
93,48,23
93,48,24
93,48,25
93,48,26
93,48,27
93,48,28
93,48,29
93,48,30
93,48,31
93,48,32
93,48,33
93,48,34
93,49,20
93,49,21
93,49,22
93,49,23
93,49,24
93,49,25
93,49,26
93,49,27
93,49,28
93,49,29
93,49,30
93,49,31
93,49,32
93,49,33
93,49,34
93,50,20
93,50,21
93,50,22
93,50,23
93,50,24
93,50,25
93,50,26
93,50,27
93,50,28
93,50,29
93,50,30
93,50,31
93,50,32
93,50,33
93,50,34
93,51,20
93,51,21
93,51,22
93,51,23
93,51,24
93,51,25
93,51,26
93,51,27
93,51,28
93,51,29
93,51,30
93,51,31
93,51,32
93,51,33
93,51,34
93,52,19
93,52,20
93,52,21
93,52,22
93,52,23
93,52,24
93,52,25
93,52,26
93,52,27
93,52,28
93,52,29
93,52,30
93,52,31
93,52,32
93,52,33
93,53,19
93,53,20
93,53,21
93,53,22
93,53,23
93,53,24
93,53,25
93,53,26
93,53,27
93,53,28
93,53,29
93,53,30
93,53,31
93,53,32
93,53,33
93,54,19
93,54,20
93,54,21
93,54,22
93,54,23
93,54,24
93,54,25
93,54,26
93,54,27
93,54,28
93,54,29
93,54,30
93,54,31
93,54,32
93,55,19
93,55,20
93,55,21
93,55,22
93,55,23
93,55,24
93,55,25
93,55,26
93,55,27
93,55,28
93,55,29
93,55,30
93,55,31
93,55,32
93,56,19
93,56,20
93,56,21
93,56,22
93,56,23
93,56,24
93,56,25
93,56,26
93,56,27
93,56,28
93,56,29
93,56,30
93,56,31
93,57,19
93,57,20
93,57,21
93,57,22
93,57,23
93,57,24
93,57,25
93,57,26
93,57,27
93,57,28
93,57,29
93,57,30
93,58,19
93,58,20
93,58,21
93,58,22
93,58,23
93,58,24
93,58,25
93,58,26
93,58,27
93,58,28
93,58,29
93,59,19
93,59,20
93,59,21
93,59,22
93,59,23
93,59,24
93,59,25
93,59,26
93,59,27
93,59,28
93,59,29
93,60,19
93,60,20
93,60,21
93,60,22
93,60,23
93,60,24
93,60,25
93,60,26
93,60,27
93,61,19
93,61,20
93,61,21
93,61,22
93,61,23
93,61,24
93,61,25
93,62,19
93,62,20
93,62,21
93,62,22
93,62,23
93,62,24
93,63,20
93,63,21
93,63,22
93,63,23
93,64,22
94,26,25
94,26,26
94,26,27
94,26,28
94,27,25
94,27,26
94,27,27
94,27,28
94,27,29
94,28,25
94,28,26
94,28,27
94,28,28
94,28,29
94,29,24
94,29,25
94,29,26
94,29,27
94,29,28
94,29,29
94,30,23
94,30,24
94,30,25
94,30,26
94,30,27
94,30,28
94,30,29
94,31,23
94,31,24
94,31,25
94,31,26
94,31,27
94,31,28
94,32,22
94,32,23
94,32,24
94,32,25
94,32,26
94,32,27
94,32,28
94,32,29
94,33,22
94,33,23
94,33,24
94,33,25
94,33,26
94,33,27
94,33,28
94,33,29
94,34,22
94,34,23
94,34,24
94,34,25
94,34,26
94,34,27
94,34,28
94,34,29
94,35,22
94,35,23
94,35,24
94,35,25
94,35,26
94,35,27
94,35,28
94,35,29
94,36,22
94,36,23
94,36,24
94,36,25
94,36,26
94,36,27
94,36,28
94,36,29
94,36,30
94,36,31
94,37,22
94,37,23
94,37,24
94,37,25
94,37,26
94,37,27
94,37,28
94,37,29
94,37,30
94,37,31
94,37,32
94,37,33
94,38,22
94,38,23
94,38,24
94,38,25
94,38,26
94,38,27
94,38,28
94,38,29
94,38,30
94,38,31
94,38,32
94,38,33
94,39,22
94,39,23
94,39,24
94,39,25
94,39,26
94,39,27
94,39,28
94,39,29
94,39,30
94,39,31
94,39,32
94,39,33
94,40,22
94,40,23
94,40,24
94,40,25
94,40,26
94,40,27
94,40,28
94,40,29
94,40,30
94,40,31
94,40,32
94,40,33
94,41,22
94,41,23
94,41,24
94,41,25
94,41,26
94,41,27
94,41,28
94,41,29
94,41,30
94,41,31
94,41,32
94,41,33
94,42,21
94,42,22
94,42,23
94,42,24
94,42,25
94,42,26
94,42,27
94,42,28
94,42,29
94,42,30
94,42,31
94,42,32
94,42,33
94,43,21
94,43,22
94,43,23
94,43,24
94,43,25
94,43,26
94,43,27
94,43,28
94,43,29
94,43,30
94,43,31
94,43,32
94,43,33
94,44,21
94,44,22
94,44,23
94,44,24
94,44,25
94,44,26
94,44,27
94,44,28
94,44,29
94,44,30
94,44,31
94,44,32
94,44,33
94,45,21
94,45,22
94,45,23
94,45,24
94,45,25
94,45,26
94,45,27
94,45,28
94,45,29
94,45,30
94,45,31
94,46,21
94,46,22
94,46,23
94,46,24
94,46,25
94,46,26
94,46,27
94,46,28
94,46,29
94,46,30
94,46,31
94,46,32
94,46,33
94,47,21
94,47,22
94,47,23
94,47,24
94,47,25
94,47,26
94,47,27
94,47,28
94,47,29
94,47,30
94,47,31
94,47,32
94,47,33
94,48,21
94,48,22
94,48,23
94,48,24
94,48,25
94,48,26
94,48,27
94,48,28
94,48,29
94,48,30
94,48,31
94,48,32
94,48,33
94,49,20
94,49,21
94,49,22
94,49,23
94,49,24
94,49,25
94,49,26
94,49,27
94,49,28
94,49,29
94,49,30
94,49,31
94,49,32
94,49,33
94,50,20
94,50,21
94,50,22
94,50,23
94,50,24
94,50,25
94,50,26
94,50,27
94,50,28
94,50,29
94,50,30
94,50,31
94,50,32
94,50,33
94,51,20
94,51,21
94,51,22
94,51,23
94,51,24
94,51,25
94,51,26
94,51,27
94,51,28
94,51,29
94,51,30
94,51,31
94,51,32
94,51,33
94,51,34
94,52,20
94,52,21
94,52,22
94,52,23
94,52,24
94,52,25
94,52,26
94,52,27
94,52,28
94,52,29
94,52,30
94,52,31
94,52,32
94,52,33
94,52,34
94,53,20
94,53,21
94,53,22
94,53,23
94,53,24
94,53,25
94,53,26
94,53,27
94,53,28
94,53,29
94,53,30
94,53,31
94,53,32
94,53,33
94,53,34
94,54,20
94,54,21
94,54,22
94,54,23
94,54,24
94,54,25
94,54,26
94,54,27
94,54,28
94,54,29
94,54,30
94,54,31
94,54,32
94,54,33
94,55,19
94,55,20
94,55,21
94,55,22
94,55,23
94,55,24
94,55,25
94,55,26
94,55,27
94,55,28
94,55,29
94,55,30
94,55,31
94,55,32
94,56,20
94,56,21
94,56,22
94,56,23
94,56,24
94,56,25
94,56,26
94,56,27
94,56,28
94,56,29
94,56,30
94,56,31
94,57,20
94,57,21
94,57,22
94,57,23
94,57,24
94,57,25
94,57,26
94,57,27
94,57,28
94,57,29
94,57,30
94,58,20
94,58,21
94,58,22
94,58,23
94,58,24
94,58,25
94,58,26
94,58,27
94,58,28
94,58,29
94,59,20
94,59,21
94,59,22
94,59,23
94,59,24
94,59,25
94,59,26
94,59,27
94,59,28
94,60,19
94,60,20
94,60,21
94,60,22
94,60,23
94,60,24
94,60,25
94,60,26
94,61,19
94,61,20
94,61,21
94,61,22
94,61,23
94,61,24
94,61,25
94,62,20
94,62,21
94,62,22
94,62,23
94,62,24
94,63,20
94,63,21
94,63,22
94,63,23
94,63,24
94,64,22
94,64,23
95,31,25
95,31,26
95,32,24
95,32,25
95,32,26
95,32,27
95,33,24
95,33,25
95,33,26
95,33,27
95,34,24
95,34,25
95,34,26
95,35,23
95,35,24
95,35,25
95,35,26
95,35,27
95,36,23
95,36,24
95,36,25
95,36,26
95,36,27
95,37,23
95,37,24
95,37,25
95,37,26
95,37,27
95,37,30
95,37,31
95,38,24
95,38,25
95,38,26
95,38,29
95,38,30
95,38,31
95,38,32
95,38,33
95,39,27
95,39,28
95,39,29
95,39,30
95,39,31
95,39,32
95,39,33
95,40,28
95,40,29
95,40,30
95,40,31
95,40,32
95,40,33
95,41,29
95,41,30
95,41,31
95,41,32
95,41,33
95,42,25
95,42,30
95,43,22
95,43,23
95,43,25
95,43,26
95,43,27
95,43,28
95,44,22
95,44,23
95,44,24
95,44,25
95,44,26
95,44,27
95,44,28
95,44,29
95,44,30
95,45,22
95,45,23
95,45,24
95,45,25
95,45,26
95,45,27
95,45,28
95,45,29
95,45,30
95,46,22
95,46,23
95,46,24
95,46,25
95,46,26
95,46,27
95,46,28
95,46,29
95,46,30
95,47,22
95,47,23
95,47,24
95,47,25
95,47,26
95,47,27
95,47,28
95,47,29
95,47,30
95,47,31
95,47,32
95,47,33
95,48,22
95,48,23
95,48,24
95,48,25
95,48,26
95,48,27
95,48,28
95,48,29
95,48,30
95,48,31
95,48,32
95,48,33
95,49,20
95,49,21
95,49,22
95,49,23
95,49,24
95,49,25
95,49,26
95,49,27
95,49,28
95,49,29
95,49,30
95,49,31
95,49,32
95,49,33
95,50,20
95,50,21
95,50,22
95,50,23
95,50,24
95,50,25
95,50,26
95,50,27
95,50,28
95,50,29
95,50,30
95,50,31
95,50,32
95,50,33
95,51,21
95,51,22
95,51,23
95,51,24
95,51,25
95,51,26
95,51,27
95,51,28
95,51,29
95,51,30
95,51,31
95,51,32
95,51,33
95,51,34
95,52,21
95,52,22
95,52,23
95,52,24
95,52,25
95,52,26
95,52,27
95,52,28
95,52,29
95,52,30
95,52,31
95,52,32
95,52,33
95,52,34
95,53,21
95,53,22
95,53,23
95,53,24
95,53,25
95,53,26
95,53,27
95,53,28
95,53,29
95,53,30
95,53,31
95,53,32
95,53,33
95,53,34
95,54,21
95,54,22
95,54,23
95,54,24
95,54,25
95,54,26
95,54,27
95,54,28
95,54,29
95,54,30
95,54,31
95,54,32
95,54,33
95,55,21
95,55,22
95,55,23
95,55,24
95,55,25
95,55,26
95,55,27
95,55,28
95,55,29
95,55,30
95,55,31
95,55,32
95,56,21
95,56,22
95,56,23
95,56,24
95,56,25
95,56,26
95,56,27
95,56,28
95,56,29
95,56,30
95,56,31
95,57,21
95,57,22
95,57,23
95,57,24
95,57,25
95,57,26
95,57,27
95,57,28
95,57,29
95,57,30
95,58,21
95,58,22
95,58,23
95,58,24
95,58,25
95,58,26
95,58,27
95,58,28
95,58,29
95,59,21
95,59,22
95,59,23
95,59,24
95,59,25
95,59,26
95,59,27
95,59,28
95,60,21
95,60,22
95,60,23
95,60,24
95,60,25
95,60,26
95,60,27
95,61,20
95,61,21
95,61,22
95,61,23
95,61,24
95,61,25
95,61,26
95,62,21
95,62,22
95,62,23
95,62,24
95,62,25
95,63,21
95,63,22
95,63,23
95,63,24
95,63,25
95,64,22
95,64,23
95,64,24
96,36,25
96,38,31
96,43,22
96,43,23
96,44,22
96,44,23
96,45,22
96,45,23
96,45,24
96,45,25
96,45,26
96,46,22
96,46,23
96,46,24
96,46,25
96,46,26
96,46,27
96,46,28
96,46,29
96,46,30
96,47,23
96,47,24
96,47,25
96,47,26
96,47,27
96,47,28
96,47,29
96,47,30
96,47,31
96,47,32
96,48,23
96,48,24
96,48,25
96,48,26
96,48,27
96,48,28
96,48,29
96,48,30
96,48,31
96,48,32
96,49,21
96,49,22
96,49,23
96,49,24
96,49,25
96,49,26
96,49,27
96,49,28
96,49,29
96,49,30
96,49,31
96,49,32
96,50,21
96,50,22
96,50,23
96,50,24
96,50,25
96,50,26
96,50,27
96,50,28
96,50,29
96,50,30
96,50,31
96,50,32
96,51,21
96,51,22
96,51,23
96,51,24
96,51,25
96,51,26
96,51,27
96,51,28
96,51,29
96,51,30
96,51,31
96,51,32
96,51,33
96,52,22
96,52,23
96,52,24
96,52,25
96,52,26
96,52,27
96,52,28
96,52,29
96,52,30
96,52,31
96,52,32
96,52,33
96,52,34
96,53,22
96,53,23
96,53,24
96,53,25
96,53,26
96,53,27
96,53,28
96,53,29
96,53,30
96,53,31
96,53,32
96,53,33
96,53,34
96,54,22
96,54,23
96,54,24
96,54,25
96,54,26
96,54,27
96,54,28
96,54,29
96,54,30
96,54,31
96,54,32
96,54,33
96,55,22
96,55,23
96,55,24
96,55,25
96,55,26
96,55,27
96,55,28
96,55,29
96,55,30
96,55,31
96,55,32
96,56,22
96,56,23
96,56,24
96,56,25
96,56,26
96,56,27
96,56,28
96,56,29
96,56,30
96,57,22
96,57,23
96,57,24
96,57,25
96,57,26
96,57,27
96,57,28
96,57,29
96,58,22
96,58,23
96,58,24
96,58,25
96,58,26
96,58,27
96,58,28
96,59,22
96,59,23
96,59,24
96,59,25
96,59,26
96,59,27
96,60,21
96,60,22
96,60,23
96,60,24
96,60,25
96,60,26
96,60,27
96,61,21
96,61,22
96,61,23
96,61,24
96,61,25
96,61,26
96,62,21
96,62,22
96,62,23
96,62,24
96,62,25
96,62,26
96,63,22
96,63,23
96,63,24
96,63,25
96,64,23
96,64,24
96,64,25
97,43,22
97,43,23
97,43,24
97,44,22
97,44,23
97,44,24
97,44,25
97,45,22
97,45,23
97,45,24
97,45,25
97,46,22
97,46,23
97,46,24
97,46,25
97,47,23
97,47,24
97,47,25
97,47,26
97,47,27
97,47,29
97,48,23
97,48,24
97,48,25
97,48,26
97,48,27
97,48,28
97,48,29
97,48,30
97,48,31
97,49,23
97,49,24
97,49,25
97,49,26
97,49,27
97,49,28
97,49,29
97,49,30
97,49,31
97,50,22
97,50,23
97,50,24
97,50,25
97,50,26
97,50,27
97,50,28
97,50,29
97,50,30
97,50,31
97,51,23
97,51,24
97,51,25
97,51,26
97,51,27
97,51,28
97,51,29
97,51,30
97,51,31
97,51,32
97,52,23
97,52,24
97,52,25
97,52,26
97,52,27
97,52,28
97,52,29
97,52,30
97,52,31
97,52,32
97,52,33
97,53,23
97,53,24
97,53,25
97,53,26
97,53,27
97,53,28
97,53,29
97,53,30
97,53,31
97,53,32
97,53,33
97,54,23
97,54,24
97,54,25
97,54,26
97,54,27
97,54,28
97,54,29
97,54,30
97,54,31
97,54,32
97,55,23
97,55,24
97,55,25
97,55,26
97,55,27
97,55,28
97,55,29
97,55,30
97,55,31
97,56,23
97,56,24
97,56,25
97,56,26
97,56,27
97,56,28
97,56,29
97,57,23
97,57,24
97,57,25
97,57,26
97,57,27
97,57,28
97,58,23
97,58,24
97,58,25
97,58,26
97,58,27
97,59,23
97,59,24
97,59,25
97,59,26
97,59,27
97,60,22
97,60,23
97,60,24
97,60,25
97,60,26
97,60,27
97,61,22
97,61,23
97,61,24
97,61,25
97,61,26
97,62,23
97,62,24
97,62,25
97,62,26
97,63,23
97,63,24
97,63,25
97,63,26
97,64,23
97,64,24
97,64,25
98,44,23
98,44,24
98,44,25
98,44,26
98,45,22
98,45,23
98,45,24
98,45,25
98,46,22
98,46,23
98,46,24
98,47,22
98,47,23
98,47,24
98,47,25
98,48,23
98,48,24
98,48,25
98,48,26
98,49,23
98,49,24
98,49,25
98,49,26
98,49,27
98,50,24
98,50,25
98,50,26
98,50,27
98,50,28
98,51,24
98,51,25
98,51,26
98,51,27
98,51,28
98,52,25
98,52,26
98,52,27
98,52,28
98,52,29
98,53,25
98,53,26
98,53,27
98,53,28
98,53,29
98,54,25
98,54,26
98,54,27
98,54,28
98,54,29
98,55,25
98,55,26
98,55,27
98,55,28
98,55,29
98,56,24
98,56,25
98,56,26
98,56,27
98,56,28
98,57,24
98,57,25
98,57,26
98,57,27
98,57,28
98,58,24
98,58,25
98,58,26
98,58,27
98,58,28
98,59,23
98,59,24
98,59,25
98,59,26
98,59,27
98,60,23
98,60,24
98,60,25
98,60,26
98,60,27
98,61,23
98,61,24
98,61,25
98,61,26
98,61,27
98,62,23
98,62,24
98,62,25
98,62,26
98,63,23
98,63,24
98,63,25
98,63,26
98,63,27
98,64,25
98,64,26
99,44,23
99,44,24
99,44,25
99,45,22
99,45,23
99,45,24
99,45,25
99,46,22
99,46,23
99,46,24
99,47,22
99,47,23
99,47,24
99,48,23
99,48,24
99,49,23
99,49,24
99,49,25
99,49,26
99,50,24
99,50,25
99,50,26
99,50,28
99,51,25
99,51,27
99,52,29
99,54,27
99,55,26
99,55,27
99,56,26
99,56,27
99,57,25
99,57,26
99,57,27
99,58,25
99,58,26
99,58,27
99,59,25
99,59,26
99,59,27
99,60,24
99,60,25
99,60,26
99,60,27
99,61,25
99,61,26
99,61,27
99,62,25
99,62,26
99,63,25
99,63,26
99,64,25
100,44,24
100,44,25
100,45,22
100,45,23
100,45,24
100,45,25
100,46,23
100,46,24
100,47,23
100,47,24
100,48,23
100,48,24
100,49,23
100,49,24
100,49,25
100,50,24
100,50,25
100,51,25
100,57,26
100,59,25
100,60,25
100,60,26
100,61,25
100,61,26
100,61,27
100,62,26
101,45,23
101,45,24
101,46,23
101,46,24
101,47,23
101,47,24
101,48,23
101,48,24
101,49,23
101,49,24
101,49,25
101,50,24
101,50,25
