"x","y","z"
52,99,36
52,99,37
52,100,34
52,100,35
52,100,36
52,100,37
52,101,33
52,101,34
52,101,35
52,101,36
52,101,37
52,101,38
52,102,34
52,102,35
52,102,36
52,102,37
52,102,38
52,103,35
52,103,36
52,103,37
52,103,38
52,104,37
52,104,38
53,99,36
53,100,35
53,100,36
53,100,37
53,101,33
53,101,34
53,101,35
53,101,36
53,101,37
53,101,38
53,102,32
53,102,33
53,102,34
53,102,35
53,102,36
53,102,37
53,102,38
53,103,32
53,103,33
53,103,34
53,103,35
53,103,36
53,103,37
53,103,38
53,104,33
53,104,34
53,104,35
53,104,36
53,104,37
53,104,38
53,105,35
53,105,36
53,105,37
53,105,38
53,106,37
54,100,36
54,101,34
54,101,35
54,101,36
54,102,32
54,102,33
54,102,34
54,102,35
54,102,36
54,103,31
54,103,32
54,103,33
54,103,34
54,103,35
54,103,36
54,103,37
54,104,30
54,104,31
54,104,32
54,104,33
54,104,34
54,104,35
54,104,36
54,104,37
54,105,32
54,105,33
54,105,34
54,105,35
54,105,36
54,105,37
54,106,33
54,106,34
54,106,35
54,106,36
54,106,37
54,107,36
54,107,37
55,101,34
55,101,35
55,102,32
55,102,33
55,102,34
55,102,35
55,103,30
55,103,31
55,103,32
55,103,33
55,103,34
55,103,35
55,103,36
55,104,32
55,104,33
55,104,34
55,104,35
55,104,36
55,105,30
55,105,31
55,105,32
55,105,33
55,105,34
55,105,35
55,105,36
55,106,31
55,106,32
55,106,33
55,106,34
55,106,35
55,106,36
55,107,32
55,107,33
55,107,34
55,107,35
55,107,36
55,107,37
55,108,34
55,108,35
55,108,36
55,108,37
56,101,34
56,101,35
56,102,33
56,102,34
56,102,35
56,103,32
56,103,33
56,103,34
56,103,35
56,104,33
56,104,34
56,104,35
56,105,31
56,105,32
56,105,33
56,105,34
56,105,35
56,106,30
56,106,31
56,106,32
56,106,33
56,106,34
56,106,35
56,106,36
56,107,30
56,107,31
56,107,32
56,107,33
56,107,34
56,107,35
56,107,36
56,108,28
56,108,29
56,108,30
56,108,31
56,108,32
56,108,33
56,108,34
56,108,35
56,108,36
56,109,29
56,109,30
56,109,31
56,109,32
56,109,33
56,109,34
56,109,35
56,109,36
56,109,37
56,110,30
56,110,31
56,110,32
56,110,33
56,110,34
56,110,35
56,110,36
57,101,34
57,102,33
57,102,34
57,103,33
57,105,34
57,106,32
57,106,33
57,106,34
57,106,35
57,107,31
57,107,32
57,107,33
57,107,34
57,107,35
57,108,30
57,108,31
57,108,32
57,108,33
57,108,34
57,108,35
57,108,36
57,109,29
57,109,30
57,109,31
57,109,32
57,109,33
57,109,34
57,109,35
57,109,36
57,110,29
57,110,30
57,110,31
57,110,32
57,110,33
57,110,34
57,110,35
57,110,36
57,111,30
57,111,31
57,111,32
57,111,33
57,111,34
57,111,35
57,111,36
57,112,29
57,112,30
57,112,31
57,112,32
57,112,33
57,112,34
57,112,35
57,113,30
57,113,31
58,102,33
58,102,34
58,107,33
58,107,34
58,108,31
58,108,32
58,108,33
58,108,34
58,108,35
58,109,30
58,109,31
58,109,32
58,109,33
58,109,34
58,109,35
58,110,29
58,110,30
58,110,31
58,110,32
58,110,33
58,110,34
58,110,35
58,110,36
58,111,29
58,111,30
58,111,31
58,111,32
58,111,33
58,111,34
58,111,35
58,111,36
58,112,29
58,112,30
58,112,31
58,112,32
58,112,33
58,112,34
58,112,35
58,112,36
58,113,29
58,113,30
58,113,31
58,113,32
58,113,33
58,113,34
58,113,35
58,114,29
58,114,30
58,114,31
58,114,32
58,114,33
58,114,34
58,115,30
58,115,31
58,115,32
58,115,33
58,116,29
58,116,30
58,116,31
59,102,33
59,109,31
59,109,32
59,109,33
59,109,34
59,110,29
59,110,30
59,110,31
59,110,32
59,110,33
59,110,34
59,111,29
59,111,30
59,111,31
59,111,32
59,111,33
59,111,34
59,112,29
59,112,30
59,112,31
59,112,32
59,112,33
59,112,34
59,113,29
59,113,30
59,113,31
59,113,32
59,113,33
59,113,34
59,113,35
59,114,29
59,114,30
59,114,31
59,114,32
59,114,33
59,114,34
59,115,30
59,115,31
59,115,32
59,115,33
59,115,34
59,116,29
59,116,30
59,116,31
59,116,32
59,116,33
59,117,26
59,117,27
59,117,28
59,117,29
59,117,30
59,117,31
59,117,32
59,118,28
59,118,29
59,118,30
60,110,31
60,110,32
60,111,29
60,111,30
60,111,31
60,111,32
60,112,29
60,112,30
60,112,31
60,112,32
60,113,29
60,113,30
60,113,31
60,113,32
60,114,29
60,114,30
60,114,31
60,114,32
60,115,30
60,115,31
60,115,32
60,116,28
60,116,29
60,116,30
60,116,31
60,116,32
60,116,33
60,117,26
60,117,27
60,117,28
60,117,29
60,117,30
60,117,31
60,117,32
60,118,28
60,118,29
60,118,30
60,118,31
60,118,32
60,119,27
60,119,28
60,119,29
60,119,30
60,119,31
61,111,29
61,112,29
61,112,30
61,113,29
61,113,30
61,114,29
61,114,30
61,115,30
61,116,28
61,116,29
61,116,30
61,117,26
61,117,27
61,117,28
61,117,29
61,117,30
61,117,31
61,118,28
61,118,29
61,118,30
61,118,31
61,119,27
61,119,28
61,119,29
61,119,30
61,119,31
61,120,27
61,120,28
61,120,29
61,120,30
61,120,31
62,112,29
62,116,28
62,116,29
62,117,26
62,117,27
62,117,28
62,117,29
62,118,29
62,119,28
62,119,29
62,119,30
62,120,28
62,120,29
62,120,30
62,120,31
89,120,29
89,120,30
90,118,29
90,118,30
90,119,27
90,120,27
90,120,28
90,120,29
90,120,30
90,120,31
91,111,29
91,111,30
91,112,29
91,112,30
91,112,31
91,114,29
91,114,30
91,114,31
91,115,29
91,115,30
91,115,31
91,116,29
91,116,30
91,116,31
91,116,32
91,117,29
91,117,30
91,117,31
91,117,32
91,118,28
91,118,29
91,118,30
91,118,31
91,118,32
91,119,27
91,120,28
91,120,29
91,120,30
91,120,31
92,105,32
92,109,31
92,109,32
92,109,33
92,110,29
92,110,30
92,110,31
92,110,32
92,110,33
92,111,29
92,111,30
92,111,31
92,111,32
92,111,33
92,112,29
92,112,30
92,112,31
92,112,32
92,112,33
92,114,29
92,114,30
92,114,31
92,114,32
92,114,33
92,115,29
92,115,30
92,115,31
92,115,32
92,115,33
92,116,29
92,116,30
92,116,31
92,116,32
92,116,33
92,117,29
92,117,30
92,117,31
92,117,32
92,117,33
92,118,28
92,118,29
92,118,30
92,118,31
92,118,32
92,120,31
93,108,31
93,108,32
93,108,33
93,108,34
93,109,30
93,109,31
93,109,32
93,109,33
93,109,34
93,110,29
93,110,30
93,110,31
93,110,32
93,110,33
93,110,34
93,111,29
93,111,30
93,111,31
93,111,32
93,111,33
93,111,34
93,111,35
93,112,29
93,112,30
93,112,31
93,112,32
93,112,33
93,112,34
93,112,35
93,114,29
93,114,30
93,114,31
93,114,32
93,114,33
93,114,34
93,115,29
93,115,30
93,115,31
93,115,32
93,115,33
93,116,29
93,116,30
93,116,31
93,116,32
93,117,29
93,117,30
93,117,31
93,117,32
93,118,30
93,118,31
93,118,32
93,120,30
94,102,34
94,103,34
94,105,31
94,105,34
94,106,33
94,106,34
94,107,31
94,107,32
94,107,33
94,107,34
94,107,35
94,108,30
94,108,31
94,108,32
94,108,33
94,108,34
94,108,35
94,109,30
94,109,31
94,109,32
94,109,33
94,109,34
94,109,35
94,110,30
94,110,31
94,110,32
94,110,33
94,110,34
94,110,35
94,110,36
94,111,29
94,111,30
94,111,31
94,111,32
94,111,33
94,111,34
94,111,35
94,111,36
94,112,29
94,112,30
94,112,31
94,112,32
94,112,33
94,112,34
94,112,35
94,114,30
94,114,31
94,114,32
94,114,33
94,115,30
94,115,31
94,118,31
95,102,34
95,103,33
95,103,34
95,104,31
95,104,32
95,104,33
95,104,34
95,104,35
95,105,28
95,105,29
95,105,30
95,105,31
95,105,32
95,105,33
95,105,34
95,105,35
95,106,30
95,106,31
95,106,32
95,106,33
95,106,34
95,106,35
95,107,30
95,107,31
95,107,32
95,107,33
95,107,34
95,107,35
95,107,36
95,108,29
95,108,30
95,108,31
95,108,32
95,108,33
95,108,34
95,108,35
95,108,36
95,109,30
95,109,31
95,109,32
95,109,33
95,109,34
95,109,35
95,109,36
95,109,37
95,110,30
95,110,31
95,110,32
95,110,33
95,110,34
95,110,35
95,110,36
95,111,30
95,111,31
95,111,32
95,111,33
95,111,34
95,111,35
95,112,29
95,112,30
95,112,31
95,112,32
96,99,34
96,101,34
96,101,35
96,102,33
96,102,34
96,102,35
96,103,33
96,103,34
96,103,35
96,104,29
96,104,30
96,104,31
96,104,32
96,104,33
96,104,34
96,104,35
96,104,36
96,105,29
96,105,30
96,105,31
96,105,32
96,105,33
96,105,34
96,105,35
96,105,36
96,106,30
96,106,31
96,106,32
96,106,33
96,106,34
96,106,35
96,106,36
96,107,29
96,107,30
96,107,31
96,107,32
96,107,33
96,107,34
96,107,35
96,107,36
96,107,37
96,108,28
96,108,29
96,108,30
96,108,31
96,108,32
96,108,33
96,108,34
96,108,35
96,108,36
96,108,37
96,109,32
96,109,33
96,109,34
96,109,35
96,109,36
96,109,37
97,100,35
97,101,34
97,101,35
97,101,36
97,102,32
97,102,33
97,102,34
97,102,35
97,102,36
97,103,32
97,103,33
97,103,34
97,103,35
97,103,36
97,104,29
97,104,30
97,104,31
97,104,32
97,104,33
97,104,34
97,104,35
97,104,36
97,105,30
97,105,31
97,105,32
97,105,33
97,105,34
97,105,35
97,105,36
97,105,37
97,106,31
97,106,32
97,106,33
97,106,34
97,106,35
97,106,36
97,106,37
97,107,32
97,107,33
97,107,34
97,107,35
97,107,36
97,107,37
98,99,36
98,100,34
98,100,35
98,100,36
98,100,37
98,101,32
98,101,33
98,101,34
98,101,35
98,101,36
98,101,37
98,102,31
98,102,32
98,102,33
98,102,34
98,102,35
98,102,36
98,102,37
98,103,30
98,103,31
98,103,32
98,103,33
98,103,34
98,103,35
98,103,36
98,103,37
98,104,31
98,104,32
98,104,33
98,104,34
98,104,35
98,104,36
98,104,37
98,104,38
98,105,32
98,105,33
98,105,34
98,105,35
98,105,36
98,105,37
98,105,38
98,106,34
98,106,35
98,106,36
98,106,37
99,99,35
99,99,36
99,99,37
99,100,33
99,100,34
99,100,35
99,100,36
99,100,37
99,100,38
99,101,32
99,101,33
99,101,34
99,101,35
99,101,36
99,101,37
99,101,38
99,102,32
99,102,33
99,102,34
99,102,35
99,102,36
99,102,37
99,102,38
99,103,33
99,103,34
99,103,35
99,103,36
99,103,37
99,103,38
99,104,34
99,104,35
99,104,36
99,104,37
99,104,38
99,105,37
99,105,38
100,99,35
100,99,36
100,99,37
100,100,34
100,100,35
100,100,36
100,100,37
100,100,38
100,101,35
100,101,36
100,101,37
100,101,38
100,102,36
100,102,37
100,102,38
100,103,38
