"x","y","z"
54,59,57
55,59,57
55,59,58
55,59,59
55,60,57
55,60,58
56,59,57
56,59,58
56,59,59
56,59,60
56,60,58
56,60,59
56,60,60
57,59,58
57,59,59
57,59,60
57,59,61
57,60,58
57,60,59
57,60,60
57,60,61
57,61,58
57,61,59
58,59,59
58,59,60
58,59,61
58,59,62
58,60,59
58,60,60
58,60,61
58,60,62
58,61,58
58,61,59
58,61,60
58,62,58
58,62,59
58,62,60
58,62,61
59,59,60
59,59,61
59,59,62
59,60,60
59,60,61
59,60,62
59,60,63
59,61,58
59,61,59
59,61,60
59,61,61
59,61,62
59,62,59
59,62,60
59,62,61
59,62,62
59,63,59
59,63,60
60,59,61
60,59,62
60,59,63
60,59,64
60,60,61
60,60,63
60,60,64
60,61,59
60,61,60
60,61,61
60,61,62
60,61,63
60,62,60
60,62,61
60,62,62
60,63,59
60,63,60
60,63,61
60,64,59
60,64,60
61,59,61
61,59,62
61,59,63
61,59,64
61,59,65
61,60,62
61,60,63
61,60,64
61,60,65
61,61,61
61,61,62
61,61,63
61,61,64
61,62,61
61,62,62
61,62,63
61,63,59
61,63,60
61,63,61
61,63,62
61,64,60
61,64,61
61,65,59
61,65,60
61,65,61
62,59,63
62,59,64
62,59,65
62,60,63
62,60,64
62,60,65
62,61,62
62,61,63
62,61,64
62,61,65
62,62,61
62,62,62
62,62,63
62,62,64
62,63,60
62,63,61
62,63,62
62,63,63
62,64,60
62,64,61
62,64,62
62,65,60
62,65,61
62,65,62
62,66,61
62,107,57
62,107,58
62,110,56
62,110,57
62,110,58
63,59,64
63,59,65
63,59,66
63,60,64
63,60,65
63,60,66
63,61,63
63,61,64
63,61,65
63,61,66
63,62,62
63,62,63
63,62,64
63,62,65
63,63,61
63,63,62
63,63,63
63,63,64
63,63,65
63,64,60
63,64,61
63,64,62
63,64,63
63,65,60
63,65,61
63,65,62
63,65,63
63,65,64
63,66,61
63,66,62
63,66,63
63,66,64
63,67,61
63,67,62
63,67,63
63,105,57
63,105,58
63,106,56
63,106,57
63,106,58
63,107,57
63,107,58
63,107,59
63,107,60
63,108,57
63,108,58
63,108,59
63,109,56
63,109,57
63,109,58
63,110,56
63,110,57
63,110,58
63,110,59
63,110,60
64,59,65
64,59,66
64,59,67
64,60,64
64,60,65
64,60,66
64,61,64
64,61,65
64,61,66
64,61,67
64,62,62
64,62,63
64,62,64
64,62,65
64,63,62
64,63,63
64,63,64
64,63,65
64,64,61
64,64,62
64,64,63
64,64,64
64,65,61
64,65,62
64,65,63
64,65,64
64,65,65
64,66,63
64,66,64
64,66,65
64,67,61
64,67,62
64,67,63
64,67,64
64,68,62
64,68,63
64,68,64
64,69,61
64,69,62
64,69,63
64,69,64
64,70,61
64,70,62
64,101,58
64,101,59
64,102,57
64,102,58
64,102,59
64,103,57
64,103,58
64,103,59
64,103,60
64,103,61
64,104,57
64,104,58
64,104,59
64,105,56
64,105,57
64,105,58
64,105,59
64,105,60
64,106,56
64,106,57
64,106,58
64,106,59
64,106,60
64,107,57
64,107,58
64,107,59
64,107,60
64,107,61
64,108,57
64,108,58
64,108,59
64,108,60
64,108,61
64,109,56
64,109,57
64,109,58
64,109,59
64,109,60
64,110,57
64,110,58
64,110,59
64,110,60
64,110,61
64,110,62
65,59,66
65,59,67
65,60,65
65,60,66
65,60,67
65,61,65
65,61,66
65,61,67
65,62,63
65,62,64
65,62,65
65,62,66
65,63,64
65,63,65
65,63,66
65,64,62
65,64,63
65,64,64
65,64,65
65,65,63
65,65,64
65,65,65
65,65,66
65,66,63
65,66,64
65,66,65
65,66,66
65,67,62
65,67,63
65,67,64
65,67,65
65,68,62
65,68,63
65,68,64
65,69,62
65,69,63
65,69,64
65,69,65
65,70,62
65,70,63
65,70,64
65,71,62
65,71,63
65,71,64
65,71,65
65,72,62
65,72,63
65,72,64
65,99,58
65,99,59
65,100,58
65,100,59
65,100,60
65,100,61
65,101,58
65,101,59
65,101,60
65,101,61
65,102,57
65,102,58
65,102,59
65,102,60
65,102,61
65,103,57
65,103,58
65,103,59
65,103,60
65,103,61
65,103,62
65,104,57
65,104,58
65,104,59
65,104,60
65,104,61
65,105,57
65,105,58
65,105,59
65,105,60
65,105,61
65,106,57
65,106,58
65,106,59
65,106,60
65,106,61
65,106,62
65,107,59
65,107,60
65,107,61
65,107,62
65,108,58
65,108,59
65,108,60
65,108,61
65,108,62
65,109,57
65,109,58
65,109,59
65,109,60
65,109,61
65,109,62
65,109,63
65,110,59
65,110,60
65,110,61
65,110,62
65,110,63
66,59,66
66,59,67
66,60,65
66,60,66
66,60,67
66,61,66
66,61,67
66,61,68
66,62,63
66,62,64
66,62,65
66,62,66
66,63,64
66,63,65
66,63,66
66,63,67
66,64,63
66,64,64
66,64,65
66,64,66
66,65,64
66,65,65
66,65,66
66,66,64
66,66,65
66,66,66
66,67,63
66,67,64
66,67,65
66,67,66
66,68,63
66,68,64
66,68,65
66,69,63
66,69,64
66,69,65
66,69,66
66,70,63
66,70,64
66,70,65
66,70,66
66,71,62
66,71,63
66,71,64
66,71,65
66,71,66
66,72,63
66,72,64
66,72,65
66,72,66
66,73,63
66,74,63
66,74,64
66,74,65
66,98,58
66,98,59
66,98,60
66,99,58
66,99,59
66,99,60
66,100,58
66,100,59
66,100,60
66,100,61
66,101,58
66,101,59
66,101,60
66,101,61
66,101,62
66,102,58
66,102,59
66,102,60
66,102,61
66,102,62
66,103,59
66,103,60
66,103,61
66,103,62
66,103,63
66,104,58
66,104,59
66,104,60
66,104,61
66,104,62
66,104,63
66,105,59
66,105,60
66,105,61
66,105,62
66,106,59
66,106,60
66,106,61
66,106,62
66,106,63
66,107,60
66,107,61
66,107,62
66,107,63
66,108,60
66,108,61
66,108,62
66,108,63
66,108,64
66,109,59
66,109,60
66,109,61
66,109,62
66,109,63
66,109,64
66,110,61
66,110,62
66,110,63
66,110,64
67,59,66
67,59,67
67,60,66
67,60,67
67,60,68
67,61,66
67,61,67
67,61,68
67,62,64
67,62,65
67,62,66
67,62,67
67,63,65
67,63,66
67,63,67
67,64,64
67,64,65
67,64,66
67,64,67
67,65,65
67,65,66
67,65,67
67,66,65
67,66,66
67,66,67
67,67,64
67,67,65
67,67,66
67,67,67
67,68,63
67,68,64
67,68,65
67,68,66
67,69,64
67,69,65
67,69,66
67,69,67
67,70,63
67,70,64
67,70,65
67,70,66
67,70,67
67,71,64
67,71,65
67,71,66
67,71,67
67,72,63
67,72,64
67,72,65
67,72,66
67,73,63
67,73,64
67,73,65
67,74,64
67,74,65
67,74,66
67,75,64
67,75,65
67,75,66
67,76,64
67,76,65
67,76,66
67,77,63
67,78,64
67,79,63
67,79,64
67,79,65
67,97,58
67,97,59
67,97,60
67,98,58
67,98,59
67,98,60
67,98,61
67,99,58
67,99,59
67,99,60
67,99,61
67,100,59
67,100,60
67,100,61
67,100,62
67,101,60
67,101,61
67,101,62
67,101,63
67,102,60
67,102,61
67,102,62
67,102,63
67,103,61
67,103,62
67,103,63
67,103,64
67,104,60
67,104,61
67,104,62
67,104,63
67,104,64
67,105,60
67,105,61
67,105,62
67,105,63
67,105,64
67,106,61
67,106,62
67,106,63
67,107,61
67,107,62
67,107,63
67,107,64
67,107,65
67,108,61
67,108,62
67,108,63
67,108,64
67,108,65
67,109,62
67,109,63
67,109,64
67,109,65
67,110,62
67,110,63
67,110,64
67,110,65
68,59,66
68,59,67
68,59,68
68,60,66
68,60,67
68,60,68
68,61,67
68,61,68
68,61,69
68,62,65
68,62,66
68,62,67
68,62,68
68,63,66
68,63,67
68,63,68
68,64,65
68,64,66
68,64,67
68,64,68
68,65,65
68,65,66
68,65,67
68,65,68
68,66,65
68,66,66
68,66,67
68,66,68
68,67,65
68,67,66
68,67,67
68,67,68
68,68,64
68,68,65
68,68,66
68,68,67
68,69,65
68,69,66
68,69,67
68,69,68
68,70,65
68,70,66
68,70,67
68,70,68
68,71,65
68,71,66
68,71,67
68,71,68
68,72,65
68,72,66
68,72,67
68,73,64
68,73,65
68,73,66
68,74,64
68,74,65
68,74,66
68,74,67
68,75,65
68,75,66
68,76,64
68,76,65
68,76,66
68,76,67
68,77,63
68,77,64
68,77,65
68,77,66
68,78,64
68,78,65
68,78,66
68,78,67
68,79,64
68,79,65
68,80,64
68,80,65
68,81,64
68,81,65
68,82,64
68,82,65
68,83,64
68,84,64
68,90,61
68,90,62
68,93,60
68,93,61
68,95,58
68,95,59
68,95,60
68,96,59
68,96,60
68,96,61
68,97,58
68,97,59
68,97,60
68,97,61
68,98,59
68,98,60
68,98,61
68,98,62
68,99,59
68,99,60
68,99,61
68,99,62
68,100,60
68,100,61
68,100,62
68,100,63
68,101,61
68,101,62
68,101,63
68,102,61
68,102,62
68,102,63
68,102,64
68,103,62
68,103,63
68,103,64
68,103,65
68,104,62
68,104,63
68,104,64
68,104,65
68,105,61
68,105,62
68,105,63
68,105,64
68,105,65
68,106,62
68,106,63
68,106,64
68,106,65
68,106,66
68,107,62
68,107,63
68,107,64
68,107,65
68,107,66
68,108,63
68,108,64
68,108,65
68,108,66
68,109,63
68,109,64
68,109,65
68,109,66
68,110,63
68,110,64
68,110,65
68,110,66
69,59,67
69,59,68
69,60,67
69,60,68
69,61,67
69,61,68
69,61,69
69,62,65
69,62,66
69,62,67
69,62,68
69,63,66
69,63,67
69,63,68
69,64,66
69,64,67
69,64,68
69,64,69
69,65,66
69,65,67
69,65,68
69,66,66
69,66,67
69,66,68
69,67,66
69,67,67
69,67,68
69,67,69
69,68,65
69,68,66
69,68,67
69,68,68
69,69,66
69,69,67
69,69,68
69,69,69
69,70,66
69,70,67
69,70,68
69,71,66
69,71,67
69,71,68
69,72,65
69,72,66
69,72,67
69,72,68
69,73,64
69,73,65
69,73,66
69,73,67
69,74,65
69,74,66
69,74,67
69,74,68
69,75,65
69,75,66
69,75,67
69,76,65
69,76,66
69,76,67
69,76,68
69,77,64
69,77,65
69,77,66
69,77,67
69,78,65
69,78,66
69,78,67
69,78,68
69,79,64
69,79,65
69,79,66
69,80,65
69,80,66
69,81,64
69,81,65
69,82,64
69,82,65
69,82,66
69,83,64
69,83,65
69,84,64
69,84,65
69,85,64
69,85,65
69,87,63
69,89,60
69,89,61
69,89,62
69,89,63
69,90,61
69,90,62
69,90,63
69,91,61
69,91,62
69,92,60
69,92,61
69,92,62
69,93,60
69,93,61
69,93,62
69,94,59
69,94,60
69,94,61
69,94,62
69,95,59
69,95,60
69,95,61
69,96,59
69,96,60
69,96,61
69,96,62
69,97,59
69,97,60
69,97,61
69,97,62
69,98,60
69,98,61
69,98,62
69,99,60
69,99,61
69,99,62
69,99,63
69,100,61
69,100,62
69,100,63
69,100,64
69,101,62
69,101,63
69,101,64
69,102,62
69,102,63
69,102,64
69,102,65
69,103,63
69,103,64
69,103,65
69,103,66
69,104,63
69,104,64
69,104,65
69,105,63
69,105,64
69,105,65
69,106,62
69,106,63
69,106,64
69,106,65
69,106,66
69,106,67
69,107,64
69,107,65
69,107,66
69,107,67
69,108,64
69,108,65
69,108,66
69,108,67
69,109,64
69,109,65
69,109,66
69,109,67
69,110,64
69,110,65
69,110,66
69,110,67
70,59,67
70,59,68
70,60,67
70,60,68
70,60,69
70,61,68
70,61,69
70,62,66
70,62,67
70,62,68
70,62,69
70,63,67
70,63,68
70,63,69
70,64,67
70,64,68
70,64,69
70,65,67
70,65,68
70,65,69
70,66,67
70,66,68
70,66,69
70,67,67
70,67,68
70,67,69
70,68,65
70,68,66
70,68,67
70,68,68
70,68,69
70,69,67
70,69,68
70,69,69
70,69,70
70,70,67
70,70,68
70,70,69
70,71,67
70,71,68
70,71,69
70,72,66
70,72,67
70,72,68
70,72,69
70,73,65
70,73,66
70,73,67
70,73,68
70,74,66
70,74,67
70,74,68
70,75,65
70,75,66
70,75,67
70,75,68
70,76,66
70,76,67
70,76,68
70,77,65
70,77,66
70,77,67
70,78,66
70,78,67
70,78,68
70,79,64
70,79,65
70,79,66
70,79,67
70,80,65
70,80,66
70,81,64
70,81,65
70,81,66
70,82,64
70,82,65
70,82,66
70,82,67
70,83,64
70,83,65
70,83,66
70,84,64
70,84,65
70,84,66
70,85,64
70,85,65
70,85,66
70,86,63
70,86,64
70,87,63
70,87,64
70,88,63
70,88,64
70,89,60
70,89,61
70,89,62
70,89,63
70,89,64
70,90,61
70,90,62
70,90,63
70,90,64
70,91,61
70,91,62
70,91,63
70,92,60
70,92,61
70,92,62
70,92,63
70,93,60
70,93,61
70,93,62
70,94,59
70,94,60
70,94,61
70,94,62
70,94,63
70,95,59
70,95,60
70,95,61
70,95,62
70,95,63
70,96,60
70,96,61
70,96,62
70,97,60
70,97,61
70,97,62
70,97,63
70,98,61
70,98,62
70,98,63
70,99,61
70,99,62
70,99,63
70,99,64
70,100,62
70,100,63
70,100,64
70,100,65
70,101,62
70,101,63
70,101,64
70,102,63
70,102,64
70,102,65
70,103,64
70,103,65
70,103,66
70,104,64
70,104,65
70,104,66
70,105,64
70,105,65
70,105,66
70,106,65
70,106,66
70,106,67
70,107,65
70,107,66
70,107,67
70,108,65
70,108,66
70,108,67
70,109,65
70,109,66
70,109,67
70,110,65
70,110,66
70,110,67
70,110,68
71,59,67
71,59,68
71,60,67
71,60,68
71,60,69
71,61,68
71,61,69
71,62,67
71,62,68
71,62,69
71,63,67
71,63,68
71,63,69
71,64,68
71,64,69
71,64,70
71,65,67
71,65,68
71,65,69
71,66,67
71,66,68
71,66,69
71,67,68
71,67,69
71,68,66
71,68,67
71,68,68
71,68,69
71,69,68
71,69,69
71,69,70
71,70,67
71,70,68
71,70,69
71,71,67
71,71,68
71,71,69
71,72,67
71,72,68
71,72,69
71,73,66
71,73,67
71,73,68
71,74,67
71,74,68
71,74,69
71,75,66
71,75,67
71,75,68
71,75,69
71,76,67
71,76,68
71,76,69
71,77,66
71,77,67
71,77,68
71,78,67
71,78,68
71,79,65
71,79,66
71,79,67
71,80,65
71,80,66
71,80,67
71,81,64
71,81,65
71,81,66
71,81,67
71,82,65
71,82,66
71,82,67
71,83,64
71,83,65
71,83,66
71,84,64
71,84,65
71,84,66
71,84,67
71,85,64
71,85,65
71,85,66
71,86,63
71,86,64
71,86,65
71,87,63
71,87,64
71,87,65
71,88,63
71,88,64
71,88,65
71,89,62
71,89,63
71,89,64
71,90,62
71,90,63
71,90,64
71,91,61
71,91,62
71,91,63
71,92,60
71,92,61
71,92,62
71,92,63
71,93,61
71,93,62
71,93,63
71,94,61
71,94,62
71,94,63
71,94,64
71,95,60
71,95,61
71,95,62
71,95,63
71,96,61
71,96,62
71,96,63
71,97,61
71,97,62
71,97,63
71,97,64
71,98,61
71,98,62
71,98,63
71,98,64
71,99,62
71,99,63
71,99,64
71,99,65
71,100,63
71,100,64
71,100,65
71,101,63
71,101,64
71,101,65
71,102,64
71,102,65
71,102,66
71,103,65
71,103,66
71,103,67
71,104,64
71,104,65
71,104,66
71,104,67
71,105,64
71,105,65
71,105,66
71,105,67
71,106,66
71,106,67
71,107,66
71,107,67
71,107,68
71,108,66
71,108,67
71,109,66
71,109,67
71,109,68
71,110,66
71,110,67
71,110,68
71,110,69
72,60,68
72,60,69
72,61,68
72,61,69
72,62,68
72,62,69
72,63,68
72,63,69
72,64,68
72,64,69
72,64,70
72,65,68
72,65,69
72,66,68
72,66,69
72,66,70
72,67,68
72,67,69
72,68,67
72,68,68
72,68,69
72,69,69
72,69,70
72,70,68
72,70,69
72,70,70
72,71,68
72,71,69
72,71,70
72,72,68
72,72,69
72,73,67
72,73,68
72,73,69
72,74,67
72,74,68
72,74,69
72,75,67
72,75,68
72,75,69
72,76,67
72,76,68
72,76,69
72,77,66
72,77,67
72,77,68
72,77,69
72,78,67
72,78,68
72,78,69
72,79,66
72,79,67
72,79,68
72,80,65
72,80,66
72,80,67
72,81,65
72,81,66
72,81,67
72,82,66
72,82,67
72,83,64
72,83,65
72,83,66
72,83,67
72,84,65
72,84,66
72,84,67
72,85,65
72,85,66
72,86,63
72,86,64
72,86,65
72,87,63
72,87,64
72,87,65
72,87,66
72,88,63
72,88,64
72,88,65
72,89,63
72,89,64
72,89,65
72,90,63
72,90,64
72,91,62
72,91,63
72,91,64
72,92,62
72,92,63
72,92,64
72,93,61
72,93,62
72,93,63
72,93,64
72,94,62
72,94,63
72,94,64
72,95,62
72,95,63
72,95,64
72,96,61
72,96,62
72,96,63
72,96,64
72,97,62
72,97,63
72,97,64
72,98,62
72,98,63
72,98,64
72,99,63
72,99,64
72,99,65
72,100,64
72,100,65
72,101,63
72,101,64
72,101,65
72,102,64
72,102,65
72,102,66
72,103,65
72,103,66
72,103,67
72,104,65
72,104,66
72,104,67
72,105,65
72,105,66
72,105,67
72,106,66
72,106,67
72,107,66
72,107,67
72,107,68
72,108,66
72,108,67
72,108,68
72,109,66
72,109,67
72,109,68
72,109,69
72,110,67
72,110,68
73,62,68
73,62,69
73,63,68
73,63,69
73,63,70
73,64,69
73,64,70
73,65,68
73,65,69
73,65,70
73,66,68
73,66,69
73,66,70
73,67,68
73,67,69
73,67,70
73,68,68
73,68,69
73,68,70
73,69,69
73,69,70
73,70,68
73,70,69
73,70,70
73,71,68
73,71,69
73,71,70
73,72,68
73,72,69
73,72,70
73,73,67
73,73,68
73,73,69
73,74,68
73,74,69
73,74,70
73,75,68
73,75,69
73,76,68
73,76,69
73,76,70
73,77,67
73,77,68
73,77,69
73,78,67
73,78,68
73,78,69
73,79,66
73,79,67
73,79,68
73,80,66
73,80,67
73,80,68
73,81,66
73,81,67
73,81,68
73,82,66
73,82,67
73,82,68
73,83,65
73,83,66
73,83,67
73,84,66
73,84,67
73,84,68
73,85,65
73,85,66
73,85,67
73,86,64
73,86,65
73,86,66
73,87,64
73,87,65
73,87,66
73,88,64
73,88,65
73,88,66
73,89,63
73,89,64
73,89,65
73,90,63
73,90,64
73,90,65
73,91,62
73,91,63
73,91,64
73,91,65
73,92,62
73,92,63
73,92,64
73,92,65
73,93,62
73,93,63
73,93,64
73,94,63
73,94,64
73,95,62
73,95,63
73,95,64
73,96,62
73,96,63
73,96,64
73,97,63
73,97,64
73,98,63
73,98,64
73,98,65
73,99,64
73,99,65
73,100,64
73,100,65
73,101,64
73,101,65
73,101,66
73,102,65
73,102,66
73,103,66
73,103,67
73,104,65
73,104,66
73,104,67
73,105,66
73,105,67
73,106,66
73,106,67
73,107,67
73,107,68
73,108,66
73,108,67
73,109,67
73,110,68
74,63,68
74,65,68
74,67,68
74,68,68
74,69,69
74,69,70
74,69,71
74,70,69
74,70,70
74,71,69
74,71,70
74,72,68
74,72,69
74,72,70
74,73,68
74,73,70
74,74,70
74,75,68
74,75,69
74,75,70
74,76,68
74,76,69
74,76,70
74,77,68
74,77,69
74,78,67
74,78,68
74,78,69
74,79,66
74,79,67
74,79,68
74,79,69
74,80,66
74,80,67
74,80,68
74,81,66
74,81,67
74,81,68
74,82,66
74,83,66
74,83,68
74,84,68
74,85,65
74,86,64
74,86,65
74,86,66
74,86,67
74,87,65
74,87,66
74,87,67
74,88,64
74,88,65
74,88,66
74,88,67
74,89,64
74,89,65
74,89,66
74,90,63
74,91,63
74,91,65
74,92,65
74,93,63
74,93,65
74,94,64
74,94,65
74,95,63
74,95,64
74,96,63
74,96,64
74,97,63
74,97,64
74,98,63
74,98,64
74,98,65
74,99,65
74,100,65
74,101,66
74,102,66
75,65,68
75,75,68
75,77,68
75,78,67
75,78,68
75,79,67
75,79,68
75,79,69
75,86,65
75,87,65
75,89,64
75,94,65
76,79,69
77,66,69
77,69,69
77,69,70
77,70,69
77,70,70
77,71,69
77,72,70
77,73,69
77,73,70
77,74,68
77,74,69
77,74,70
77,75,69
77,75,70
77,76,68
77,76,69
77,76,70
77,77,68
77,77,69
77,78,67
77,78,68
77,78,69
77,79,68
77,79,69
77,80,67
77,80,68
77,81,67
77,81,68
77,82,67
77,82,68
77,83,66
77,83,67
77,84,66
77,84,67
77,84,68
77,85,66
77,85,67
77,86,65
77,86,66
77,86,67
77,87,65
77,87,67
77,88,65
77,88,67
77,89,64
77,89,65
77,89,66
77,90,64
77,91,63
77,91,64
77,93,63
77,94,63
77,95,63
77,97,63
77,100,64
77,101,64
77,102,64
78,65,69
78,66,69
78,66,70
78,66,71
78,67,69
78,67,70
78,68,68
78,68,69
78,68,70
78,69,69
78,69,70
78,70,68
78,70,69
78,70,70
78,71,69
78,71,70
78,72,69
78,72,70
78,73,68
78,73,69
78,73,70
78,74,68
78,74,69
78,74,70
78,75,68
78,75,69
78,75,70
78,76,68
78,76,69
78,76,70
78,77,67
78,77,68
78,77,69
78,78,67
78,78,68
78,78,69
78,79,67
78,79,68
78,79,69
78,80,67
78,80,68
78,81,66
78,81,67
78,81,68
78,82,67
78,82,68
78,83,66
78,83,67
78,83,68
78,84,66
78,84,67
78,84,68
78,85,65
78,85,66
78,85,67
78,86,65
78,86,66
78,86,67
78,87,65
78,87,66
78,87,67
78,88,65
78,88,66
78,88,67
78,89,64
78,89,65
78,89,66
78,90,64
78,90,65
78,91,63
78,91,64
78,91,65
78,92,64
78,92,65
78,93,62
78,93,63
78,93,64
78,94,63
78,94,64
78,94,65
78,95,62
78,95,63
78,95,64
78,96,63
78,96,64
78,97,63
78,97,64
78,98,63
78,98,64
78,99,63
78,99,64
78,99,65
78,100,64
78,100,65
78,101,64
78,101,65
78,101,66
78,102,64
78,102,65
78,103,64
78,103,65
78,103,66
78,104,65
78,104,66
78,108,67
79,62,68
79,62,70
79,63,69
79,63,70
79,64,69
79,64,70
79,65,68
79,65,69
79,65,70
79,66,69
79,66,70
79,66,71
79,67,68
79,67,69
79,67,70
79,68,67
79,68,68
79,68,69
79,68,70
79,69,69
79,69,70
79,70,68
79,70,69
79,70,70
79,71,68
79,71,69
79,71,70
79,72,68
79,72,69
79,72,70
79,73,68
79,73,69
79,73,70
79,74,67
79,74,68
79,74,69
79,75,68
79,75,69
79,75,70
79,76,68
79,76,69
79,77,67
79,77,68
79,77,69
79,78,67
79,78,68
79,79,67
79,79,68
79,79,69
79,80,66
79,80,67
79,80,68
79,81,66
79,81,67
79,81,68
79,82,66
79,82,67
79,82,68
79,83,65
79,83,66
79,83,67
79,83,68
79,84,65
79,84,66
79,84,67
79,85,65
79,85,66
79,85,67
79,86,64
79,86,65
79,86,66
79,87,64
79,87,65
79,87,66
79,88,65
79,88,66
79,89,64
79,89,65
79,90,64
79,90,65
79,91,63
79,91,64
79,92,63
79,92,64
79,92,65
79,93,62
79,93,63
79,93,64
79,94,62
79,94,63
79,94,64
79,95,62
79,95,63
79,95,64
79,96,62
79,96,63
79,96,64
79,97,63
79,97,64
79,98,63
79,98,64
79,99,63
79,99,64
79,99,65
79,100,63
79,100,64
79,100,65
79,101,64
79,101,65
79,102,64
79,102,65
79,103,64
79,103,65
79,103,66
79,104,65
79,104,66
79,105,65
79,105,66
79,105,67
79,106,65
79,106,66
79,106,67
79,107,66
79,107,67
79,107,68
79,108,67
79,108,68
79,108,69
79,109,67
79,109,68
80,60,68
80,60,69
80,61,68
80,61,69
80,62,68
80,62,69
80,62,70
80,63,68
80,63,69
80,63,70
80,64,69
80,64,70
80,65,68
80,65,69
80,65,70
80,66,68
80,66,69
80,66,70
80,67,68
80,67,69
80,67,70
80,68,67
80,68,68
80,68,69
80,69,68
80,69,69
80,69,70
80,70,67
80,70,68
80,70,69
80,70,70
80,71,67
80,71,68
80,71,69
80,71,70
80,72,68
80,72,69
80,72,70
80,73,67
80,73,68
80,73,69
80,74,67
80,74,68
80,74,69
80,75,67
80,75,68
80,75,69
80,76,67
80,76,68
80,76,69
80,77,66
80,77,67
80,77,68
80,78,66
80,78,67
80,78,68
80,79,66
80,79,67
80,79,68
80,80,65
80,80,66
80,80,67
80,80,68
80,81,65
80,81,66
80,81,67
80,82,66
80,82,67
80,82,68
80,83,65
80,83,66
80,83,67
80,84,64
80,84,65
80,84,66
80,84,67
80,85,64
80,85,65
80,85,66
80,86,64
80,86,65
80,86,66
80,87,63
80,87,64
80,87,65
80,87,66
80,88,64
80,88,65
80,88,66
80,89,63
80,89,64
80,89,65
80,90,64
80,90,65
80,91,62
80,91,63
80,91,64
80,92,63
80,92,64
80,92,65
80,93,61
80,93,62
80,93,63
80,94,62
80,94,63
80,94,64
80,95,62
80,95,63
80,96,62
80,96,63
80,96,64
80,97,62
80,97,63
80,97,64
80,98,62
80,98,63
80,98,64
80,99,62
80,99,63
80,99,64
80,100,63
80,100,64
80,100,65
80,101,63
80,101,64
80,101,65
80,102,63
80,102,64
80,102,65
80,103,63
80,103,64
80,103,65
80,104,65
80,104,66
80,105,65
80,105,66
80,105,67
80,106,65
80,106,66
80,106,67
80,107,65
80,107,66
80,107,67
80,107,68
80,108,66
80,108,67
80,108,68
80,109,67
80,109,68
80,109,69
80,109,70
80,110,69
81,59,68
81,59,69
81,60,68
81,60,69
81,61,68
81,61,69
81,62,68
81,62,69
81,63,68
81,63,69
81,63,70
81,64,68
81,64,69
81,64,70
81,65,68
81,65,69
81,66,68
81,66,69
81,66,70
81,67,68
81,67,69
81,68,66
81,68,67
81,68,68
81,68,69
81,69,68
81,69,69
81,69,70
81,70,67
81,70,68
81,70,69
81,71,67
81,71,68
81,71,69
81,72,67
81,72,68
81,72,69
81,73,66
81,73,67
81,73,68
81,73,69
81,74,66
81,74,67
81,74,68
81,75,67
81,75,68
81,75,69
81,76,66
81,76,67
81,76,68
81,76,69
81,77,66
81,77,67
81,77,68
81,78,66
81,78,67
81,78,68
81,79,65
81,79,66
81,79,67
81,79,68
81,80,65
81,80,66
81,80,67
81,81,65
81,81,66
81,81,67
81,82,65
81,82,66
81,82,67
81,83,65
81,83,66
81,84,64
81,84,65
81,84,66
81,85,64
81,85,65
81,85,66
81,86,64
81,86,65
81,86,66
81,87,63
81,87,64
81,87,65
81,88,64
81,88,65
81,88,66
81,89,62
81,89,63
81,89,64
81,89,65
81,90,63
81,90,64
81,90,65
81,91,62
81,91,63
81,91,64
81,92,62
81,92,63
81,92,64
81,93,60
81,93,61
81,93,62
81,93,63
81,94,61
81,94,62
81,94,63
81,95,62
81,95,63
81,96,61
81,96,62
81,96,63
81,97,62
81,97,63
81,97,64
81,98,62
81,98,63
81,98,64
81,99,61
81,99,62
81,99,63
81,99,64
81,100,62
81,100,63
81,100,64
81,101,63
81,101,64
81,101,65
81,102,63
81,102,64
81,102,65
81,103,62
81,103,63
81,103,64
81,103,65
81,104,64
81,104,65
81,104,66
81,105,64
81,105,65
81,105,66
81,106,64
81,106,65
81,106,66
81,107,65
81,107,66
81,107,67
81,108,65
81,108,66
81,108,67
81,108,68
81,109,66
81,109,67
81,109,68
81,110,69
81,110,70
82,59,67
82,59,68
82,59,69
82,60,67
82,60,68
82,60,69
82,61,67
82,61,68
82,61,69
82,62,68
82,62,69
82,63,68
82,63,69
82,64,68
82,64,69
82,64,70
82,65,67
82,65,68
82,65,69
82,66,67
82,66,68
82,66,69
82,67,67
82,67,68
82,67,69
82,68,66
82,68,67
82,68,68
82,68,69
82,69,67
82,69,68
82,69,69
82,70,66
82,70,67
82,70,68
82,71,66
82,71,67
82,71,68
82,72,67
82,72,68
82,72,69
82,73,66
82,73,67
82,73,68
82,74,65
82,74,66
82,74,67
82,74,68
82,75,66
82,75,67
82,75,68
82,76,65
82,76,66
82,76,67
82,76,68
82,77,65
82,77,66
82,77,67
82,78,65
82,78,66
82,78,67
82,79,65
82,79,66
82,79,67
82,80,65
82,80,66
82,81,65
82,81,66
82,82,64
82,82,65
82,82,66
82,82,67
82,83,65
82,83,66
82,84,64
82,84,65
82,85,65
82,86,64
82,86,65
82,87,63
82,87,64
82,88,64
82,89,62
82,89,63
82,89,64
82,90,62
82,90,63
82,90,64
82,90,65
82,91,62
82,91,63
82,92,61
82,92,62
82,92,63
82,92,64
82,93,60
82,93,61
82,93,62
82,94,60
82,94,61
82,94,62
82,94,63
82,95,61
82,95,62
82,95,63
82,96,60
82,96,61
82,96,62
82,96,63
82,97,61
82,97,62
82,97,63
82,98,61
82,98,62
82,98,63
82,99,60
82,99,61
82,99,62
82,99,63
82,100,61
82,100,62
82,100,63
82,100,64
82,101,62
82,101,63
82,101,64
82,102,62
82,102,63
82,102,64
82,103,62
82,103,63
82,103,64
82,104,64
82,104,65
82,104,66
82,105,63
82,105,64
82,105,65
82,105,66
82,106,64
82,106,65
82,106,66
82,107,64
82,107,65
82,107,66
82,108,65
82,108,66
82,108,67
82,109,65
82,109,66
82,109,67
82,109,68
82,110,68
82,110,69
82,110,70
83,59,67
83,59,68
83,59,69
83,60,66
83,60,67
83,60,68
83,60,69
83,61,67
83,61,68
83,61,69
83,62,68
83,62,69
83,63,67
83,63,68
83,63,69
83,64,67
83,64,68
83,64,69
83,64,70
83,65,67
83,65,68
83,65,69
83,66,66
83,66,67
83,66,68
83,66,69
83,67,66
83,67,67
83,67,68
83,67,69
83,68,65
83,68,66
83,68,67
83,68,68
83,69,66
83,69,67
83,69,68
83,69,69
83,70,65
83,70,66
83,70,67
83,70,68
83,71,65
83,71,66
83,71,67
83,71,68
83,72,66
83,72,67
83,72,68
83,73,65
83,73,66
83,73,67
83,74,65
83,74,66
83,74,67
83,75,66
83,75,67
83,75,68
83,76,65
83,76,66
83,76,67
83,77,64
83,77,65
83,77,66
83,77,67
83,78,64
83,78,65
83,78,66
83,78,67
83,79,64
83,79,65
83,79,66
83,80,65
83,81,65
83,81,66
83,82,64
83,82,65
83,82,66
83,89,62
83,89,63
83,90,62
83,90,63
83,90,64
83,91,62
83,92,61
83,92,62
83,92,63
83,93,60
83,93,61
83,94,60
83,94,61
83,94,62
83,95,61
83,95,62
83,95,63
83,96,60
83,96,61
83,96,62
83,97,59
83,97,60
83,97,61
83,97,62
83,97,63
83,98,60
83,98,61
83,98,62
83,98,63
83,99,59
83,99,60
83,99,61
83,99,62
83,100,61
83,100,62
83,100,63
83,101,61
83,101,62
83,101,63
83,101,64
83,102,62
83,102,63
83,102,64
83,103,62
83,103,63
83,104,63
83,104,64
83,104,65
83,105,63
83,105,64
83,105,65
83,106,63
83,106,64
83,106,65
83,107,64
83,107,65
83,107,66
83,108,64
83,108,65
83,108,66
83,109,65
83,109,66
83,109,67
83,110,66
83,110,67
83,110,68
83,110,69
83,110,70
84,59,66
84,59,67
84,59,68
84,60,66
84,60,67
84,60,68
84,61,67
84,61,68
84,62,67
84,62,68
84,62,69
84,63,66
84,63,67
84,63,68
84,63,69
84,64,67
84,64,68
84,64,69
84,65,66
84,65,67
84,65,68
84,66,65
84,66,66
84,66,67
84,66,68
84,67,66
84,67,67
84,67,68
84,68,65
84,68,66
84,68,67
84,69,64
84,69,65
84,69,66
84,69,67
84,69,68
84,70,64
84,70,65
84,70,66
84,70,67
84,71,64
84,71,65
84,71,66
84,71,67
84,72,64
84,72,65
84,72,66
84,72,67
84,72,68
84,73,64
84,73,65
84,73,66
84,73,67
84,74,64
84,74,65
84,74,66
84,75,65
84,75,66
84,76,64
84,76,65
84,77,64
84,77,65
84,77,66
84,78,64
84,79,64
84,79,65
84,79,66
84,93,60
84,93,61
84,94,60
84,94,61
84,95,60
84,95,61
84,95,62
84,96,60
84,96,61
84,97,58
84,97,59
84,97,60
84,97,61
84,97,62
84,98,58
84,98,59
84,98,60
84,98,61
84,98,62
84,99,59
84,99,60
84,99,61
84,100,60
84,100,61
84,100,62
84,101,61
84,101,62
84,101,63
84,102,61
84,102,62
84,102,63
84,103,61
84,103,62
84,103,63
84,104,62
84,104,63
84,104,64
84,104,65
84,105,62
84,105,63
84,105,64
84,106,63
84,106,64
84,106,65
84,107,63
84,107,64
84,107,65
84,108,63
84,108,64
84,108,65
84,108,66
84,109,64
84,109,65
84,109,66
84,110,64
84,110,65
84,110,66
84,110,67
84,110,68
84,110,69
85,59,66
85,59,67
85,59,68
85,60,66
85,60,67
85,60,68
85,61,66
85,61,67
85,61,68
85,62,67
85,62,68
85,62,69
85,63,65
85,63,66
85,63,67
85,63,68
85,64,66
85,64,67
85,64,68
85,64,69
85,65,66
85,65,67
85,65,68
85,66,64
85,66,65
85,66,66
85,66,67
85,67,64
85,67,65
85,67,66
85,67,67
85,68,63
85,68,64
85,68,65
85,68,66
85,68,67
85,69,63
85,69,64
85,69,65
85,69,66
85,69,67
85,70,63
85,70,64
85,70,65
85,70,66
85,71,63
85,71,64
85,71,65
85,71,66
85,72,63
85,72,64
85,72,65
85,72,66
85,72,67
85,73,63
85,73,64
85,73,65
85,73,66
85,74,64
85,95,59
85,95,60
85,96,59
85,96,60
85,97,58
85,97,59
85,97,60
85,98,58
85,98,59
85,98,60
85,98,61
85,99,58
85,99,59
85,99,60
85,100,58
85,100,59
85,100,60
85,100,61
85,100,62
85,101,60
85,101,61
85,101,62
85,102,60
85,102,61
85,102,62
85,102,63
85,103,60
85,103,61
85,103,62
85,103,63
85,104,61
85,104,62
85,104,63
85,104,64
85,105,61
85,105,62
85,105,63
85,105,64
85,106,62
85,106,63
85,106,64
85,107,62
85,107,63
85,107,64
85,107,65
85,108,63
85,108,64
85,108,65
85,109,63
85,109,64
85,109,65
85,109,66
85,110,63
85,110,64
85,110,65
85,110,66
85,110,67
86,59,65
86,59,66
86,59,67
86,60,65
86,60,66
86,60,67
86,61,65
86,61,66
86,61,67
86,61,68
86,62,66
86,62,67
86,62,68
86,63,65
86,63,66
86,63,67
86,64,65
86,64,66
86,64,67
86,64,68
86,65,64
86,65,65
86,65,66
86,65,67
86,66,63
86,66,64
86,66,65
86,66,66
86,67,62
86,67,63
86,67,64
86,67,65
86,67,66
86,67,67
86,68,62
86,68,63
86,68,64
86,68,65
86,68,66
86,69,63
86,69,64
86,69,65
86,70,62
86,70,63
86,70,64
86,70,65
86,71,63
86,71,64
86,71,65
86,72,62
86,72,63
86,72,64
86,72,65
86,73,63
86,98,58
86,98,59
86,99,58
86,99,59
86,99,60
86,100,58
86,100,59
86,100,60
86,100,61
86,101,59
86,101,60
86,101,61
86,101,62
86,102,58
86,102,59
86,102,60
86,102,61
86,102,62
86,103,58
86,103,59
86,103,60
86,103,61
86,103,62
86,104,59
86,104,60
86,104,61
86,104,62
86,104,63
86,105,59
86,105,60
86,105,61
86,105,62
86,105,63
86,106,61
86,106,62
86,106,63
86,106,64
86,107,60
86,107,61
86,107,62
86,107,63
86,107,64
86,108,61
86,108,62
86,108,63
86,108,64
86,109,62
86,109,63
86,109,64
86,109,65
86,110,62
86,110,63
86,110,64
86,110,65
87,59,65
87,59,66
87,59,67
87,60,65
87,60,66
87,60,67
87,61,64
87,61,65
87,61,66
87,61,67
87,62,65
87,62,66
87,62,67
87,62,68
87,63,64
87,63,65
87,63,66
87,64,63
87,64,64
87,64,65
87,64,66
87,64,67
87,65,62
87,65,63
87,65,64
87,65,65
87,65,66
87,65,67
87,66,63
87,66,64
87,66,65
87,67,62
87,67,63
87,67,64
87,67,65
87,68,62
87,68,63
87,68,64
87,69,62
87,69,63
87,69,64
87,70,62
87,70,63
87,70,64
87,71,62
87,71,63
87,71,64
87,72,62
87,72,63
87,72,64
87,100,58
87,100,59
87,101,58
87,101,59
87,101,60
87,101,61
87,102,58
87,102,59
87,102,60
87,102,61
87,103,57
87,103,58
87,103,59
87,103,60
87,103,61
87,104,58
87,104,59
87,104,60
87,104,61
87,104,62
87,105,56
87,105,57
87,105,58
87,105,59
87,105,60
87,105,61
87,105,62
87,106,59
87,106,60
87,106,61
87,106,62
87,106,63
87,107,58
87,107,59
87,107,60
87,107,61
87,107,62
87,107,63
87,108,60
87,108,61
87,108,62
87,108,63
87,108,64
87,109,60
87,109,61
87,109,62
87,109,63
87,109,64
87,109,65
87,110,60
87,110,61
87,110,62
87,110,63
87,110,64
88,59,64
88,59,65
88,59,66
88,60,64
88,60,65
88,60,66
88,61,63
88,61,64
88,61,65
88,61,66
88,62,64
88,62,65
88,62,66
88,62,67
88,63,63
88,63,64
88,63,65
88,63,66
88,64,62
88,64,63
88,64,64
88,64,65
88,64,66
88,65,61
88,65,62
88,65,63
88,65,64
88,65,65
88,66,62
88,66,63
88,66,64
88,67,62
88,67,63
88,68,62
88,68,63
88,69,61
88,69,62
88,101,58
88,101,59
88,101,60
88,102,58
88,102,59
88,103,56
88,103,57
88,103,58
88,103,59
88,104,58
88,104,59
88,104,60
88,105,56
88,105,57
88,105,58
88,105,59
88,105,60
88,106,56
88,106,57
88,106,58
88,106,59
88,106,60
88,106,61
88,106,62
88,107,56
88,107,57
88,107,58
88,107,59
88,107,60
88,107,61
88,108,57
88,108,58
88,108,59
88,108,60
88,108,61
88,108,62
88,109,58
88,109,59
88,109,60
88,109,61
88,109,62
88,109,63
88,110,58
88,110,59
88,110,60
88,110,61
88,110,62
88,110,63
89,59,64
89,59,65
89,59,66
89,60,63
89,60,64
89,60,65
89,60,66
89,61,62
89,61,63
89,61,64
89,61,65
89,62,63
89,62,64
89,62,65
89,62,66
89,63,62
89,63,63
89,63,64
89,63,65
89,64,61
89,64,62
89,64,63
89,64,64
89,65,61
89,65,62
89,65,63
89,66,61
89,66,62
89,66,63
89,66,64
89,67,61
89,67,62
89,104,58
89,104,59
89,105,56
89,105,57
89,106,57
89,106,58
89,106,59
89,106,60
89,107,56
89,107,57
89,107,58
89,107,59
89,108,56
89,108,57
89,108,58
89,108,59
89,108,60
89,108,61
89,109,57
89,109,58
89,109,59
89,109,60
89,109,61
89,110,57
89,110,58
89,110,59
89,110,60
89,110,61
90,59,63
90,59,64
90,59,65
90,60,62
90,60,63
90,60,64
90,60,65
90,61,62
90,61,63
90,61,64
90,62,61
90,62,62
90,62,63
90,62,64
90,62,65
90,63,61
90,63,62
90,63,63
90,63,64
90,64,60
90,64,61
90,64,62
90,64,63
90,65,60
90,65,61
90,65,62
90,66,61
90,66,62
90,66,63
90,108,56
90,108,57
90,108,58
90,109,57
90,109,58
90,109,59
90,109,60
90,110,57
90,110,58
90,110,59
91,59,62
91,59,63
91,59,64
91,59,65
91,60,61
91,60,62
91,60,63
91,60,64
91,61,61
91,61,62
91,61,63
91,62,60
91,62,61
91,62,62
91,62,63
91,62,64
91,63,60
91,63,61
91,63,62
91,63,63
91,64,60
91,64,61
91,64,62
91,65,60
92,59,61
92,59,62
92,59,63
92,59,64
92,60,60
92,60,61
92,60,62
92,60,63
92,61,60
92,61,61
92,61,62
92,61,63
92,62,60
92,62,61
92,62,62
92,63,59
92,63,60
92,63,61
92,63,62
92,64,59
92,64,60
92,64,61
93,59,60
93,59,61
93,59,62
93,59,63
93,60,60
93,60,61
93,60,62
93,61,60
93,61,61
93,61,62
93,62,59
93,62,60
93,62,61
93,63,58
93,63,59
93,63,60
93,63,61
94,59,60
94,59,61
94,59,62
94,60,58
94,60,59
94,60,60
94,60,61
94,61,59
94,61,60
94,62,59
94,63,58
95,59,59
95,59,60
95,59,61
95,60,58
95,60,59
95,60,60
95,60,61
95,61,58
95,61,59
95,61,60
96,59,58
96,59,59
96,59,60
96,59,61
96,60,57
96,60,58
96,60,59
96,61,58
97,59,57
97,59,58
97,59,59
97,59,60
97,60,57
97,60,58
98,59,57
98,59,58
98,59,59
99,59,57
