"x","y","z"
62,69,39
62,69,40
62,69,41
62,69,42
62,72,38
62,72,39
62,73,39
63,69,38
63,69,39
63,69,40
63,69,41
63,69,42
63,69,43
63,70,39
63,70,40
63,70,41
63,71,39
63,71,40
63,71,41
63,71,42
63,72,37
63,72,38
63,72,39
63,72,40
63,72,41
63,73,38
63,73,39
63,73,40
63,73,41
64,66,42
64,66,43
64,68,40
64,68,41
64,68,42
64,69,38
64,69,39
64,69,40
64,69,41
64,69,42
64,69,43
64,69,44
64,70,38
64,70,39
64,70,40
64,70,41
64,70,42
64,70,43
64,71,38
64,71,39
64,71,40
64,71,41
64,71,42
64,71,43
64,71,44
64,72,37
64,72,38
64,72,39
64,72,40
64,72,41
64,72,42
64,73,38
64,73,39
64,73,40
64,73,41
64,73,42
65,65,42
65,65,43
65,66,41
65,66,42
65,66,43
65,66,45
65,67,42
65,67,43
65,67,44
65,67,45
65,67,46
65,68,39
65,68,40
65,68,41
65,68,42
65,68,43
65,68,44
65,69,39
65,69,40
65,69,41
65,69,42
65,69,43
65,69,44
65,69,45
65,70,37
65,70,38
65,70,39
65,70,40
65,70,41
65,70,42
65,70,43
65,70,44
65,71,38
65,71,39
65,71,40
65,71,41
65,71,42
65,71,43
65,71,44
65,71,45
65,72,37
65,72,38
65,72,39
65,72,40
65,72,41
65,72,42
65,72,43
65,72,44
65,73,38
65,73,39
65,73,40
65,73,41
65,73,42
65,73,43
65,74,39
65,74,40
65,75,39
65,75,40
65,75,41
65,75,42
66,64,44
66,65,41
66,65,42
66,65,43
66,65,44
66,66,41
66,66,42
66,66,43
66,66,44
66,66,45
66,66,46
66,67,41
66,67,42
66,67,43
66,67,44
66,67,45
66,67,46
66,67,47
66,68,39
66,68,40
66,68,41
66,68,42
66,68,43
66,68,44
66,68,45
66,68,46
66,69,39
66,69,40
66,69,41
66,69,42
66,69,43
66,69,44
66,69,45
66,70,37
66,70,38
66,70,39
66,70,40
66,70,41
66,70,42
66,70,43
66,70,44
66,71,38
66,71,39
66,71,40
66,71,41
66,71,42
66,71,43
66,71,44
66,71,45
66,71,46
66,72,37
66,72,38
66,72,39
66,72,40
66,72,41
66,72,42
66,72,43
66,72,44
66,72,45
66,73,38
66,73,39
66,73,40
66,73,41
66,73,42
66,73,43
66,73,44
66,73,45
66,74,38
66,74,39
66,74,40
66,74,41
66,75,38
66,75,39
66,75,40
66,75,41
66,75,42
66,75,43
67,64,43
67,64,44
67,65,41
67,65,42
67,65,43
67,65,44
67,65,45
67,66,41
67,66,42
67,66,43
67,66,44
67,66,45
67,66,46
67,67,41
67,67,42
67,67,43
67,67,44
67,67,45
67,67,46
67,67,47
67,68,39
67,68,40
67,68,41
67,68,42
67,68,43
67,68,44
67,68,45
67,68,46
67,68,47
67,69,40
67,69,41
67,69,42
67,69,43
67,69,44
67,69,45
67,69,46
67,70,37
67,70,38
67,70,39
67,70,40
67,70,41
67,70,42
67,70,43
67,70,44
67,70,45
67,71,39
67,71,40
67,71,41
67,71,42
67,71,43
67,71,44
67,71,45
67,71,46
67,71,47
67,72,37
67,72,38
67,72,39
67,72,40
67,72,41
67,72,42
67,72,43
67,72,44
67,72,45
67,72,46
67,73,39
67,73,40
67,73,41
67,73,42
67,73,43
67,73,44
67,73,45
67,74,38
67,74,39
67,74,40
67,74,41
67,74,42
67,75,38
67,75,39
67,75,40
67,75,41
67,75,42
67,75,43
67,75,44
68,64,43
68,64,44
68,64,45
68,65,41
68,65,42
68,65,43
68,65,44
68,65,45
68,65,46
68,66,41
68,66,42
68,66,43
68,66,44
68,66,45
68,66,46
68,67,41
68,67,42
68,67,43
68,67,44
68,67,45
68,67,46
68,67,47
68,67,48
68,68,40
68,68,41
68,68,42
68,68,43
68,68,44
68,68,45
68,68,46
68,68,47
68,69,40
68,69,41
68,69,42
68,69,43
68,69,44
68,69,45
68,69,46
68,69,47
68,70,38
68,70,39
68,70,40
68,70,41
68,70,42
68,70,43
68,70,44
68,70,45
68,70,46
68,71,40
68,71,41
68,71,42
68,71,43
68,71,44
68,71,45
68,71,46
68,71,47
68,72,38
68,72,39
68,72,40
68,72,41
68,72,42
68,72,43
68,72,44
68,72,45
68,72,46
68,72,47
68,73,39
68,73,40
68,73,41
68,73,42
68,73,43
68,73,44
68,73,45
68,74,38
68,74,39
68,74,40
68,74,41
68,74,42
68,74,43
68,75,38
68,75,39
68,75,40
68,75,41
68,75,42
68,75,43
68,75,44
69,64,44
69,64,45
69,65,41
69,65,42
69,65,43
69,65,44
69,65,45
69,65,46
69,66,42
69,66,43
69,66,44
69,66,45
69,66,46
69,66,47
69,67,41
69,67,42
69,67,43
69,67,44
69,67,45
69,67,46
69,67,47
69,68,41
69,68,42
69,68,43
69,68,44
69,68,45
69,68,46
69,68,47
69,69,41
69,69,42
69,69,43
69,69,44
69,69,45
69,69,46
69,69,47
69,70,39
69,70,40
69,70,41
69,70,42
69,70,43
69,70,44
69,70,45
69,70,46
69,71,41
69,71,42
69,71,43
69,71,44
69,71,45
69,71,46
69,71,47
69,72,40
69,72,41
69,72,42
69,72,43
69,72,44
69,72,45
69,72,46
69,72,47
69,73,40
69,73,41
69,73,42
69,73,43
69,73,44
69,73,45
69,73,46
69,74,39
69,74,40
69,74,41
69,74,42
69,74,43
69,74,44
69,75,38
69,75,39
69,75,40
69,75,41
69,75,42
69,75,43
69,75,44
70,64,44
70,64,45
70,65,41
70,65,42
70,65,43
70,65,44
70,65,45
70,65,46
70,65,47
70,66,43
70,66,44
70,66,45
70,66,46
70,66,47
70,67,42
70,67,43
70,67,44
70,67,45
70,67,46
70,67,47
70,67,49
70,68,41
70,68,42
70,68,43
70,68,44
70,68,45
70,68,46
70,68,47
70,69,41
70,69,42
70,69,43
70,69,44
70,69,45
70,69,46
70,69,47
70,70,41
70,70,42
70,70,43
70,70,44
70,70,45
70,70,46
70,70,47
70,71,41
70,71,42
70,71,43
70,71,44
70,71,45
70,71,46
70,71,47
70,72,41
70,72,42
70,72,43
70,72,44
70,72,45
70,72,46
70,72,47
70,73,41
70,73,42
70,73,43
70,73,44
70,73,45
70,73,46
70,74,40
70,74,41
70,74,42
70,74,43
70,74,44
70,74,45
70,75,38
70,75,39
70,75,40
70,75,41
70,75,42
70,75,43
70,75,44
70,75,45
71,64,44
71,64,45
71,64,46
71,65,42
71,65,43
71,65,44
71,65,45
71,65,46
71,65,47
71,66,43
71,66,44
71,66,45
71,66,46
71,66,47
71,67,42
71,67,43
71,67,44
71,67,45
71,67,46
71,67,47
71,68,42
71,68,43
71,68,44
71,68,45
71,68,46
71,68,47
71,69,41
71,69,42
71,69,43
71,69,44
71,69,45
71,69,46
71,69,47
71,69,48
71,70,42
71,70,43
71,70,44
71,70,45
71,70,46
71,70,47
71,71,42
71,71,43
71,71,44
71,71,45
71,71,46
71,71,47
71,71,48
71,72,42
71,72,43
71,72,44
71,72,45
71,72,46
71,72,47
71,73,41
71,73,42
71,73,43
71,73,44
71,73,45
71,73,46
71,74,41
71,74,42
71,74,43
71,74,44
71,74,45
71,75,39
71,75,40
71,75,41
71,75,42
71,75,43
71,75,44
71,75,45
72,64,45
72,64,46
72,65,42
72,65,43
72,65,44
72,65,45
72,65,46
72,65,47
72,66,44
72,66,45
72,66,46
72,66,47
72,67,43
72,67,44
72,67,45
72,67,46
72,67,47
72,67,48
72,68,43
72,68,44
72,68,45
72,68,46
72,68,47
72,69,42
72,69,43
72,69,44
72,69,45
72,69,46
72,69,47
72,69,48
72,70,43
72,70,44
72,70,45
72,70,46
72,70,47
72,70,48
72,71,42
72,71,43
72,71,44
72,71,45
72,71,46
72,71,47
72,71,48
72,72,42
72,72,43
72,72,44
72,72,45
72,72,46
72,72,47
72,73,41
72,73,42
72,73,43
72,73,44
72,73,45
72,73,46
72,73,47
72,74,42
72,74,43
72,74,44
72,74,45
72,75,40
72,75,41
72,75,42
72,75,43
72,75,44
72,75,45
73,65,43
73,65,44
73,65,45
73,65,46
73,65,47
73,66,44
73,66,45
73,66,46
73,66,47
73,67,44
73,67,45
73,67,46
73,67,47
73,67,48
73,68,44
73,68,45
73,68,46
73,68,47
73,68,48
73,69,43
73,69,44
73,69,45
73,69,46
73,69,47
73,69,48
73,70,43
73,70,44
73,70,45
73,70,46
73,70,47
73,70,48
73,71,43
73,71,44
73,71,45
73,71,46
73,71,47
73,72,43
73,72,44
73,72,45
73,72,46
73,72,47
73,73,42
73,73,43
73,73,44
73,73,45
73,73,46
73,74,42
73,74,43
73,74,44
73,74,45
73,75,41
73,75,42
73,75,43
73,75,44
73,75,45
74,65,45
74,65,46
74,66,45
74,66,46
74,66,47
74,67,45
74,67,46
74,67,47
74,68,45
74,68,46
74,68,47
74,69,44
74,69,45
74,69,46
74,69,47
74,70,44
74,70,45
74,70,46
74,70,47
74,71,44
74,71,45
74,71,46
74,72,43
74,72,44
74,72,45
74,72,46
74,73,44
74,73,45
74,73,46
74,74,43
74,74,44
74,75,43
75,66,46
75,69,45
75,69,46
75,70,44
75,70,45
75,70,46
75,71,45
75,71,46
75,72,43
75,72,44
75,72,45
75,72,46
76,66,46
76,70,45
76,70,46
76,72,44
76,72,45
76,72,46
77,65,46
77,66,45
77,66,46
77,66,47
77,67,45
77,67,46
77,67,47
77,68,46
77,68,47
77,69,46
77,69,47
77,70,44
77,70,45
77,70,46
77,70,47
77,71,44
77,71,45
77,71,46
77,72,44
77,72,45
77,72,46
77,73,44
77,73,45
78,65,44
78,65,45
78,65,46
78,66,45
78,66,46
78,66,47
78,66,48
78,67,44
78,67,45
78,67,46
78,67,47
78,67,48
78,68,45
78,68,46
78,68,47
78,68,48
78,69,45
78,69,46
78,69,47
78,69,48
78,70,44
78,70,45
78,70,46
78,70,47
78,71,43
78,71,44
78,71,45
78,71,46
78,71,47
78,72,43
78,72,44
78,72,45
78,72,46
78,72,47
78,73,43
78,73,44
78,73,45
78,73,46
78,74,43
78,74,44
79,64,46
79,64,47
79,65,43
79,65,44
79,65,45
79,65,46
79,65,47
79,66,44
79,66,45
79,66,46
79,66,47
79,66,48
79,67,43
79,67,44
79,67,45
79,67,46
79,67,47
79,67,48
79,68,42
79,68,43
79,68,44
79,68,45
79,68,46
79,68,47
79,68,48
79,69,42
79,69,43
79,69,44
79,69,45
79,69,46
79,69,47
79,69,48
79,70,42
79,70,43
79,70,44
79,70,45
79,70,46
79,70,47
79,71,42
79,71,43
79,71,44
79,71,45
79,71,46
79,71,47
79,72,42
79,72,43
79,72,44
79,72,45
79,72,46
79,72,47
79,73,42
79,73,43
79,73,44
79,73,45
79,73,46
79,74,42
79,74,43
79,74,44
79,74,45
79,75,43
79,75,44
80,64,45
80,64,46
80,64,47
80,65,42
80,65,43
80,65,44
80,65,45
80,65,46
80,65,47
80,66,43
80,66,44
80,66,45
80,66,46
80,66,47
80,66,48
80,67,42
80,67,43
80,67,44
80,67,45
80,67,46
80,67,47
80,67,48
80,68,43
80,68,44
80,68,45
80,68,46
80,68,47
80,68,48
80,69,43
80,69,44
80,69,45
80,69,46
80,69,47
80,69,48
80,70,43
80,70,44
80,70,45
80,70,46
80,70,47
80,70,48
80,71,42
80,71,43
80,71,44
80,71,45
80,71,46
80,71,47
80,71,48
80,72,41
80,72,42
80,72,43
80,72,44
80,72,45
80,72,46
80,72,47
80,73,40
80,73,41
80,73,42
80,73,43
80,73,44
80,73,45
80,73,46
80,74,39
80,74,40
80,74,41
80,74,42
80,74,43
80,74,44
80,74,45
80,75,39
80,75,40
80,75,41
80,75,42
80,75,43
80,75,44
80,75,45
80,76,39
80,76,40
80,76,41
80,76,42
80,76,43
80,76,44
80,77,39
80,77,40
80,77,41
80,77,42
80,77,43
80,78,40
80,78,41
80,78,42
81,64,45
81,64,46
81,65,42
81,65,43
81,65,44
81,65,45
81,65,46
81,65,47
81,66,42
81,66,43
81,66,44
81,66,45
81,66,46
81,66,47
81,67,42
81,67,43
81,67,44
81,67,45
81,67,46
81,67,47
81,68,41
81,68,42
81,68,43
81,68,44
81,68,45
81,68,46
81,68,47
81,68,48
81,69,41
81,69,42
81,69,43
81,69,44
81,69,45
81,69,46
81,69,47
81,70,41
81,70,42
81,70,43
81,70,44
81,70,45
81,70,46
81,70,47
81,70,48
81,71,41
81,71,42
81,71,43
81,71,44
81,71,45
81,71,46
81,71,47
81,71,48
81,72,41
81,72,42
81,72,43
81,72,44
81,72,45
81,72,46
81,72,47
81,73,40
81,73,41
81,73,42
81,73,43
81,73,44
81,73,45
81,73,46
81,74,41
81,74,42
81,74,43
81,74,44
81,74,45
81,75,40
81,75,41
81,75,42
81,75,43
81,75,44
81,75,45
82,64,44
82,64,45
82,64,46
82,65,42
82,65,43
82,65,44
82,65,45
82,65,46
82,65,47
82,66,42
82,66,43
82,66,44
82,66,45
82,66,46
82,66,47
82,67,42
82,67,43
82,67,44
82,67,45
82,67,46
82,67,47
82,68,41
82,68,42
82,68,43
82,68,44
82,68,45
82,68,46
82,68,47
82,68,48
82,69,41
82,69,42
82,69,43
82,69,44
82,69,45
82,69,46
82,69,47
82,70,40
82,70,41
82,70,42
82,70,43
82,70,44
82,70,45
82,70,46
82,70,47
82,71,40
82,71,41
82,71,42
82,71,43
82,71,44
82,71,45
82,71,46
82,71,47
82,72,39
82,72,40
82,72,41
82,72,42
82,72,43
82,72,44
82,72,45
82,72,46
82,72,47
82,73,39
82,73,40
82,73,41
82,73,42
82,73,43
82,73,44
82,73,45
82,74,39
82,74,40
82,74,41
82,74,42
82,74,43
82,74,44
82,75,39
82,75,40
82,75,41
82,75,42
82,75,43
82,75,44
82,75,45
83,64,44
83,64,45
83,65,41
83,65,42
83,65,43
83,65,44
83,65,45
83,65,46
83,66,41
83,66,42
83,66,43
83,66,44
83,66,45
83,66,46
83,67,40
83,67,41
83,67,42
83,67,43
83,67,44
83,67,45
83,67,46
83,68,40
83,68,41
83,68,42
83,68,43
83,68,44
83,68,45
83,68,46
83,68,47
83,69,39
83,69,40
83,69,41
83,69,42
83,69,43
83,69,44
83,69,45
83,69,46
83,69,47
83,70,39
83,70,40
83,70,41
83,70,42
83,70,43
83,70,44
83,70,45
83,70,46
83,70,47
83,71,39
83,71,40
83,71,41
83,71,42
83,71,43
83,71,44
83,71,45
83,71,46
83,71,47
83,72,39
83,72,40
83,72,41
83,72,42
83,72,43
83,72,44
83,72,45
83,72,46
83,73,39
83,73,40
83,73,41
83,73,42
83,73,43
83,73,44
83,73,45
83,74,39
83,74,40
83,74,41
83,74,42
83,74,43
83,74,44
83,75,39
83,75,40
83,75,41
83,75,42
83,75,43
83,75,44
83,75,45
84,64,44
84,64,45
84,65,41
84,65,42
84,65,43
84,65,44
84,65,45
84,66,41
84,66,42
84,66,43
84,66,44
84,66,45
84,66,46
84,67,41
84,67,42
84,67,43
84,67,44
84,67,45
84,67,46
84,68,40
84,68,41
84,68,42
84,68,43
84,68,44
84,68,45
84,68,46
84,68,47
84,69,40
84,69,41
84,69,42
84,69,43
84,69,44
84,69,45
84,69,46
84,69,47
84,70,39
84,70,40
84,70,41
84,70,42
84,70,43
84,70,44
84,70,45
84,70,46
84,70,47
84,71,39
84,71,40
84,71,41
84,71,42
84,71,43
84,71,44
84,71,45
84,71,46
84,72,39
84,72,40
84,72,41
84,72,42
84,72,43
84,72,44
84,72,45
84,73,38
84,73,39
84,73,40
84,73,41
84,73,42
84,73,43
84,73,44
84,74,38
84,74,39
84,74,40
84,74,41
84,74,42
84,74,43
84,74,44
84,75,39
84,75,40
84,75,41
84,75,42
84,75,43
84,75,44
84,75,45
85,65,41
85,65,42
85,65,43
85,65,44
85,65,45
85,66,41
85,66,42
85,66,43
85,66,44
85,66,45
85,67,40
85,67,41
85,67,42
85,67,43
85,67,44
85,67,45
85,68,40
85,68,41
85,68,42
85,68,43
85,68,44
85,68,45
85,68,46
85,69,39
85,69,40
85,69,41
85,69,42
85,69,43
85,69,44
85,69,45
85,69,46
85,70,38
85,70,39
85,70,40
85,70,41
85,70,42
85,70,43
85,70,44
85,70,45
85,70,46
85,71,38
85,71,39
85,71,40
85,71,41
85,71,42
85,71,43
85,71,44
85,71,45
85,72,38
85,72,39
85,72,40
85,72,41
85,72,42
85,72,43
85,72,44
85,73,38
85,73,39
85,73,40
85,73,41
85,73,42
85,73,43
85,73,44
85,74,37
85,74,38
85,74,39
85,74,40
85,74,41
85,74,42
85,74,43
85,75,39
85,75,40
85,75,41
85,75,42
85,75,43
85,75,44
86,65,41
86,65,42
86,65,43
86,65,44
86,66,40
86,66,41
86,66,42
86,66,43
86,66,44
86,67,39
86,67,40
86,67,41
86,67,42
86,67,43
86,67,44
86,67,45
86,68,39
86,68,40
86,68,41
86,68,42
86,68,43
86,68,44
86,68,45
86,68,46
86,69,38
86,69,39
86,69,40
86,69,41
86,69,42
86,69,43
86,69,44
86,69,45
86,69,46
86,70,38
86,70,39
86,70,40
86,70,41
86,70,42
86,70,43
86,70,44
86,70,45
86,70,46
86,71,37
86,71,38
86,71,39
86,71,40
86,71,41
86,71,42
86,71,43
86,71,44
86,71,45
86,72,37
86,72,38
86,72,39
86,72,40
86,72,41
86,72,42
86,72,43
86,72,44
86,72,45
86,73,37
86,73,38
86,73,39
86,73,40
86,73,41
86,73,42
86,73,43
86,74,37
86,74,38
86,74,39
86,74,40
86,74,41
86,74,42
86,74,43
86,75,39
86,75,40
86,75,41
86,75,42
86,75,43
87,65,41
87,65,42
87,65,43
87,66,40
87,66,41
87,66,42
87,66,43
87,67,39
87,67,40
87,67,41
87,67,42
87,67,43
87,67,44
87,67,45
87,68,38
87,68,39
87,68,40
87,68,41
87,68,42
87,68,43
87,68,44
87,68,45
87,69,37
87,69,38
87,69,39
87,69,40
87,69,41
87,69,42
87,69,43
87,69,44
87,69,45
87,70,36
87,70,37
87,70,38
87,70,39
87,70,40
87,70,41
87,70,42
87,70,43
87,70,44
87,70,45
87,71,36
87,71,37
87,71,38
87,71,39
87,71,40
87,71,41
87,71,42
87,71,43
87,71,44
87,72,36
87,72,37
87,72,38
87,72,39
87,72,40
87,72,41
87,72,42
87,73,36
87,73,37
87,73,38
87,73,39
87,73,40
87,73,41
87,73,42
87,74,37
87,74,38
87,74,39
87,74,40
87,74,41
87,74,42
87,75,39
87,75,40
87,75,41
87,75,42
87,75,43
88,69,40
88,69,41
88,69,42
88,70,39
88,70,40
88,70,41
88,70,42
88,70,43
88,70,44
88,71,39
88,71,40
88,71,41
88,72,40
88,72,41
88,73,39
88,73,40
88,73,41
88,75,40
88,75,41
88,75,42
89,70,43
